sh600010:1.120,1.130,1.130,1.110,112208018;
sh600048:15.850,15.950,15.950,15.600,45900468;
sh600053:25.080,25.380,25.490,24.860,3337203;
sh600061:11.860,11.980,12.000,11.810,10000000;
sh600063:3.490,3.570,3.570,3.450,27109338;
sh600071:9.130,9.110,9.150,9.040,1448600;
sh600076:3.710,3.760,3.770,3.690,6000992;
sh600077:3.010,3.070,3.100,2.970,8334765;
sh600078:5.060,5.300,5.340,5.020,40619911;
sh600079:20.200,21.280,21.480,19.780,39304807;
sh600081:10.640,10.820,10.850,10.580,2426278;
sh600082:3.430,3.490,3.510,3.410,5115300;
sh600090:4.030,4.020,4.030,3.950,16915545;
sh600101:6.100,6.170,6.200,6.090,2731596;
sh600111:8.870,9.130,9.220,8.800,40336067;
sh600113:6.260,6.470,6.530,6.180,9812057;
sh600115:4.130,4.230,4.230,4.110,32776939;
sh600120:9.600,9.790,9.810,9.550,19178288;
sh600146:11.060,11.470,11.940,10.780,23555135;
sh600151:4.270,4.290,4.340,4.210,4718820;
sh600156:4.300,4.330,4.340,4.260,4279023;
sh600160:6.880,6.980,7.010,6.850,17791472;
sh600161:33.920,34.430,34.560,33.600,9235493;
sh600162:2.000,2.030,2.040,1.990,8544995;
sh600169:2.030,2.060,2.080,2.020,13822823;
sh600175:1.030,1.060,1.070,1.020,68063706;
sh600197:12.710,13.090,13.130,12.700,6261825;
sh600199:4.960,5.050,5.100,4.950,6901377;
sh600200:7.350,7.240,7.350,7.190,16934105;
sh600203:8.830,9.150,9.180,8.830,15846801;
sh600206:12.440,12.710,12.780,12.400,22961821;
sh600207:4.120,4.170,4.200,4.100,4738600;
sh600208:3.200,3.280,3.330,3.200,95543164;
sh600213:7.690,7.720,7.760,7.590,4672988;
sh600218:8.970,9.080,9.160,8.700,6496544;
sh600221:1.480,1.490,1.500,1.470,69478429;
sh600223:6.480,6.840,6.980,6.450,26720473;
sh600226:2.840,2.880,3.030,2.770,226163298;
sh600227:3.140,3.210,3.240,3.110,21714360;
sh600235:4.500,4.580,4.620,4.490,3940841;
sh600236:4.330,4.330,4.370,4.300,2414985;
sh600242:7.560,7.620,7.640,7.430,24665785;
sh600246:7.000,6.840,7.010,6.790,13605020;
sh600262:17.400,17.380,17.850,17.100,1682931;
sh600266:6.780,6.830,6.830,6.760,7179710;
sh600267:17.330,17.340,17.620,16.800,70144552;
sh600268:11.000,12.430,12.430,10.810,141082745;
sh600278:9.000,9.100,9.130,8.920,1668000;
sh600279:3.680,3.690,3.700,3.660,1584250;
sh600283:10.100,10.180,10.290,9.910,3921195;
sh600285:8.410,8.590,8.600,8.360,6725403;
sh600288:11.020,11.080,11.130,10.960,2839091;
sh600291:7.020,7.110,7.110,7.010,4868970;
sh600293:2.710,2.740,2.750,2.690,7640632;
sh600300:3.410,3.610,3.650,3.360,116917035;
sh600310:4.040,3.970,4.130,3.910,15504866;
sh600311:2.390,2.350,2.400,2.290,21530471;
sh600313:4.000,4.490,4.490,3.950,187816493;
sh600317:2.130,2.140,2.140,2.120,5221690;
sh600322:2.510,2.540,2.550,2.500,11588200;
sh600323:20.500,20.570,20.700,20.350,6640915;
sh600326:6.870,7.000,7.010,6.840,15738725;
sh600336:5.770,5.660,5.790,5.510,22344339;
sh600337:4.110,4.150,4.160,4.060,8617457;
sh600338:7.730,7.900,7.930,7.690,5883644;
sh600339:2.650,2.690,2.720,2.640,30601168;
sh600351:5.180,5.210,5.210,5.130,5137082;
sh600353:5.200,5.320,5.340,5.170,5606535;
sh600354:4.020,4.140,4.220,4.010,15694494;
sh600355:3.130,3.170,3.170,3.090,8501900;
sh600360:7.600,7.740,7.770,7.560,33610142;
sh600363:13.850,14.190,14.240,13.730,6438953;
sh600366:5.940,6.220,6.430,5.920,75298463;
sh600371:13.820,15.510,15.510,13.720,34139503;
sh600375:4.320,4.480,4.510,4.320,4279230;
sh600381:4.650,4.730,4.730,4.630,3884355;
sh600392:6.830,7.050,7.080,6.820,27477235;
sh600393:2.840,2.830,2.850,2.810,11186600;
sh600398:6.210,6.250,6.290,6.190,4102467;
sh600419:11.530,12.120,12.150,11.530,7238470;
sh600425:3.960,4.000,4.010,3.940,32990571;
sh600429:5.230,5.450,5.460,5.220,9454336;
sh600449:14.680,14.480,14.740,14.300,15848990;
sh600455:23.850,24.140,24.180,23.630,877100;
sh600463:6.040,6.090,6.090,5.970,1339600;
sh600466:5.710,5.780,5.800,5.670,27307421;
sh600467:2.570,2.800,2.830,2.560,135694862;
sh600476:12.850,12.890,12.900,12.550,2112436;
sh600478:3.800,3.890,3.920,3.750,10594196;
sh600479:9.120,9.200,9.210,9.060,6127078;
sh600480:9.800,9.830,10.020,9.660,10320506;
sh600481:2.950,2.970,2.980,2.940,2805483;
sh600488:4.690,4.710,4.750,4.610,7159750;
sh600495:4.520,4.610,4.620,4.480,30607119;
sh600499:4.210,4.260,4.270,4.180,5909200;
sh600501:9.060,9.120,9.150,8.900,10720775;
sh600503:3.080,3.190,3.260,3.070,45542320;
sh600505:10.660,11.170,11.300,10.660,11715359;
sh600506:8.680,9.170,9.340,8.580,7771449;
sh600517:7.220,7.560,7.680,7.220,22512643;
sh600520:8.060,8.160,8.200,8.050,2468888;
sh600525:4.960,4.950,4.970,4.900,7393690;
sh600526:5.920,5.840,6.030,5.720,14899739;
sh600527:4.300,4.960,4.960,4.300,245987071;
sh600530:3.310,3.430,3.440,3.300,6992153;
sh600533:3.130,3.150,3.170,3.110,11488329;
sh600537:2.900,2.930,2.930,2.860,4220084;
sh600549:11.300,11.370,11.420,11.210,8405222;
sh600559:8.620,8.990,9.270,8.560,25350104;
sh600562:14.450,14.930,14.970,14.440,6792269;
sh600568:1.450,1.430,1.450,1.420,29558713;
sh600573:6.050,6.220,6.300,6.030,3899750;
sh600587:17.770,17.580,17.780,17.310,9473236;
sh600593:41.680,42.260,42.290,41.500,787100;
sh600596:0.000,8.490,0.000,0.000,0;
sh600601:3.390,3.470,3.530,3.360,28889839;
sh600602:7.530,7.600,7.620,7.440,10720644;
sh600603:5.500,5.270,5.500,5.170,20252765;
sh600604:7.170,7.180,7.250,7.080,11208507;
sh600613:7.100,7.160,7.180,7.030,3654268;
sh600623:5.360,5.460,5.460,5.340,6480924;
sh600624:8.410,8.430,8.450,8.310,10617964;
sh600626:5.070,5.090,5.100,5.020,5880380;
sh600628:11.850,11.500,11.940,11.500,5046400;
sh600630:7.540,7.560,7.590,7.440,5646822;
sh600638:5.060,5.150,5.160,5.060,1499498;
sh600639:13.660,13.110,13.660,12.870,2683524;
sh600640:18.230,18.320,18.540,17.910,8246178;
sh600641:18.550,19.010,19.430,18.500,11280896;
sh600644:4.910,4.940,4.960,4.880,1216565;
sh600645:20.450,20.250,20.450,19.810,9055347;
sh600647:12.700,12.850,12.870,12.560,823103;
sh600649:5.160,5.190,5.200,5.140,4487776;
sh600651:3.460,3.520,3.520,3.460,4893470;
sh600661:15.760,15.890,15.890,15.510,1057617;
sh600662:3.810,3.840,3.850,3.800,3087525;
sh600668:15.400,15.830,15.920,15.350,18368508;
sh603179:22.010,24.410,24.410,21.900,3543548;
sh600671:12.390,11.880,12.820,11.880,10721002;
sh600677:3.860,3.890,3.930,3.820,10088464;
sh600678:7.130,7.120,7.180,7.060,12523074;
sh600682:8.130,8.220,8.220,8.080,5986468;
sh600683:3.930,4.010,4.010,3.910,6549900;
sh600684:3.130,3.160,3.170,3.110,4003680;
sh600689:8.700,8.680,8.790,8.540,6515090;
sh600693:4.750,4.780,4.800,4.710,4899321;
sh600695:7.480,7.650,7.680,7.470,10887452;
sh600697:14.800,14.930,14.940,14.750,668000;
sh600706:8.600,8.660,8.690,8.260,9246245;
sh600708:3.020,3.050,3.050,3.010,5857407;
sh600711:4.020,4.070,4.090,3.990,10079017;
sh600712:5.230,5.370,5.440,5.160,23751560;
sh600716:3.600,3.610,3.630,3.590,3364700;
sh600719:4.600,4.550,4.600,4.520,2533443;
sh600724:4.350,4.490,4.560,4.260,35384694;
sh600730:4.300,4.370,4.380,4.280,2052227;
sh600734:3.390,3.400,3.410,3.320,11699410;
sh600736:5.170,5.230,5.260,5.130,6739765;
sh600737:8.170,8.570,8.600,8.130,41782266;
sh600744:2.360,2.420,2.420,2.330,13030543;
sh600746:5.830,5.930,5.940,5.780,2042927;
sh600748:5.280,5.210,5.290,5.180,17361789;
sh603893:51.960,54.450,54.850,51.800,4273551;
sh600755:6.220,6.280,6.280,6.190,7813414;
sh600756:18.940,19.050,19.120,18.760,6693838;
sh600764:27.340,27.300,27.560,26.860,1982838;
sh600770:4.510,4.760,4.780,4.510,16504036;
sh600771:12.590,12.520,12.590,12.330,4954406;
sh600773:5.670,5.710,5.720,5.610,4896050;
sh600777:1.740,1.740,1.750,1.720,62522881;
sh600783:12.980,13.230,13.320,12.920,5083071;
sh600784:4.230,4.310,4.310,4.200,1591800;
sh600785:14.510,14.650,14.730,14.490,358014;
sh600796:6.150,6.740,6.740,6.100,19501929;
sh600800:4.970,5.040,5.070,4.920,4101180;
sh600802:12.020,11.970,12.180,11.720,26500529;
sh600808:2.520,2.530,2.540,2.510,13866647;
sh600818:9.970,10.070,10.230,9.800,3699827;
sh600819:4.660,4.710,4.740,4.650,3085411;
sh600821:3.780,3.970,4.040,3.740,5378190;
sh600822:8.270,8.430,8.470,8.230,1453611;
sh600824:3.280,3.430,3.430,3.270,13394579;
sh600825:5.300,5.320,5.350,5.270,3599506;
sh600828:3.960,4.010,4.020,3.910,2753667;
sh600829:8.130,8.250,8.280,8.010,13493171;
sh600830:5.590,5.660,5.670,5.560,11554824;
sh600831:7.680,7.740,7.840,7.660,47599529;
sh600833:10.100,10.350,10.350,10.080,5116837;
sh600834:6.230,6.290,6.300,6.210,1077400;
sh600836:6.420,6.320,6.420,6.170,19562060;
sh600838:6.240,6.540,6.550,6.210,18432601;
sh600841:6.900,7.040,7.060,6.810,1384206;
sh600843:6.680,6.710,6.730,6.610,1438648;
sh600846:8.780,8.800,8.800,8.680,8793722;
sh600851:7.930,8.060,8.080,7.820,2231211;
sh600853:3.800,3.970,3.990,3.770,48501040;
sh600854:3.750,3.740,3.750,3.690,2474371;
sh600855:21.400,22.000,22.390,20.660,62622724;
sh600857:9.440,9.500,9.530,9.380,453754;
sh600860:3.380,3.340,3.380,3.300,2597535;
sh600861:10.620,11.050,11.070,10.620,1907527;
sh600862:13.450,13.480,13.550,13.200,14462208;
sh600864:6.330,6.370,6.370,6.290,10960840;
sh600865:6.130,6.110,6.170,6.010,4689000;
sh600866:5.190,5.320,5.350,5.170,20911402;
sh600867:11.820,11.820,11.900,11.730,13482196;
sh600868:3.190,3.210,3.230,3.170,15523495;
sh600869:4.700,4.790,5.080,4.580,132383092;
sh600871:1.960,1.950,1.970,1.930,26117800;
sh600874:6.890,6.920,6.940,6.850,4454217;
sh600876:13.680,13.980,14.100,13.550,5491047;
sh600879:7.000,7.230,7.250,6.950,83473485;
sh600880:3.930,4.090,4.140,3.930,24133481;
sh600882:24.430,27.120,27.120,24.350,5024144;
sh600885:29.700,29.910,30.180,29.380,4392047;
sh600888:4.220,4.270,4.280,4.210,5001603;
sh600889:5.760,5.830,5.890,5.710,2541397;
sh600894:7.860,7.920,8.030,7.690,23920465;
sh600898:6.220,7.350,7.350,6.090,19112378;
sh600917:6.330,6.470,6.480,6.330,3279886;
sh600959:3.620,3.650,3.650,3.610,5077949;
sh600962:8.440,8.660,9.130,8.340,17304870;
sh600965:7.340,7.610,7.680,7.340,5339752;
sh600966:7.200,7.250,7.360,7.130,11346657;
sh600973:4.040,4.230,4.260,4.010,31548176;
sh600976:16.020,16.030,16.110,15.800,2172507;
sh600980:12.040,12.230,12.300,11.960,1824800;
sh600981:3.430,3.570,3.710,3.360,16507031;
sh600982:2.720,2.740,2.740,2.700,1778900;
sh600983:5.200,5.410,5.480,5.100,15940103;
sh600986:4.250,4.340,4.440,4.200,105436996;
sh600988:8.370,8.350,8.430,8.270,48246659;
sh600990:38.580,39.100,39.200,38.320,1001281;
sh600992:6.180,6.280,6.280,6.120,1176708;
sh601002:6.430,6.450,6.500,6.300,27228049;
sh601008:3.450,3.450,3.460,3.420,8621556;
sh601016:2.190,2.210,2.210,2.170,15047711;
sh601069:13.980,14.090,14.120,13.820,10766651;
sh601100:69.220,68.800,69.220,67.230,3342177;
sh601106:2.600,2.600,2.610,2.580,19859704;
sh601118:5.030,5.260,5.310,5.000,51055043;
sh601126:6.450,7.190,7.190,6.360,29389576;
sh601168:5.600,5.630,5.640,5.580,10487798;
sh601199:4.100,4.110,4.250,4.050,20107747;
sh601222:5.000,5.120,5.130,4.970,11825861;
sh601226:4.000,4.140,4.280,3.990,9515792;
sh601233:12.130,12.320,12.440,12.000,15174628;
sh601311:8.510,8.670,8.670,8.500,4260300;
sh601339:3.380,3.390,3.400,3.360,2711600;
sh601388:1.610,1.620,1.620,1.590,15218136;
sh601515:6.350,6.380,6.400,6.270,4074805;
sh601567:7.630,7.800,7.810,7.580,10359654;
sh601608:3.290,3.400,3.450,3.270,22183760;
sh601616:3.190,3.460,3.540,3.160,81955407;
sh601677:10.160,10.180,10.190,10.090,3530713;
sh601689:20.030,20.800,20.850,19.800,11596581;
sh601700:5.760,5.900,5.980,5.700,24287599;
sh601727:4.890,4.900,4.980,4.870,24927711;
sh601789:5.290,5.560,5.560,5.220,83727122;
sh601799:97.990,98.280,99.710,96.710,2027426;
sh601818:3.560,3.600,3.600,3.550,89457197;
sh601866:1.990,1.990,2.000,1.970,32129901;
sh601958:6.010,6.060,6.090,6.000,8597392;
sh601968:4.430,4.510,4.550,4.390,2266900;
sh601996:2.670,2.700,2.710,2.650,8076407;
sh603002:4.260,4.350,4.350,4.230,6099569;
sh603003:9.800,9.570,10.180,9.360,54604107;
sh603006:9.960,10.060,10.140,9.870,688736;
sh603009:6.950,7.110,7.160,6.950,5936756;
sh603010:12.980,12.930,13.080,12.740,6556940;
sh603015:5.700,5.760,5.780,5.630,1002200;
sh603017:10.810,10.910,11.190,10.700,5742080;
sh603018:14.980,14.650,14.980,14.500,8920393;
sh603020:9.400,10.510,10.510,9.330,24232983;
sh603021:5.650,5.740,5.760,5.600,1492520;
sh603022:19.240,18.670,19.500,18.620,3928650;
sh603023:5.060,5.280,5.280,5.020,15919802;
sh603025:7.870,7.990,7.990,7.750,3597126;
sh603085:6.100,6.200,6.200,6.050,2138010;
sh603088:9.070,9.250,9.250,9.010,1938972;
sh603099:7.840,7.860,7.900,7.730,1779818;
sh603108:10.800,10.740,10.880,10.560,10013294;
sh603111:8.020,8.180,8.200,7.860,29851386;
sh603116:6.930,7.020,7.030,6.850,1851040;
sh603117:3.600,3.620,3.640,3.570,4313860;
sh603123:8.770,8.720,8.770,8.450,4472803;
sh603126:4.460,4.490,4.500,4.410,4985200;
sh603158:19.180,19.360,19.550,18.910,3518735;
sh603168:8.200,8.180,8.260,8.100,2321625;
sh603222:47.370,46.980,47.370,46.800,1399338;
sh603227:3.950,3.990,3.990,3.860,3904264;
sh603268:13.510,13.680,13.790,13.410,619620;
sh603299:6.250,6.430,6.480,6.210,8762508;
sh603300:6.580,6.530,6.580,6.450,7491800;
sh603308:14.330,14.600,14.630,14.250,3397568;
sh603318:7.200,7.220,7.290,7.110,6478100;
sh603333:8.240,8.350,8.390,8.150,18666715;
sh603366:5.790,6.280,6.410,5.770,42454588;
sh603456:21.300,21.500,21.660,20.600,8514304;
sh603508:53.700,54.150,54.580,53.600,1495129;
sh603519:12.150,12.000,12.250,11.940,1328440;
sh603566:17.910,19.290,19.580,17.800,7503535;
sh603568:30.000,30.670,30.690,29.650,2584788;
sh603600:12.780,12.560,12.890,12.520,4505516;
sh603601:12.960,12.900,13.110,12.680,39734887;
sh603609:14.150,15.490,15.490,14.030,29438699;
sh603611:17.380,17.270,17.380,17.100,1329631;
sh603616:7.150,7.210,7.230,7.120,1662700;
sh603618:5.720,5.980,5.980,5.680,13848500;
sh603688:22.050,22.290,22.970,21.920,5471123;
sh603703:18.300,17.870,18.570,17.770,4551959;
sh603789:13.220,13.260,13.360,13.100,6326525;
sh603800:10.970,11.190,11.240,10.960,2094939;
sh603808:10.810,11.040,11.040,10.800,2400162;
sh603818:6.870,6.820,6.930,6.750,906500;
sh603838:7.620,7.670,7.690,7.550,579100;
sh603918:12.540,12.560,12.610,12.350,6457962;
sh603936:18.380,18.590,18.650,18.100,3890900;
sh603968:13.550,13.740,13.840,13.500,1795202;
sh603989:24.200,25.350,25.420,24.090,3352614;
sh603997:8.750,8.800,8.830,8.610,20164043;
sh603998:6.890,6.900,6.910,6.830,3857940;
sh603999:5.850,5.980,5.980,5.810,6555300;
sh600127:9.740,11.240,11.240,9.390,260349314;
sh603377:16.400,15.410,16.400,15.330,8151602;
sh601900:9.980,10.360,10.380,9.980,7605819;
sh603919:14.290,14.590,14.600,14.110,3523924;
sh603861:8.290,8.630,8.650,8.190,4907400;
sh603028:11.540,11.800,11.930,11.410,2587891;
sh603798:9.910,9.890,9.960,9.830,1814025;
sh603701:10.570,10.700,10.760,10.430,2452638;
sh603726:12.950,12.920,12.990,12.740,5516868;
sh603528:7.870,8.400,8.590,7.780,19175009;
sh603339:13.180,13.590,13.790,13.040,4218002;
sh603131:17.420,17.400,17.880,17.210,7080398;
sh603016:24.280,25.420,25.780,24.010,3869078;
sh603069:10.750,10.800,10.920,10.420,5922095;
sh600936:3.800,3.840,3.840,3.790,4124800;
sh601997:7.590,7.590,7.600,7.540,9732651;
sh601595:13.240,13.460,13.520,13.050,4493710;
sh603515:23.700,23.900,23.930,23.520,1084219;
sh603843:4.470,4.500,4.550,4.430,9459280;
sh601163:13.300,13.690,13.700,13.280,4179294;
sh603393:44.540,43.550,45.300,43.400,5633660;
sh603738:24.970,25.080,26.000,24.110,14843406;
sh601128:6.920,6.870,6.930,6.830,16039001;
sh603313:19.960,20.140,20.270,19.620,4771717;
sh600926:7.620,7.640,7.650,7.600,6661775;
sh603888:24.810,25.150,25.290,24.300,11127746;
sh603060:21.890,22.060,22.280,21.740,1252649;
sh603633:10.800,10.980,11.030,10.750,1846325;
sh603987:11.670,11.650,11.830,11.410,7296534;
sh603336:15.850,16.800,17.000,15.850,13907296;
sh603660:11.120,11.290,11.310,11.030,5013404;
sh603559:23.080,23.400,23.580,22.510,15649757;
sh603033:31.030,30.950,31.370,30.250,2755283;
sh603389:3.960,4.050,4.050,3.940,2009491;
sh603058:7.180,7.140,7.300,7.050,3291800;
sh603886:16.400,16.870,16.940,16.350,4854154;
sh603239:12.430,12.710,12.880,12.330,5287449;
sh601375:4.790,4.840,4.850,4.770,13298679;
sh603035:11.300,11.450,11.500,11.260,4317000;
sh603032:19.420,19.350,19.710,19.180,3874556;
sh603877:15.300,15.700,15.770,15.290,1208114;
sh603689:10.450,10.550,10.550,10.450,1542549;
sh603579:31.340,31.000,31.580,30.860,2409898;
sh603639:27.130,27.900,28.350,27.070,2830073;
sh601858:9.400,9.610,9.700,9.310,3626138;
sh603638:40.500,40.800,41.360,39.800,1651330;
sh603429:36.550,35.570,36.550,35.310,3238100;
sh603966:10.190,10.210,10.340,10.070,2485543;
sh603089:11.970,12.530,12.530,11.810,3350871;
sh603360:28.580,29.160,29.290,28.510,3159933;
sh603677:10.490,10.270,10.490,10.170,782300;
sh603637:13.610,13.910,14.150,13.430,1056518;
sh601212:2.850,2.830,2.850,2.820,16513600;
sh603603:6.290,6.320,6.380,6.200,2879800;
sh603817:5.860,5.900,5.920,5.810,1367200;
sh603717:7.870,8.050,8.080,7.800,3285926;
sh603656:13.020,13.130,13.190,12.940,603000;
sh603133:17.210,17.450,17.490,17.150,2258200;
sh603811:25.700,25.580,25.700,25.050,2053615;
sh603955:17.510,17.680,17.730,17.250,1109311;
sh603908:22.560,22.650,22.720,22.400,319700;
sh603991:24.760,26.400,26.930,24.700,3148900;
sh603578:19.150,19.260,19.340,18.800,592363;
sh601366:6.230,6.180,6.310,6.050,16001600;
sh603787:11.520,11.570,11.610,11.420,1640700;
sh603320:16.350,16.370,16.420,16.170,2561700;
sh603906:9.740,9.740,9.800,9.630,6307169;
sh603586:16.450,16.450,16.480,16.280,615000;
sh603538:35.800,36.720,36.900,34.880,6616213;
sh603385:10.050,10.170,10.210,10.030,3929115;
sh603178:7.940,8.120,8.130,7.850,1702300;
sh603238:33.070,33.790,34.100,32.230,2150710;
sh603229:30.940,30.870,31.700,30.160,898792;
sh603728:11.780,12.030,12.090,11.720,2360490;
sh603896:27.910,28.120,28.150,27.550,741032;
sh603488:9.290,9.300,9.500,9.170,7576908;
sh603197:25.380,25.630,25.750,25.380,1579000;
sh603580:12.080,12.120,12.250,11.860,1033228;
sh603200:65.890,75.490,75.490,65.890,3347528;
sh603042:18.400,18.840,18.960,18.150,7829990;
sh603536:14.940,15.610,16.200,14.510,21462057;
sh603326:20.490,18.180,20.490,18.170,9876127;
sh603316:12.100,12.540,12.640,11.900,7115891;
sh603335:4.130,4.210,4.230,4.110,4937479;
sh603380:17.180,17.810,17.950,17.100,3091629;
sh603286:15.170,15.500,15.560,15.170,1119200;
sh603938:23.280,24.400,24.730,22.940,3172280;
sh603331:16.570,16.900,16.940,16.520,864304;
sh603933:14.000,14.030,14.180,13.800,5397444;
sh603595:28.590,28.850,29.130,28.550,2239016;
sh603612:10.300,10.500,10.560,10.210,1959034;
sh603676:11.700,11.630,11.900,11.450,8645820;
sh603063:8.380,8.370,8.410,8.280,1603329;
sh603233:64.280,67.370,68.000,63.690,2597109;
sh603357:10.730,10.630,10.890,10.500,9966267;
sh603860:26.920,26.910,27.050,26.500,428300;
sh603880:14.410,14.480,14.560,13.950,3778465;
sh603776:17.870,18.190,18.300,17.820,2963017;
sh603976:16.280,16.880,17.600,16.030,3852950;
sh603079:43.560,46.300,46.390,43.500,3697121;
sh603725:6.530,6.680,6.710,6.500,1472130;
sh603813:17.540,17.400,17.540,17.230,543500;
sh603136:24.670,24.810,25.400,24.200,1676012;
sh603378:34.000,34.110,35.240,32.610,3262142;
sh603367:17.390,17.740,17.780,17.190,5566620;
sh603103:14.130,14.270,14.510,14.050,1836820;
sh603110:14.880,14.930,15.060,14.750,1295300;
sh603499:14.500,14.920,15.130,14.470,2274220;
sh603829:9.900,10.080,10.100,9.830,1192000;
sh603722:27.800,27.560,27.800,27.200,1320400;
sh603659:68.350,70.400,70.440,68.130,3719918;
sh603076:20.810,21.340,21.360,20.810,307788;
sh603661:34.800,35.160,35.160,34.310,428500;
sh601019:6.270,6.330,6.330,6.250,2608975;
sh603890:18.010,17.600,18.950,17.510,12968855;
sh603477:12.630,12.930,13.300,12.500,8786609;
sh603895:18.820,20.300,20.350,18.760,3239998;
sh603516:38.380,39.150,39.310,38.110,1413379;
sh603871:27.860,27.730,27.970,27.460,567039;
sh603709:30.400,30.930,31.270,30.250,643679;
sh603712:28.200,28.500,28.730,27.880,7911155;
sh603059:25.990,26.320,26.530,25.840,2002804;
sh600929:6.080,6.310,6.330,6.070,15336500;
sh603897:16.500,16.750,16.780,16.300,1060800;
sh603301:39.760,39.480,39.790,38.780,5231241;
sh603773:31.040,31.200,31.350,30.800,793300;
sh603666:99.240,100.000,101.990,98.900,709867;
sh601990:14.200,14.360,14.460,14.150,53950068;
sh603713:60.280,60.690,61.400,59.050,1621200;
sh601606:9.800,9.780,9.850,9.630,11990983;
sh603590:38.080,37.820,38.500,37.000,7545812;
sh603192:23.970,24.190,24.280,23.800,605800;
sh601068:4.210,4.250,4.250,4.180,5324100;
sh603297:31.450,31.940,31.950,31.020,780000;
sh603790:12.800,12.950,12.970,12.710,1499920;
sh603583:46.680,46.160,46.680,45.600,2107325;
sh601975:2.570,2.540,2.590,2.520,59038607;
sh603629:23.500,23.040,24.380,23.000,3399456;
sh603185:37.570,37.700,37.860,36.680,2690884;
sh601298:5.590,5.600,5.600,5.560,5201900;
sh603700:37.400,37.750,37.900,37.000,1539828;
sh601615:10.360,10.880,11.080,10.340,28421304;
sh601865:11.400,12.020,12.070,11.300,16110478;
sh603317:46.240,48.700,48.980,46.240,4732243;
sh603697:12.670,13.620,13.860,12.650,10191727;
sh603982:16.410,16.530,16.780,16.180,4973390;
sh603327:25.020,25.010,25.060,24.750,1697921;
sh603915:13.550,13.360,13.650,13.260,4577923;
sh601236:19.280,19.410,19.440,19.050,20624402;
sh603530:20.120,20.940,21.590,20.110,6538881;
sh603115:17.000,17.100,17.120,16.870,1209131;
sh603992:16.400,16.680,16.850,16.400,1928300;
sh603755:49.170,51.850,52.300,48.830,1010754;
sh600000:10.020,10.070,10.070,9.980,15802441;
sh600004:14.360,14.630,14.710,14.270,8905095;
sh600006:4.010,4.050,4.090,3.980,10827869;
sh600007:13.580,14.150,14.240,13.450,4709337;
sh600008:3.230,3.230,3.240,3.210,12597057;
sh600009:66.280,67.280,67.280,65.000,8420444;
sh600011:4.190,4.200,4.230,4.160,20670265;
sh600012:5.130,5.160,5.170,5.100,1476161;
sh600015:6.400,6.410,6.410,6.360,10721875;
sh600016:5.700,5.700,5.700,5.670,69386296;
sh600017:2.440,2.440,2.450,2.410,7049425;
sh600018:4.260,4.280,4.280,4.230,12265293;
sh600019:4.820,4.830,4.840,4.790,30651837;
sh600020:3.790,3.800,3.810,3.770,6960450;
sh600021:7.370,7.430,7.430,7.280,2696570;
sh600023:3.400,3.410,3.420,3.380,6884074;
sh600026:9.680,8.840,9.750,8.780,65465175;
sh600027:3.420,3.510,3.520,3.380,19986412;
sh600028:4.520,4.510,4.530,4.480,77973682;
sh600029:5.130,5.230,5.230,5.100,41864618;
sh600030:23.000,23.190,23.240,22.900,58212017;
sh600031:19.300,19.500,19.580,19.150,49143921;
sh600033:2.750,2.750,2.750,2.720,4961800;
sh600035:3.150,3.160,3.170,3.130,9236240;
sh600036:32.450,32.730,32.750,32.330,27943538;
sh600037:8.630,8.730,8.750,8.610,6068100;
sh600038:43.810,43.680,43.990,43.330,3346116;
sh600050:5.250,5.290,5.290,5.240,69928465;
sh600054:8.670,8.730,8.820,8.650,4963400;
sh600055:17.020,17.180,17.190,16.570,16038632;
sh600056:15.730,15.650,15.730,15.400,30622786;
sh600057:5.210,5.580,5.740,5.200,71509146;
sh600059:7.880,8.020,8.270,7.860,14247159;
sh600060:9.630,9.670,9.670,9.460,8411986;
sh600062:13.000,13.020,13.050,12.810,6615166;
sh600064:8.270,8.350,8.360,8.230,5543417;
sh600066:12.300,12.640,12.690,12.150,14394309;
sh600068:6.770,6.750,6.810,6.690,38818504;
sh600072:11.520,11.900,12.290,11.350,22631105;
sh600073:8.440,8.900,8.960,8.420,39839586;
sh600075:4.720,4.770,4.790,4.700,3347475;
sh600085:24.900,25.000,25.080,24.720,3489290;
sh600089:7.660,8.060,8.190,7.630,119743036;
sh600093:12.900,13.050,13.120,12.760,20415427;
sh600097:9.740,9.910,9.950,9.630,3784976;
sh600098:6.080,6.220,6.290,6.060,10568219;
sh600100:8.120,8.330,8.410,8.080,35589927;
sh600104:18.500,18.550,18.560,18.380,16058585;
sh600105:4.500,4.570,4.570,4.480,12424796;
sh600106:2.860,2.860,2.870,2.830,5053934;
sh600109:9.180,9.310,9.330,9.160,30418811;
sh600114:9.000,9.100,9.160,8.950,10980154;
sh600116:8.490,8.640,8.870,8.420,9448044;
sh600118:34.800,35.300,35.780,34.700,25521114;
sh600125:4.760,4.790,4.810,4.740,5961392;
sh600126:7.940,8.010,8.140,7.820,54881221;
sh600129:13.280,13.420,13.480,13.000,4753251;
sh600131:20.020,20.170,20.360,19.920,8151937;
sh600132:50.980,50.900,51.280,49.700,3064512;
sh600133:6.700,7.000,7.220,6.490,56628749;
sh600138:9.970,10.190,10.240,9.940,14008965;
sh600141:9.380,9.500,9.530,9.340,7908569;
sh600143:10.400,10.260,10.590,10.130,88663145;
sh600150:18.670,19.450,20.080,18.450,23508813;
sh600153:8.030,7.920,8.040,7.830,17995137;
sh600158:8.300,8.340,8.340,8.240,4880441;
sh600170:3.300,3.340,3.370,3.290,50555158;
sh600171:17.100,17.250,17.360,16.980,12902133;
sh600176:8.150,8.360,8.390,8.120,20280188;
sh600177:6.410,6.440,6.450,6.370,7833494;
sh600183:30.780,30.840,31.260,30.180,20464473;
sh600195:12.870,13.670,13.790,12.810,25614395;
sh600196:37.000,37.100,37.390,36.690,40048004;
sh600216:16.690,17.950,18.100,16.530,48757197;
sh600217:5.300,5.350,5.440,5.270,17973236;
sh600219:2.060,2.080,2.080,2.050,30945438;
sh600233:11.260,11.600,11.670,11.170,17437310;
sh600252:3.610,3.590,3.650,3.530,52029173;
sh600256:2.540,2.540,2.550,2.510,20279649;
sh600258:14.430,15.020,15.020,14.300,13520543;
sh600260:14.750,15.300,15.550,14.480,93504420;
sh600261:3.580,3.630,3.630,3.550,6960723;
sh600269:3.530,3.540,3.550,3.520,4036261;
sh600271:19.700,19.720,19.810,19.510,13450974;
sh600276:95.290,97.500,97.500,94.110,17745049;
sh600284:6.830,6.910,6.930,6.810,12146978;
sh601658:5.180,5.150,5.180,5.140,18207989;
sh600969:6.220,6.270,6.280,6.200,2519896;
sh600297:3.440,3.470,3.500,3.410,30933238;
sh600298:36.230,37.700,38.140,36.150,11594169;
sh600299:12.110,12.290,12.400,12.000,10904151;
sh600305:19.030,19.990,20.050,19.000,25066224;
sh600309:42.400,42.850,42.850,42.070,14134878;
sh600312:9.260,9.560,9.790,9.200,66462137;
sh600315:25.120,27.800,27.800,25.030,18601284;
sh600316:13.280,13.800,13.900,13.050,14687343;
sh600320:3.210,3.230,3.250,3.200,6279640;
sh600325:6.450,6.510,6.510,6.430,12118415;
sh600332:30.630,30.960,30.970,30.510,6064754;
sh600340:20.960,21.300,21.320,20.850,6351332;
sh600343:8.320,8.390,8.420,8.210,5153193;
sh600345:20.650,20.820,20.870,20.510,2315162;
sh600350:4.320,4.320,4.410,4.290,7854026;
sh600352:11.790,12.080,12.280,11.770,57624890;
sh600361:3.970,4.130,4.180,3.910,22062500;
sh600362:12.800,12.870,12.870,12.690,9061016;
sh600369:4.450,4.510,4.510,4.440,11655372;
sh600372:13.430,13.500,13.580,13.330,4022940;
sh600376:6.560,6.600,6.600,6.490,3337819;
sh600377:10.090,10.000,10.140,9.950,5474776;
sh600380:12.570,12.840,12.930,12.510,17629656;
sh600383:13.220,13.240,13.280,12.830,24364555;
sh600388:8.840,9.020,9.060,8.840,6206553;
sh600390:7.160,7.190,7.220,7.130,7079700;
sh600391:18.600,18.810,18.980,18.350,10864778;
sh600406:20.780,21.230,21.560,20.620,21044536;
sh600410:12.800,12.840,12.940,12.630,79069882;
sh600418:4.900,4.880,4.910,4.820,9326254;
sh600420:10.300,10.230,10.400,10.120,15536246;
sh600422:10.650,10.590,10.690,10.450,22632896;
sh600428:3.220,3.220,3.250,3.180,7177060;
sh600435:7.750,7.770,7.800,7.640,12775744;
sh600436:132.050,135.050,135.580,131.810,3515594;
sh600439:2.720,2.780,2.790,2.720,6882333;
sh600446:17.280,17.480,17.650,17.130,10460902;
sh600452:19.360,19.100,19.370,18.770,4528845;
sh600460:14.500,14.640,14.740,14.430,15076430;
sh600477:4.020,4.080,4.100,4.000,16963506;
sh600482:16.700,16.990,17.220,16.570,5940751;
sh600483:7.920,7.930,7.950,7.820,2978036;
sh600486:74.990,74.070,77.220,73.650,3966495;
sh600487:17.490,17.640,17.840,17.430,40376093;
sh600489:8.550,8.550,8.640,8.500,22933328;
sh600496:3.770,3.780,3.820,3.720,23025870;
sh600497:3.490,3.510,3.520,3.460,11494766;
sh600498:31.970,32.650,32.860,31.820,23333697;
sh600500:5.030,5.080,5.100,5.000,9728908;
sh600507:5.350,5.370,5.380,5.320,6966925;
sh600511:34.220,34.970,35.130,33.360,21848086;
sh600516:8.990,9.030,9.050,8.930,19207748;
sh600519:1206.000,1244.500,1249.500,1202.220,4403473;
sh600522:11.430,11.500,11.620,11.280,97931111;
sh600529:34.710,36.110,36.130,33.930,4573805;
sh600535:14.300,14.550,14.590,14.270,7398285;
sh600536:82.800,84.880,85.750,80.540,32338136;
sh600545:5.150,5.140,5.150,5.000,6934377;
sh600547:36.000,36.030,36.300,35.820,18880265;
sh600548:9.190,9.160,9.200,9.090,1922936;
sh600557:15.500,15.690,15.790,15.350,14325170;
sh600563:48.900,49.650,50.300,48.430,2170205;
sh600565:2.790,2.810,2.810,2.760,10374232;
sh600566:22.580,22.630,22.660,22.200,5883606;
sh600570:94.800,96.090,96.400,94.570,7098398;
sh600571:9.470,9.800,10.190,9.410,16899699;
sh600572:5.460,5.460,5.470,5.400,22880050;
sh600577:3.020,3.060,3.080,2.980,28878361;
sh600578:2.840,2.860,2.870,2.820,5761548;
sh600580:10.620,11.040,11.060,10.530,20307533;
sh600582:2.900,2.930,2.930,2.890,13897644;
sh600583:5.150,4.970,5.150,4.860,52444183;
sh600584:22.040,22.640,22.660,22.010,38410918;
sh600585:58.700,59.530,59.590,58.350,16842866;
sh600588:45.460,45.300,45.860,44.200,17403129;
sh600590:6.120,6.160,6.240,6.100,9722025;
sh600597:12.250,12.650,12.750,12.220,25016304;
sh600598:15.460,16.730,17.000,15.460,97569337;
sh600600:45.370,46.790,46.930,45.120,5184194;
sh600606:5.380,5.390,5.390,5.300,31595936;
sh600611:3.630,3.670,3.670,3.620,4100242;
sh600612:38.690,39.020,39.090,38.600,935000;
sh600616:4.600,4.710,4.710,4.570,6607688;
sh600618:7.580,7.580,7.630,7.450,3387089;
sh600619:8.030,8.130,8.130,7.500,1682600;
sh600622:3.570,3.610,3.620,3.530,10098580;
sh600633:9.490,9.830,9.960,9.430,28039151;
sh600635:4.100,4.100,4.110,4.060,8969623;
sh600637:9.080,9.120,9.130,9.020,6409883;
sh600642:5.280,5.280,5.290,5.250,4240002;
sh600643:7.660,7.790,7.800,7.650,8113820;
sh600648:14.290,14.260,14.290,14.180,2120420;
sh600650:8.760,8.810,8.830,8.710,1034626;
sh600655:7.350,7.400,7.420,7.250,5185953;
sh600657:3.640,3.670,3.690,3.620,7086545;
sh600658:4.450,4.540,4.580,4.410,4385149;
sh600660:18.920,18.810,18.920,18.710,8657795;
sh600663:10.890,10.900,10.920,10.770,2229301;
sh600667:10.350,10.700,10.750,10.320,43873990;
sh600674:8.660,8.670,8.730,8.620,5062461;
sh600685:14.700,14.850,15.300,14.350,18672576;
sh600686:6.090,6.170,6.180,6.070,2999280;
sh600688:4.300,4.220,4.340,4.130,33238088;
sh600690:14.620,14.860,14.900,14.540,24718390;
sh600699:19.610,19.980,20.100,19.460,18791254;
sh600702:23.110,23.800,23.960,23.020,8138709;
sh600703:20.160,20.640,20.720,20.050,59000716;
sh600704:4.640,4.660,4.670,4.610,10055733;
sh600705:3.910,3.950,3.980,3.900,21549357;
sh600713:4.530,4.550,4.560,4.470,5172297;
sh600717:5.360,5.340,5.360,5.310,4768626;
sh600718:11.710,11.820,11.880,11.600,10386134;
sh600720:15.580,15.630,15.950,15.410,36007553;
sh600723:5.510,5.610,5.620,5.490,8048521;
sh600728:9.760,10.080,10.090,9.590,78592806;
sh600729:27.260,27.340,27.350,27.220,4363055;
sh600733:5.480,5.620,5.640,5.400,21053125;
sh600741:20.020,20.130,20.190,19.840,11989072;
sh600743:2.160,2.190,2.200,2.160,6013024;
sh600745:96.860,97.230,98.760,95.780,13023107;
sh600749:8.460,8.520,8.630,8.360,1761648;
sh600750:11.930,11.970,11.980,11.820,2846978;
sh600754:25.530,26.240,26.240,25.260,2399193;
sh600760:31.200,31.380,31.650,30.670,8245692;
sh600761:9.390,9.610,9.660,9.350,5771839;
sh600763:115.000,118.600,119.480,113.010,3319114;
sh600765:8.800,8.900,8.910,8.690,6461147;
sh600775:8.320,8.410,8.450,8.250,6632587;
sh600776:17.120,17.490,18.190,17.050,16826545;
sh600779:44.060,45.270,45.390,43.780,3589876;
sh600787:4.410,4.510,4.530,4.390,16744227;
sh600789:10.220,10.110,10.240,9.940,53429712;
sh600790:3.100,3.110,3.120,3.080,5286910;
sh600794:3.410,3.400,3.470,3.330,29460226;
sh600795:2.000,2.020,2.020,2.000,42139306;
sh600797:9.320,9.430,9.440,9.210,32335123;
sh600798:3.180,3.180,3.210,3.140,10204738;
sh600801:26.340,26.330,26.580,26.050,14909748;
sh600803:9.200,9.330,9.470,9.150,7596813;
sh600804:7.220,7.590,7.730,7.120,232602765;
sh600805:4.360,4.380,4.390,4.330,3197591;
sh600809:96.880,99.600,101.140,96.180,5345682;
sh600812:10.900,11.560,11.560,10.700,170751227;
sh600814:4.900,4.980,5.000,4.880,5080484;
sh600816:0.000,2.500,0.000,0.000,0;
sh600820:5.650,5.720,5.740,5.640,9313682;
sh600823:4.120,4.080,4.120,4.050,6275892;
sh600826:10.120,10.150,10.190,10.020,930964;
sh600827:7.540,7.710,7.720,7.510,6062688;
sh600835:14.840,14.920,14.940,14.750,4282101;
sh600837:12.850,12.870,12.920,12.800,34996270;
sh600839:2.710,2.730,2.740,2.700,28348601;
sh600845:48.400,48.530,49.380,47.280,8967166;
sh600848:19.620,19.520,19.650,19.350,3107709;
sh600850:23.130,23.150,23.200,22.890,3779239;
sh600859:12.240,12.300,12.330,12.160,3235112;
sh600872:45.020,46.030,46.450,45.020,6317271;
sh600873:4.330,4.480,4.480,4.320,30373387;
sh600875:8.840,8.970,9.070,8.760,9273126;
sh600884:10.920,11.070,11.140,10.810,9724097;
sh600886:7.470,7.470,7.500,7.420,8031195;
sh600887:29.800,30.330,30.360,29.770,41391770;
sh603551:16.530,16.670,16.720,16.390,1775167;
sh600893:23.790,23.890,24.080,23.580,9026924;
sh600895:12.600,12.600,12.610,12.450,7202596;
sh600897:17.350,17.400,17.440,17.210,1080971;
sh600900:17.080,17.220,17.220,17.020,12213824;
sh600958:9.180,9.270,9.290,9.160,11543298;
sh600967:9.410,9.530,9.570,9.380,8198289;
sh600970:6.070,6.050,6.090,6.020,12812664;
sh600975:8.800,9.320,9.510,8.730,64004450;
sh600987:5.440,5.530,5.550,5.440,2821897;
sh600993:15.830,15.800,15.830,15.570,2546877;
sh600995:7.860,7.980,8.040,7.860,5597863;
sh600998:18.330,20.170,20.170,18.330,28340822;
sh600999:17.960,18.290,18.320,17.880,12950587;
sh601003:4.950,4.990,5.020,4.920,5929980;
sh601006:6.740,6.780,6.790,6.700,16206461;
sh601007:8.080,8.120,8.140,8.050,948400;
sh601009:7.420,7.370,7.420,7.360,18890651;
sh601010:3.080,3.160,3.170,3.080,8846217;
sh601012:27.140,28.150,28.350,27.140,48617148;
sh601018:3.400,3.390,3.420,3.370,18974394;
sh601021:33.000,33.990,33.990,32.820,5125895;
sh601038:6.160,6.500,6.600,6.110,26976944;
sh601088:15.280,15.380,15.450,15.200,14802904;
sh601099:3.240,3.280,3.280,3.220,50162014;
sh601107:3.700,3.720,3.770,3.650,12458075;
sh601111:6.660,6.900,6.920,6.650,44297872;
sh601116:12.780,13.320,13.590,12.680,11552071;
sh601117:6.030,6.080,6.110,6.010,17791493;
sh601137:11.780,11.780,11.850,11.660,2711500;
sh601139:7.170,7.200,7.240,7.060,6873823;
sh601158:5.300,5.360,5.390,5.270,3722317;
sh601166:15.800,15.800,15.820,15.680,36242225;
sh601169:4.710,4.720,4.730,4.690,37668890;
sh601186:9.960,9.970,10.000,9.880,58114739;
sh601198:10.680,10.760,10.770,10.630,8902760;
sh601211:16.630,16.780,16.790,16.590,14849988;
sh601216:2.720,2.820,2.820,2.710,61757579;
sh601231:17.030,17.420,17.430,17.000,12158781;
sh601238:9.800,9.790,9.800,9.690,11687401;
sh601288:3.410,3.420,3.430,3.400,84810504;
sh601360:20.300,20.400,20.490,20.130,27960093;
sh601318:72.000,72.070,72.070,71.480,37767315;
sh601328:5.140,5.140,5.150,5.110,39435681;
sh601333:2.350,2.370,2.380,2.330,16543157;
sh601336:42.980,43.230,43.280,42.550,5557740;
sh601377:5.990,6.030,6.030,5.960,22315553;
sh601390:5.840,5.870,5.870,5.770,48245258;
sh601398:5.070,5.090,5.100,5.050,87658356;
sh601519:7.500,7.600,7.600,7.450,22663847;
sh601555:7.710,7.820,7.820,7.710,19779522;
sh601579:7.750,7.810,7.850,7.680,1361170;
sh601588:2.700,2.720,2.730,2.670,9530900;
sh601600:2.860,2.890,2.900,2.860,23409940;
sh601601:28.440,28.920,28.970,28.400,12662096;
sh601607:20.020,19.790,20.020,19.650,27513527;
sh601618:2.570,2.580,2.590,2.570,24306749;
sh601628:27.730,27.930,28.100,27.660,9642941;
sh601633:7.920,8.040,8.060,7.840,7296521;
sh601636:5.050,5.080,5.090,5.020,19660936;
sh601668:5.180,5.200,5.200,5.150,86647813;
sh601669:3.660,3.690,3.690,3.650,44372456;
sh601688:17.770,17.880,17.920,17.720,30698408;
sh601717:5.300,5.340,5.350,5.260,12255427;
sh601718:3.870,3.900,3.910,3.850,34448690;
sh601766:6.200,6.230,6.240,6.180,22938064;
sh601788:10.950,11.040,11.050,10.890,11238410;
sh601800:8.190,8.220,8.240,8.120,41599298;
sh601801:4.780,4.830,4.840,4.760,2590995;
sh601808:12.130,11.970,12.260,11.710,21678430;
sh601857:4.470,4.460,4.470,4.430,136997191;
sh601872:7.410,7.010,7.410,6.930,112147037;
sh601877:24.710,24.820,24.850,24.420,4323572;
sh601880:1.720,1.730,1.730,1.710,12159350;
sh601888:83.280,85.920,86.350,82.550,21173422;
sh601890:5.680,5.760,5.840,5.550,32395250;
sh601899:4.050,4.060,4.090,4.020,156436189;
sh601901:7.170,7.210,7.270,7.120,27655514;
sh601919:3.730,3.720,3.740,3.680,27323180;
sh601928:6.430,6.480,6.490,6.420,3973548;
sh601933:10.400,10.780,10.830,10.350,50311666;
sh601939:6.230,6.260,6.260,6.200,38164446;
sh601965:8.500,8.410,8.600,8.300,4182056;
sh601985:4.480,4.460,4.490,4.450,13564199;
sh601988:3.550,3.530,3.580,3.520,111362252;
sh601989:4.200,4.240,4.280,4.160,77114033;
sh601991:2.100,2.130,2.140,2.090,10182632;
sh601992:3.270,3.280,3.280,3.240,28469580;
sh601998:5.060,5.060,5.070,5.040,15498069;
sh603000:20.990,21.030,21.240,20.590,24321084;
sh603005:81.620,83.620,84.070,81.600,7056375;
sh603008:11.690,11.790,11.810,11.570,2083469;
sh603011:5.360,5.340,5.390,5.280,6635000;
sh603019:47.600,47.390,47.960,46.700,21656968;
sh603026:27.510,27.760,27.800,26.880,6882256;
sh603066:9.570,10.250,10.280,9.540,16794148;
sh603100:8.710,8.830,8.830,8.620,2291805;
sh603118:12.720,12.820,12.860,12.610,12114891;
sh603128:5.450,5.510,5.530,5.450,9770694;
sh603169:4.510,4.650,4.780,4.480,15474163;
sh603198:16.230,16.690,16.750,16.170,5946163;
sh603199:20.690,20.690,20.740,20.480,459800;
sh603288:125.220,126.420,128.230,124.500,4420497;
sh603306:13.260,13.310,13.380,13.100,1572578;
sh603328:10.480,10.620,10.620,10.430,7269817;
sh603338:66.990,67.670,67.700,66.300,865721;
sh603355:20.990,21.210,21.260,20.780,525890;
sh603368:33.000,33.610,33.690,32.660,2132959;
sh603369:28.610,29.170,29.330,28.240,8780433;
sh603398:8.660,9.090,9.200,8.510,4121828;
sh603589:39.710,40.690,40.720,39.000,5002728;
sh603598:14.080,14.630,14.630,14.010,12289700;
sh603599:16.100,16.770,16.960,15.990,15512188;
sh603606:14.300,14.500,14.640,14.250,13897127;
sh603636:13.060,13.200,13.250,12.920,15670653;
sh603678:24.310,24.770,24.940,24.300,5052371;
sh603686:17.690,18.260,18.890,17.520,14333782;
sh603696:9.500,9.880,9.950,9.340,11656359;
sh603698:11.210,11.450,11.580,11.140,2587451;
sh603699:12.230,12.360,12.440,12.140,1430800;
sh603718:16.250,16.900,17.580,16.030,18055030;
sh603766:3.370,3.420,3.430,3.360,5491874;
sh603799:32.270,33.160,33.400,32.130,23773876;
sh603806:46.880,47.080,47.180,46.310,1379929;
sh603866:51.710,53.180,53.400,51.390,3030200;
sh603883:81.840,83.040,83.800,80.500,1732568;
sh603885:9.320,9.670,9.720,9.270,18569019;
sh603889:4.930,5.040,5.040,4.920,1573528;
sh603898:14.300,14.660,14.700,14.200,1384799;
sh603899:51.350,52.960,53.300,51.280,5727319;
sh603939:99.310,99.980,100.170,96.100,2538086;
sh603993:3.440,3.480,3.500,3.420,59096850;
sh603225:10.410,10.690,10.710,10.400,2424741;
sh603195:146.500,150.210,151.180,143.600,2102985;
sh601816:6.160,6.170,6.180,6.130,33335447;
sh600673:7.300,7.200,7.320,7.160,16484384;
sh601916:4.030,4.040,4.040,4.020,14015316;
sh603027:29.270,29.760,30.070,29.000,6719961;
sh603520:69.410,72.700,73.600,69.410,2000838;
sh603868:36.000,36.710,36.710,35.890,617015;
sh603737:106.810,108.020,109.000,105.580,838050;
sh601611:6.160,6.180,6.180,6.120,4837768;
sh601127:8.260,8.330,8.390,8.180,2258500;
sh601966:21.690,21.400,21.770,21.060,5717006;
sh603322:18.480,18.530,18.530,18.190,2242612;
sh600919:5.840,5.840,5.850,5.810,32228871;
sh601811:10.940,11.190,11.190,10.880,1615619;
sh600977:12.280,12.480,12.510,12.250,7814898;
sh603986:251.010,255.990,256.280,250.000,5712489;
sh603658:127.540,129.240,130.000,123.300,1057154;
sh603189:22.400,22.650,22.820,22.270,4897800;
sh600908:5.010,4.980,5.010,4.960,8111584;
sh603421:15.270,15.570,15.620,15.270,2704353;
sh603777:14.230,15.320,15.320,13.940,27144144;
sh603816:38.600,39.220,39.350,38.220,1720406;
sh603160:251.610,253.730,256.490,250.020,2400785;
sh603258:35.920,36.600,37.350,35.800,5472000;
sh603290:112.500,115.600,116.270,112.080,2696510;
sh601229:8.160,8.110,8.160,8.090,13503534;
sh603858:21.220,21.220,21.310,20.970,7388301;
sh603727:15.880,15.750,15.880,15.500,3369100;
sh603900:7.400,7.480,7.520,7.330,1345900;
sh600909:7.140,7.210,7.250,7.110,37817414;
sh603990:52.970,54.470,54.680,52.970,977480;
sh603708:32.780,33.830,34.490,31.810,5094728;
sh603416:38.110,37.110,38.300,36.120,3022176;
sh600996:7.680,7.780,7.810,7.680,3701327;
sh603298:12.710,12.880,12.940,12.430,7527261;
sh603218:19.820,19.910,20.170,19.640,2898145;
sh603929:13.740,13.980,13.990,13.690,1350300;
sh603186:52.560,53.480,54.250,52.180,1528961;
sh603444:377.580,375.450,379.590,370.200,1267187;
sh603228:45.680,47.850,47.920,45.400,7119864;
sh603690:32.500,33.460,33.860,32.400,4666700;
sh603039:80.450,80.800,81.570,79.480,350579;
sh603337:16.200,16.290,16.460,16.060,1660974;
sh601881:9.460,9.600,9.610,9.420,19476627;
sh603881:58.500,59.630,60.500,58.000,9296505;
sh603208:101.420,104.450,105.880,100.500,1074762;
sh600939:3.980,4.120,4.220,3.960,11414370;
sh603501:170.980,171.000,173.600,168.000,3915557;
sh603517:49.750,51.590,52.280,49.000,8895831;
sh603960:30.500,30.200,30.840,29.720,1653915;
sh603630:12.650,13.300,13.630,12.630,6140805;
sh603138:20.950,20.280,20.950,19.950,7324480;
sh603803:13.200,13.410,13.450,13.020,5430512;
sh603232:39.850,40.250,40.820,38.830,3511480;
sh603920:21.180,21.550,21.780,21.080,7429806;
sh603078:35.210,36.880,37.840,35.100,3271262;
sh601200:12.510,13.010,13.120,12.390,24281945;
sh603303:8.800,8.890,8.950,8.730,1613904;
sh603833:106.540,106.980,107.700,105.820,747243;
sh601228:3.170,3.170,3.170,3.140,4078525;
sh603345:96.200,98.510,99.000,95.310,1923237;
sh601952:9.980,10.800,10.850,9.960,84524414;
sh603383:60.990,60.850,61.290,60.250,1016478;
sh603496:21.580,21.690,21.780,21.080,6804496;
sh603226:17.320,17.390,17.500,17.270,2243253;
sh603980:7.200,7.400,7.410,7.130,5146210;
sh601878:9.750,9.850,9.880,9.720,22180778;
sh603043:28.340,29.020,29.160,28.020,3519597;
sh603801:23.850,24.020,24.240,23.450,3890398;
sh603387:38.270,38.650,38.900,37.430,10327375;
sh603707:55.100,57.160,57.850,54.480,3242979;
sh603825:23.710,26.400,26.400,23.480,10575385;
sh603978:20.380,20.720,20.750,20.280,1235100;
sh603602:23.450,24.460,24.490,23.300,9286238;
sh601326:2.690,2.700,2.710,2.660,7874113;
sh603129:36.880,36.980,37.150,36.150,598700;
sh601949:5.340,5.490,5.500,5.340,7214720;
sh603127:91.050,94.100,94.740,91.050,2587550;
sh603183:12.400,13.140,14.430,12.370,50479313;
sh603882:67.100,69.320,69.850,66.000,3840977;
sh603277:8.920,9.030,9.090,8.920,1357787;
sh603386:14.510,14.660,14.750,14.420,2278800;
sh603648:8.340,8.500,8.560,8.280,2557725;
sh603321:10.500,10.580,11.200,9.800,32337321;
sh603106:7.400,7.710,7.980,7.320,12691134;
sh603533:33.360,35.000,36.250,32.580,19524917;
sh603363:20.090,22.100,22.100,19.950,21102334;
sh603466:14.610,15.060,15.140,14.500,6313983;
sh601108:9.550,9.650,9.670,9.500,27911054;
sh603607:19.990,20.490,20.680,19.730,2738883;
sh603260:23.150,23.410,23.590,23.110,1295001;
sh603289:7.920,8.020,8.020,7.830,1414250;
sh603912:22.000,22.010,22.300,21.640,14595973;
sh603856:11.930,12.380,12.740,11.900,11714380;
sh600903:10.610,10.810,10.900,10.530,7126216;
sh603083:38.000,38.350,38.880,37.800,4861483;
sh603605:128.000,136.630,137.990,127.580,1498841;
sh603619:13.340,13.490,13.500,13.040,8727842;
sh603365:13.530,13.620,13.630,13.320,2304699;
sh603711:27.200,29.020,29.100,27.060,3595491;
sh603848:12.040,12.140,12.180,12.020,734300;
sh600025:3.490,3.540,3.540,3.480,15735428;
sh603283:37.000,37.940,38.210,36.980,2296496;
sh603329:10.840,11.400,11.880,10.760,5853430;
sh603080:12.520,12.600,12.640,12.390,1484697;
sh601155:30.060,30.560,30.570,29.910,8696035;
sh603180:62.050,62.800,62.980,61.680,603070;
sh603056:9.900,9.990,10.080,9.800,3658140;
sh601828:9.510,9.590,9.600,9.490,2574713;
sh601838:7.460,7.460,7.480,7.410,9514566;
sh603156:25.500,26.480,26.780,25.380,3872859;
sh600901:5.090,5.110,5.120,5.050,5762975;
sh603214:38.180,38.600,38.780,37.880,942817;
sh603259:102.100,105.150,105.150,101.530,10019398;
sh603486:19.580,19.810,19.860,19.420,1663099;
sh601138:14.060,14.060,14.100,13.890,36032297;
sh601330:9.590,9.740,9.830,9.530,8271200;
sh601066:34.220,34.580,34.740,33.840,42590085;
sh601869:32.580,32.700,32.860,32.330,2465173;
sh601577:7.750,7.740,7.750,7.700,8780000;
sh601162:5.370,5.620,5.650,5.350,186563634;
sh603220:19.730,19.900,19.990,19.650,3520053;
sh601319:6.300,6.310,6.320,6.250,26552849;
sh603187:26.850,27.090,27.090,26.200,3868790;
sh601860:4.250,4.240,4.260,4.210,18909047;
sh603121:16.500,16.910,16.980,16.500,4470387;
sh603739:21.460,21.820,21.940,21.300,1751400;
sh601598:3.330,3.370,3.370,3.320,11182592;
sh600928:5.590,5.540,5.590,5.510,11323404;
sh603068:75.630,77.650,77.770,75.410,2639584;
sh600968:2.310,2.310,2.320,2.290,28585278;
sh601698:18.870,19.330,19.730,18.700,81668923;
sh603236:175.000,176.000,176.880,173.680,652281;
sh603983:70.480,73.200,75.400,69.900,4457734;
sh603613:115.000,118.020,118.880,113.450,945526;
sh603267:50.300,50.150,50.900,49.600,2039400;
sh603093:22.000,22.490,22.780,21.990,4869500;
sh603927:62.800,62.920,63.990,62.530,2750569;
sz000006:4.600,5.090,5.090,4.550,47793497;
sz000007:8.040,8.020,8.060,7.960,4817258;
sz000008:3.130,3.180,3.180,3.110,14761323;
sz000009:6.220,6.280,6.290,6.190,33896766;
sz000011:8.950,9.280,9.450,8.880,10150358;
sz000017:3.860,3.880,4.070,3.660,23281684;
sz000023:18.600,20.430,20.780,18.540,6041701;
sz000025:18.470,18.610,18.840,18.350,5410320;
sz000028:42.080,42.600,42.820,42.020,2647000;
sz000029:0.000,0.000,0.000,0.000,0;
sz000036:3.460,3.710,3.740,3.450,21964317;
sz000038:9.280,9.570,9.650,9.200,7760134;
sz000045:6.770,6.940,6.980,6.740,3624000;
sz000050:13.190,13.360,13.410,13.150,7890756;
sz000055:4.510,4.560,4.600,4.450,24640153;
sz000058:6.770,6.940,7.060,6.680,24750357;
sz000059:5.000,5.030,5.050,4.940,14530197;
sz000061:6.790,7.580,7.580,6.740,60701284;
sz000068:3.190,3.220,3.250,3.150,9320601;
sz000078:4.690,4.680,4.700,4.580,48120324;
sz000150:4.730,4.770,4.780,4.650,15725768;
sz000151:8.080,8.100,8.160,8.020,2082517;
sz000155:3.900,3.950,3.980,3.890,5945899;
sz000301:4.960,5.040,5.060,4.910,7240078;
sz000402:6.720,6.720,6.760,6.680,5009618;
sz000415:2.810,2.840,2.840,2.800,11601809;
sz000416:4.430,4.460,4.460,4.400,3082908;
sz000421:4.290,4.360,4.370,4.250,3891877;
sz000430:4.820,4.860,4.870,4.780,2879658;
sz000498:5.470,5.590,5.720,5.460,26202017;
sz000501:11.030,11.020,11.140,10.980,8056844;
sz000503:12.400,12.530,12.580,12.290,6404455;
sz000505:8.300,9.380,9.380,8.180,88423264;
sz000506:2.570,2.580,2.590,2.540,11944695;
sz000507:5.060,5.080,5.090,5.040,5692522;
sz000510:4.270,4.190,4.300,4.150,13366927;
sz000514:3.930,3.980,3.990,3.910,4684700;
sz000517:2.580,2.630,2.660,2.560,10145475;
sz000518:4.790,4.810,4.820,4.690,27777802;
sz000523:6.080,6.130,6.190,6.020,6003887;
sz000525:10.810,11.240,11.240,10.620,59651654;
sz000526:45.000,44.000,45.000,43.800,840300;
sz000529:6.980,7.370,7.370,6.930,22824720;
sz000530:3.510,3.550,3.550,3.500,5004191;
sz000531:6.940,7.090,7.140,6.900,6997960;
sz000532:10.470,10.530,10.560,10.280,7283701;
sz000533:2.860,2.970,3.080,2.850,34285417;
sz000536:1.880,2.050,2.050,1.800,128117194;
sz000537:6.520,6.590,6.590,6.500,3437188;
sz000540:3.150,3.220,3.230,3.130,20382665;
sz000543:3.880,3.910,3.920,3.850,13560695;
sz000544:6.770,6.760,6.800,6.680,4402900;
sz000548:3.680,3.740,3.750,3.670,1960316;
sz000551:7.330,7.560,7.600,7.280,7568584;
sz000557:2.930,2.960,2.960,2.920,5753736;
sz000565:4.680,4.760,4.770,4.680,2200752;
sz000566:7.770,7.800,7.840,7.710,15515839;
sz000573:2.600,2.630,2.630,2.580,5748250;
sz000576:6.470,6.660,6.700,6.440,9750387;
sz000586:10.920,11.030,11.050,10.820,3453370;
sz000589:3.950,4.000,4.010,3.930,6366511;
sz000590:10.390,10.470,10.470,10.230,2515600;
sz000591:3.290,3.370,3.370,3.270,22866629;
sz000592:2.330,2.390,2.400,2.310,24690204;
sz000593:4.870,4.990,5.010,4.850,3928865;
sz000598:4.850,4.930,4.940,4.820,26639930;
sz000599:4.200,4.110,4.220,4.060,18553321;
sz000607:4.100,4.150,4.180,4.070,3106700;
sz000608:5.180,5.570,5.620,5.180,7763346;
sz000610:8.900,9.110,9.240,8.820,21157994;
sz000612:3.570,3.610,3.630,3.540,3488080;
sz000613:6.210,6.400,6.460,6.190,8015330;
sz000615:3.870,3.910,3.960,3.820,12142502;
sz000616:2.210,2.240,2.270,2.200,7211814;
sz000620:2.840,2.840,2.850,2.810,5125530;
sz000622:4.360,4.390,4.400,4.300,5734403;
sz000623:15.750,15.910,15.940,15.710,6004668;
sz000626:6.660,6.650,6.670,6.560,1555200;
sz000628:8.500,8.450,8.500,8.360,2017800;
sz000629:2.120,2.120,2.130,2.100,19748681;
sz000631:3.050,3.110,3.140,3.010,14694138;
sz000637:4.640,4.680,4.810,4.520,13365716;
sz000639:5.770,6.030,6.140,5.700,46541906;
sz000650:6.580,6.630,6.640,6.500,24498739;
sz000652:9.130,8.970,9.220,8.820,94868331;
sz000655:5.100,5.120,5.120,5.010,7298595;
sz000656:7.820,7.870,7.920,7.750,19437399;
sz000657:5.550,5.700,5.710,5.530,5984065;
sz000659:2.170,2.160,2.170,2.130,4756520;
sz000662:4.100,4.180,4.260,4.030,84672130;
sz000663:4.170,4.240,4.270,4.110,7200001;
sz000665:5.530,5.540,5.560,5.460,10299985;
sz000666:9.000,9.140,9.150,8.920,3345664;
sz000667:2.700,2.830,2.840,2.700,43192714;
sz000668:11.820,12.110,12.290,11.530,1811932;
sz000669:2.150,2.260,2.350,2.110,15798850;
sz000672:25.200,25.090,25.400,24.750,20533633;
sz000673:2.730,2.720,2.750,2.670,16483700;
sz000677:3.250,3.280,3.300,3.210,7058608;
sz000680:3.760,3.800,3.910,3.740,54984853;
sz000682:5.030,5.220,5.250,5.000,30229671;
sz000685:7.600,7.680,7.680,7.570,3416996;
sz000686:8.140,8.210,8.220,8.120,14031471;
sz000687:4.050,3.980,4.070,3.920,19339400;
sz000690:5.320,5.300,5.340,5.260,7134576;
sz000691:4.260,4.360,4.400,4.220,5345202;
sz000695:7.250,7.330,7.340,7.160,548811;
sz000697:9.120,9.100,9.160,8.850,3214557;
sz000700:8.580,8.670,8.790,8.500,28718007;
sz000701:4.260,4.370,4.490,4.200,8703046;
sz000702:5.630,5.880,6.020,5.590,28776329;
sz000703:11.700,11.900,11.930,11.660,8245458;
sz000705:7.030,7.060,7.060,6.960,7197307;
sz000710:45.800,49.400,50.580,45.000,6710048;
sz000711:3.760,3.830,3.930,3.740,4828366;
sz000713:10.450,11.620,11.620,10.370,85615873;
sz000716:3.750,4.150,4.150,3.720,40444439;
sz000718:3.140,3.180,3.190,3.130,7197212;
sz000719:6.650,6.720,6.740,6.620,1802531;
sz000721:4.800,4.900,4.930,4.750,40646934;
sz000722:5.900,5.940,5.950,5.870,2507111;
sz000727:1.280,1.420,1.420,1.280,242896644;
sz000735:9.910,10.210,10.220,9.850,58378854;
sz002324:12.970,12.650,12.990,12.500,14048624;
sz000753:2.660,2.680,2.680,2.640,3605892;
sz000755:3.970,3.990,4.000,3.930,6800301;
sz000756:10.830,10.970,11.040,10.460,11618710;
sz000758:4.200,4.240,4.290,4.200,13008099;
sz000759:6.410,6.440,6.480,6.370,1452450;
sz000762:6.830,7.010,7.050,6.760,6256041;
sz000766:5.950,5.980,6.000,5.860,13155317;
sz000778:3.460,3.490,3.500,3.430,12139441;
sz000779:13.000,12.560,13.300,12.560,24753580;
sz000783:6.270,6.320,6.340,6.230,18109497;
sz000789:13.340,13.420,13.480,13.250,24942034;
sz000790:5.430,5.550,5.550,5.390,12451941;
sz000791:3.270,3.300,3.300,3.260,7964324;
sz000793:3.080,3.140,3.160,3.070,27899622;
sz000795:5.080,5.240,5.350,5.080,26730022;
sz000797:3.540,3.560,3.560,3.480,6727260;
sz000798:5.940,6.100,6.170,5.850,6327073;
sz000799:31.530,33.100,33.480,31.390,14712078;
sz000800:9.870,9.970,10.050,9.680,14052979;
sz000802:8.430,8.510,8.530,8.350,7286400;
sz000807:3.900,3.950,3.960,3.880,27476985;
sz000810:11.500,11.610,11.630,11.440,9253398;
sz000812:3.000,3.000,3.040,2.960,15041681;
sz000813:5.610,5.660,5.690,5.530,10870367;
sz000815:7.200,7.320,7.340,7.150,17837703;
sz000825:3.330,3.330,3.340,3.310,9035600;
sz000828:6.950,7.030,7.050,6.930,2554176;
sz000829:5.450,5.510,5.520,5.380,11452974;
sz000830:7.790,8.190,8.490,7.770,44821413;
sz000831:10.010,10.310,10.410,10.010,21197551;
sz000836:3.710,3.830,3.840,3.680,35014023;
sz000839:3.350,3.410,3.430,3.320,31991547;
sz000851:7.020,7.120,7.200,6.930,42288259;
sz000856:8.800,8.830,8.850,8.730,2780700;
sz000859:5.690,5.800,5.850,5.640,31726692;
sz000863:3.950,3.960,3.990,3.940,1531000;
sz000877:11.600,11.740,11.830,11.590,21246292;
sz000878:9.580,9.650,9.680,9.520,12309142;
sz000880:7.400,7.380,7.410,7.290,1505646;
sz000881:7.000,7.070,7.090,6.910,3746042;
sz000886:4.650,4.810,4.820,4.610,14655995;
sz000889:11.720,12.030,12.180,11.310,47171705;
sz000890:3.320,3.410,3.430,3.250,7305133;
sz000900:3.840,3.840,3.850,3.810,3894700;
sz000901:10.080,10.490,10.550,9.960,18631225;
sz000903:5.300,5.190,5.360,5.140,151609390;
sz000905:6.010,6.050,6.060,6.000,2751700;
sz000908:5.050,5.000,5.050,4.800,122194514;
sz000909:8.190,8.380,8.400,8.150,7535883;
sz000912:4.180,4.270,4.310,4.160,6182600;
sz000913:10.330,10.290,10.330,10.150,1484202;
sz000915:26.480,26.620,26.780,26.000,4579598;
sz000917:6.240,6.240,6.260,6.190,12463857;
sz000929:6.360,6.500,6.600,6.360,1651512;
sz000930:7.510,7.910,8.040,7.420,72280594;
sz000931:8.800,9.340,9.690,8.700,21676934;
sz000935:13.780,13.690,13.790,13.560,5788006;
sz000948:12.000,12.260,12.280,11.860,11874343;
sz000949:3.910,4.020,4.100,3.870,38370019;
sz000950:5.200,5.240,5.250,5.140,4280630;
sz000952:11.500,11.530,11.650,11.250,10998831;
sz000959:2.900,2.910,2.910,2.880,3973756;
sz000975:16.650,16.460,16.800,16.360,22463004;
sz000976:5.170,5.120,5.170,5.050,16451800;
sz000990:12.870,12.730,12.950,12.690,7717389;
sz000996:8.080,8.230,8.260,8.080,5787335;
sz001696:5.400,5.470,5.480,5.370,5121598;
sz001896:3.280,3.320,3.320,3.240,5432219;
sz002004:5.290,5.220,5.290,5.130,54414295;
sz002009:7.270,7.400,7.400,7.250,2570800;
sz002012:6.130,6.270,6.330,6.080,28398369;
sz002016:7.050,7.090,7.090,6.990,1896969;
sz002017:12.180,12.360,12.490,12.060,6630619;
sz002022:17.500,17.420,17.680,16.990,44021965;
sz002023:14.590,15.000,15.040,14.550,22742048;
sz002028:19.600,19.920,20.460,19.500,35665565;
sz002034:16.200,16.830,16.970,16.030,4667039;
sz002037:6.190,6.240,6.250,6.150,1952900;
sz002045:8.840,9.100,9.110,8.780,10211500;
sz002052:2.360,2.410,2.420,2.300,8955373;
sz002053:6.390,6.540,6.550,6.360,1041200;
sz002054:6.720,6.860,6.890,6.680,11796806;
sz002057:6.700,6.780,6.800,6.670,6308075;
sz002058:18.220,18.570,18.790,17.880,1098700;
sz002061:6.130,6.330,6.550,6.050,84899500;
sz002064:5.160,5.170,5.190,5.080,16205472;
sz002066:8.880,9.050,9.110,8.730,3451074;
sz002073:3.970,4.010,4.010,3.920,7483674;
sz002076:2.560,2.570,2.580,2.480,19122396;
sz002077:5.730,5.880,5.880,5.680,10683561;
sz002079:0.000,0.000,0.000,0.000,0;
sz002082:10.150,10.330,10.410,10.070,3462801;
sz002083:8.030,8.180,8.180,7.950,16728667;
sz002084:5.030,5.090,5.120,5.010,2822533;
sz002093:9.600,9.640,9.660,9.430,25463555;
sz002098:5.640,5.730,5.730,5.570,2960198;
sz002103:5.100,5.420,5.420,5.010,106851891;
sz002104:7.380,8.250,8.250,7.300,37133040;
sz002107:12.000,12.330,12.450,11.610,6387448;
sz002108:3.390,3.530,3.550,3.360,22089939;
sz002109:3.060,3.080,3.090,3.050,4117227;
sz002112:7.290,7.670,7.900,7.230,19778459;
sz002114:6.510,6.600,6.630,6.460,2190180;
sz002118:5.240,5.200,5.240,5.130,13309820;
sz002119:11.550,12.680,12.680,11.550,12726092;
sz002123:16.900,17.130,17.470,16.680,38230996;
sz002124:11.810,12.360,12.560,11.770,72274133;
sz002127:13.920,14.400,14.610,13.850,42267539;
sz002130:4.600,4.770,4.770,4.580,22708012;
sz002133:3.070,3.110,3.110,3.050,3837201;
sz002134:8.630,8.840,8.840,8.560,4132185;
sz002136:8.470,8.500,8.600,8.300,9801691;
sz002137:7.540,7.590,7.620,7.480,14156146;
sz002145:4.690,4.770,4.840,4.690,36004648;
sz002146:7.780,7.840,7.870,7.760,13666748;
sz002148:4.800,4.920,4.930,4.750,13684789;
sz002149:6.560,6.660,6.690,6.500,3163557;
sz002150:5.920,6.050,6.050,5.890,5657313;
sz002155:8.080,8.050,8.130,8.030,23552230;
sz002159:10.390,10.650,10.690,10.350,2398450;
sz002161:8.960,9.100,9.140,8.880,12243867;
sz002162:3.200,3.250,3.260,3.170,3600283;
sz002166:8.530,8.430,8.540,8.300,16253341;
sz002167:5.790,5.960,5.990,5.730,10147075;
sz002168:7.130,7.250,7.380,7.130,7752144;
sz002170:3.950,4.400,4.400,3.950,48286571;
sz002172:3.080,3.110,3.120,3.050,7930906;
sz002173:5.470,5.440,5.470,5.380,1895595;
sz002174:21.650,21.850,21.920,21.210,28159463;
sz002176:2.070,2.090,2.090,2.050,25456752;
sz002177:4.680,5.210,5.210,4.660,43842836;
sz002178:5.100,5.440,5.550,4.950,89224435;
sz002182:9.480,9.670,9.670,9.410,10846723;
sz002183:3.860,3.990,4.000,3.820,32800726;
sz002184:11.730,12.020,12.200,11.710,7423504;
sz002186:9.010,9.100,9.130,8.980,1721280;
sz002192:14.600,14.600,14.600,14.600,699000;
sz002196:5.030,5.100,5.110,5.000,2504535;
sz002197:9.850,9.950,10.070,9.610,38937442;
sz002199:8.450,8.710,8.780,8.310,10573812;
sz002201:14.560,14.680,14.680,14.340,4840030;
sz002208:7.220,7.310,7.370,7.180,10226624;
sz002211:5.420,5.520,5.530,5.420,2175655;
sz002212:24.220,24.900,24.990,24.220,6644922;
sz002213:18.520,18.080,18.530,17.980,2652189;
sz002218:3.420,3.560,3.600,3.410,33083322;
sz002219:2.170,2.190,2.190,2.140,16988525;
sz002221:9.320,9.480,9.590,9.250,29479254;
sz002224:6.820,6.940,6.950,6.780,12353300;
sz002225:4.230,4.290,4.330,4.200,7017540;
sz002226:4.850,4.900,4.910,4.810,4505469;
sz002227:16.230,16.990,17.200,16.080,10800080;
sz002228:3.780,3.860,3.950,3.680,68513381;
sz002229:7.150,7.260,7.380,7.150,7786130;
sz002231:7.090,7.080,7.100,6.960,7196375;
sz002232:9.540,9.800,9.840,9.500,9386600;
sz002234:25.750,26.200,26.450,25.250,9512057;
sz002235:8.960,9.390,9.400,8.910,50942013;
sz002239:3.890,3.900,3.940,3.830,101786487;
sz002240:7.500,8.250,8.250,7.350,20337654;
sz002243:12.810,12.830,12.900,12.640,5811500;
sz002245:3.890,3.960,3.970,3.870,7212036;
sz002246:8.390,8.460,8.580,8.170,23534065;
sz002247:1.960,1.930,1.960,1.920,10121000;
sz002248:8.160,8.350,8.420,8.130,1771801;
sz002250:16.560,17.240,17.390,16.560,8144500;
sz002256:1.630,1.630,1.630,1.580,27529600;
sz002261:9.400,9.430,9.500,9.300,35251015;
sz002262:13.530,13.600,13.760,13.210,17575102;
sz002264:4.500,4.990,4.990,4.480,30065589;
sz002265:7.620,7.770,7.840,7.620,2604711;
sz002266:3.700,3.740,3.760,3.680,5764230;
sz002267:5.870,6.000,6.000,5.850,2637100;
sz002270:4.960,5.290,5.340,4.930,39686245;
sz002975:112.500,117.820,118.780,111.350,3936845;
sz002278:5.500,5.610,5.630,5.500,2194850;
sz002280:2.420,2.430,2.460,2.390,38638473;
sz002282:7.160,7.070,7.170,7.040,1802900;
sz002286:7.890,8.470,8.470,7.680,15876006;
sz002288:4.620,4.650,4.660,4.560,12825874;
sz002291:20.300,21.660,21.990,20.150,29927952;
sz002292:6.840,6.840,6.870,6.760,5020730;
sz002295:6.580,6.580,6.620,6.520,984640;
sz002296:7.690,7.790,7.810,7.630,9448568;
sz002297:5.330,5.330,5.380,5.230,6896397;
sz002298:8.000,8.170,8.180,7.960,6642900;
sz002303:5.000,5.320,5.400,4.960,62479254;
sz002308:6.050,5.990,6.100,5.930,19434602;
sz002309:5.870,5.940,5.970,5.820,5437900;
sz002310:5.150,5.210,5.280,5.130,21078293;
sz002312:4.610,4.720,4.720,4.560,20549705;
sz002313:18.070,18.040,18.250,17.870,4634925;
sz002314:2.620,2.670,2.690,2.620,7598727;
sz002316:7.110,7.200,7.230,7.060,8373676;
sz002317:12.720,12.530,12.720,12.420,11799560;
sz002318:7.280,7.380,7.400,7.250,8289090;
sz002319:6.160,6.210,6.240,6.020,1617800;
sz002320:15.850,16.910,16.950,15.750,20639894;
sz002326:12.400,12.990,13.160,12.230,59284778;
sz002329:5.950,6.120,6.260,5.840,81513059;
sz002330:6.900,7.360,7.430,6.870,25629968;
sz002332:14.290,14.530,14.610,14.050,18412381;
sz002334:4.650,4.660,4.700,4.580,21413470;
sz002335:22.170,22.480,22.880,22.090,6867901;
sz002338:14.050,14.500,14.610,13.980,5698700;
sz002339:6.150,6.260,6.360,6.100,7114789;
sz002341:5.600,5.640,5.650,5.510,25666927;
sz002342:3.100,3.150,3.150,3.080,8077104;
sz002345:3.360,3.400,3.410,3.340,4917513;
sz002346:10.270,10.420,10.430,10.130,1075800;
sz002347:4.200,4.240,4.240,4.160,3309956;
sz002348:2.930,2.960,2.970,2.910,4294000;
sz002349:6.000,6.020,6.040,5.860,25582136;
sz002350:5.600,5.770,5.950,5.580,8295644;
sz002354:2.110,2.090,2.130,2.060,11441230;
sz002358:5.840,6.060,6.100,5.810,12676151;
sz002360:5.180,5.190,5.230,5.160,3023746;
sz002361:4.370,4.520,4.620,4.360,14826120;
sz002362:17.000,17.390,17.400,16.800,5153784;
sz002363:9.850,9.650,9.960,9.200,24378433;
sz002364:14.570,15.160,15.350,14.500,25035948;
sz002366:4.840,4.930,4.940,4.830,9940082;
sz002369:9.060,9.210,9.230,9.010,12934710;
sz002370:6.200,6.280,6.510,6.090,65884879;
sz002378:4.030,4.110,4.300,4.010,7340446;
sz002379:3.090,3.140,3.150,3.050,8005345;
sz002380:14.080,14.270,14.320,14.040,2040813;
sz002381:7.550,7.620,7.630,7.530,1971000;
sz002385:8.180,9.140,9.140,8.130,284238363;
sz002387:11.080,11.690,11.750,11.000,13867847;
sz002389:11.750,11.940,11.950,11.670,8259097;
sz002390:4.840,4.870,4.920,4.770,11745523;
sz002391:9.350,9.500,9.740,9.350,52866215;
sz002392:3.420,3.470,3.470,3.410,4363400;
sz002395:22.510,23.100,23.100,22.380,592250;
sz002397:4.410,4.440,4.480,4.360,2834919;
sz002399:22.000,22.020,22.150,21.400,6978735;
sz002400:5.600,5.800,5.800,5.550,163324155;
sz002401:13.120,13.170,13.210,12.800,11247646;
sz002402:13.590,13.720,13.780,13.510,34550605;
sz002403:8.120,8.200,8.200,8.030,990454;
sz002406:5.420,5.480,5.490,5.390,2924100;
sz002407:11.100,11.280,11.470,11.100,19764592;
sz002408:5.940,5.960,5.990,5.910,7133162;
sz002409:37.030,37.810,39.580,36.780,18231454;
sz002410:45.560,46.120,46.330,44.850,3735403;
sz002411:8.620,8.550,8.630,8.440,32863287;
sz002412:8.280,8.230,8.280,8.080,15397479;
sz002413:7.600,7.670,7.800,7.530,45140367;
sz002416:7.140,7.320,7.570,7.080,44222441;
sz002417:7.010,7.570,7.780,6.960,36630325;
sz002418:2.230,2.250,2.250,2.200,9802903;
sz002426:2.110,2.370,2.370,2.080,139961355;
sz002429:4.360,4.450,4.460,4.320,37877452;
sz002430:11.100,11.300,11.330,11.060,4448592;
sz002431:2.580,2.610,2.620,2.560,5828400;
sz002433:4.630,4.680,4.690,4.590,5260494;
sz002437:3.210,3.240,3.250,3.110,94554994;
sz002438:7.960,8.060,8.150,7.920,3711490;
sz002446:7.680,7.840,7.850,7.610,21400253;
sz002448:5.060,5.090,5.100,5.020,3059182;
sz002451:7.920,7.960,8.010,7.850,4186911;
sz002452:6.770,6.970,7.030,6.680,14297769;
sz002453:4.730,4.850,4.950,4.710,9774397;
sz002454:4.630,4.720,4.750,4.600,4609200;
sz002457:7.590,7.610,7.630,7.550,4136390;
sz002459:13.920,14.700,14.720,13.880,15451898;
sz002464:7.600,8.300,8.910,7.550,168776304;
sz002466:18.960,19.290,19.340,18.800,29245502;
sz002467:7.200,7.280,7.340,7.130,78202955;
sz002469:0.000,0.000,0.000,0.000,0;
sz002471:2.360,2.420,2.460,2.320,25465404;
sz002472:5.780,5.870,6.060,5.650,56058653;
sz002474:7.750,7.830,7.850,7.700,7031480;
sz002476:6.930,7.190,7.300,6.920,16008087;
sz002478:5.190,5.230,5.250,5.140,2219032;
sz002480:7.000,7.000,7.000,7.000,2483400;
sz002481:13.420,14.520,14.520,13.300,136386313;
sz002483:4.710,4.740,4.760,4.650,6823836;
sz002486:4.460,4.610,4.660,4.390,56449627;
sz002489:4.110,4.100,4.120,3.990,75074544;
sz002490:3.440,3.440,3.440,3.440,5578225;
sz002491:5.800,5.850,5.890,5.750,10495875;
sz002492:6.120,6.120,6.120,5.880,76147949;
sz002493:11.750,11.970,12.010,11.710,13869541;
sz002495:2.740,2.830,2.850,2.710,25024200;
sz002496:2.490,2.540,2.610,2.480,15094144;
sz002497:7.530,7.730,7.740,7.510,25757837;
sz002498:4.150,4.170,4.390,4.090,134052134;
sz002502:3.130,3.250,3.300,3.100,19015807;
sz002503:3.670,3.700,3.710,3.600,168485350;
sz002504:2.670,2.710,2.730,2.650,8649095;
sz002505:2.130,2.250,2.290,2.120,205462721;
sz002506:2.760,2.750,2.770,2.720,143398929;
sz002967:38.850,39.540,39.930,38.520,2364057;
sz002512:5.900,6.110,6.170,5.820,49051094;
sz002513:5.070,5.130,5.250,5.060,6199900;
sz002514:4.640,4.600,4.650,4.550,6285974;
sz002515:6.060,6.620,6.620,5.930,147745363;
sz002517:2.720,2.700,2.730,2.680,22752502;
sz002519:3.890,3.950,3.970,3.860,10457541;
sz002520:6.850,6.930,6.970,6.810,1669992;
sz002523:2.490,2.530,2.560,2.480,6059540;
sz002524:7.810,7.960,7.960,7.730,6287900;
sz002526:2.370,2.400,2.440,2.340,68676149;
sz002527:5.150,5.160,5.180,5.090,4394852;
sz002528:4.710,4.750,4.760,4.640,6252851;
sz002530:11.500,11.910,12.300,11.500,19195640;
sz002532:5.970,6.030,6.050,5.890,3412053;
sz002538:4.860,5.110,5.140,4.830,29113789;
sz002540:4.300,4.400,4.420,4.250,5605587;
sz002541:18.030,18.020,18.430,17.550,10822982;
sz002544:14.700,15.000,15.170,14.600,8263965;
sz002545:7.320,7.550,7.600,7.250,27905333;
sz002548:9.910,10.580,10.840,9.860,42122456;
sz002550:4.700,4.780,4.780,4.640,13522622;
sz002551:9.020,8.960,9.120,8.860,42827097;
sz002552:16.540,16.190,16.540,15.900,9293683;
sz002553:5.040,5.200,5.210,5.000,8167643;
sz002554:2.590,2.620,2.620,2.550,8105100;
sz002562:5.600,5.620,5.640,5.460,26120540;
sz002564:4.340,4.830,4.830,4.300,34001739;
sz002575:5.150,5.150,5.150,5.150,244400;
sz002576:8.850,8.970,9.000,8.790,3136453;
sz002577:10.100,10.270,10.270,9.990,4538079;
sz002581:20.550,21.800,22.630,19.500,110687640;
sz002584:9.650,9.400,10.300,9.220,121205677;
sz002585:5.690,5.940,6.040,5.640,38610295;
sz002587:6.480,6.630,6.690,6.440,9617495;
sz002591:7.710,7.660,7.710,7.570,4694674;
sz002592:11.450,11.520,11.760,10.370,6576631;
sz002596:7.140,7.330,7.440,7.050,31395712;
sz002605:28.610,29.510,29.510,28.610,8980040;
sz002610:1.570,1.580,1.590,1.560,43573284;
sz002615:4.720,4.730,4.740,4.660,3136425;
sz002616:9.080,9.010,9.220,8.940,5228924;
sz002617:5.030,5.140,5.170,5.000,18737752;
sz002618:9.900,10.100,10.130,9.900,3509846;
sz002619:2.430,2.510,2.530,2.420,29443371;
sz002622:3.100,3.130,3.140,3.070,7739306;
sz002623:28.930,30.070,30.280,28.930,3985126;
sz002624:49.470,50.600,50.800,48.710,8369171;
sz002625:7.200,7.240,7.250,7.050,9176897;
sz002627:9.630,9.650,9.720,9.550,2798412;
sz002630:2.300,2.310,2.320,2.270,13173540;
sz002631:7.490,7.530,7.540,7.410,2897100;
sz002634:5.250,5.460,5.480,5.220,11321683;
sz002636:8.010,8.160,8.180,7.930,5455134;
sz002637:12.480,12.650,12.710,12.350,10570000;
sz002638:3.120,3.130,3.130,3.090,13927303;
sz002639:7.940,8.110,8.300,7.830,23593389;
sz002641:7.550,7.650,7.850,7.500,25673319;
sz002644:9.450,9.520,9.560,9.340,10568358;
sz002650:4.080,4.370,4.440,4.060,71247615;
sz002651:4.770,4.920,4.960,4.760,9824622;
sz002652:3.420,3.490,3.490,3.400,2192380;
sz002653:21.000,21.360,21.500,20.510,4195790;
sz002654:4.100,4.180,4.220,3.970,10338372;
sz002656:1.950,1.920,1.950,1.880,8295017;
sz002658:6.040,6.080,6.090,5.990,946739;
sz002659:5.130,5.270,5.280,5.080,5119800;
sz002660:11.040,11.510,11.650,10.970,17916751;
sz002662:2.650,2.670,2.680,2.610,6960612;
sz002663:2.450,2.440,2.460,2.390,15866348;
sz002664:13.980,14.200,14.270,13.910,1700095;
sz002665:2.890,2.920,2.930,2.860,26134179;
sz002669:15.170,15.010,15.170,14.870,6580100;
sz002670:9.340,9.250,9.390,9.120,19458271;
sz002674:8.700,8.780,8.800,8.670,1472779;
sz002676:3.690,3.730,3.760,3.630,23542810;
sz002678:7.020,7.310,7.360,7.020,836475;
sz002679:12.090,12.410,12.550,11.780,4451904;
sz002685:4.960,4.970,5.090,4.890,15178863;
sz002688:7.920,8.250,8.350,7.890,28393071;
sz002689:3.800,3.840,3.950,3.730,30636637;
sz002693:5.810,5.670,5.840,5.560,15256375;
sz002695:21.280,22.420,22.740,21.070,7399133;
sz002698:10.010,10.130,10.250,9.980,4982190;
sz002700:5.360,5.380,5.390,5.300,2803376;
sz002702:4.910,5.180,5.270,4.880,36740993;
sz002703:4.290,4.300,4.310,4.240,2554500;
sz002708:6.400,6.470,6.480,6.340,2850200;
sz002709:25.900,25.810,26.040,25.520,5883855;
sz002712:5.950,6.270,6.320,5.930,11693410;
sz002713:6.220,6.290,6.310,6.160,2015860;
sz002715:18.470,19.470,19.630,18.280,1312773;
sz002717:4.350,4.370,4.390,4.330,8548212;
sz002719:9.220,9.640,9.740,9.160,5376503;
sz002721:4.230,4.300,4.310,4.200,5214200;
sz002722:12.290,12.410,12.490,12.250,802766;
sz002723:11.750,11.940,12.110,11.710,1903109;
sz002724:6.200,6.300,6.320,6.140,3891206;
sz002725:10.330,10.480,10.540,9.680,6755740;
sz002728:15.590,16.040,16.240,15.510,3898826;
sz002729:37.620,37.000,37.620,36.800,188249;
sz002730:7.220,7.360,7.400,7.210,1200220;
sz002732:18.900,19.430,19.500,18.860,2636544;
sz002734:17.000,17.650,17.830,16.960,14059962;
sz002735:18.410,18.430,18.590,18.400,959510;
sz002736:10.650,10.650,10.700,10.580,10561789;
sz002737:13.790,13.890,13.930,13.650,4006453;
sz002738:14.950,15.020,15.120,14.630,1300000;
sz002742:6.970,6.990,7.040,6.820,10561200;
sz002748:6.920,7.070,7.090,6.920,803418;
sz002750:9.910,9.890,9.970,9.780,4188865;
sz002751:21.980,22.390,22.450,21.950,1700414;
sz002753:6.740,6.850,6.900,6.740,787227;
sz002755:17.010,17.400,17.530,16.920,4994783;
sz002756:16.220,16.330,16.440,15.910,2517220;
sz002758:11.120,11.200,11.220,11.010,3120874;
sz002759:7.040,7.100,7.120,6.950,1776550;
sz002760:19.450,20.010,20.490,19.250,2907272;
sz002761:10.300,10.370,10.960,10.110,23250372;
sz002763:8.110,8.580,8.580,8.050,4918722;
sz002765:4.150,4.190,4.190,4.110,2456800;
sz002767:12.060,12.240,12.300,12.050,705293;
sz002769:7.310,7.320,7.370,7.210,2219567;
sz002770:2.910,3.100,3.200,2.810,162323178;
sz002771:14.690,15.410,15.970,14.520,28008096;
sz002772:7.000,7.300,7.320,6.940,8309578;
sz002778:23.070,23.160,23.250,22.600,521900;
sz002780:20.800,20.390,20.840,20.250,3998725;
sz002781:14.440,14.590,14.650,14.260,5146000;
sz002782:9.660,9.840,9.890,9.650,3098800;
sz002783:10.300,10.450,10.460,10.200,4465352;
sz002785:15.670,16.210,16.500,15.450,4678600;
sz002786:7.380,7.500,7.500,7.270,3019210;
sz002787:7.250,7.140,7.250,7.060,3366700;
sz002790:5.980,6.020,6.060,5.970,1754772;
sz002789:13.570,13.640,13.780,13.440,860100;
sz002792:26.460,27.000,27.020,26.460,3644206;
sz002791:61.830,64.690,65.860,59.830,1987330;
sz002793:14.540,15.090,15.130,14.400,8714787;
sz002795:13.170,13.350,13.390,12.990,991900;
sz002796:36.700,36.730,36.960,36.400,2046992;
sz002797:7.020,7.100,7.130,7.010,37667607;
sz002800:20.910,21.140,21.150,20.720,1116400;
sz002799:17.220,17.520,17.660,17.070,3042772;
sz002801:34.450,34.450,34.450,33.970,1248800;
sz002802:19.400,19.270,19.650,19.150,1175700;
sz002805:12.260,12.400,12.480,12.110,2695200;
sz002803:29.810,30.710,30.840,29.790,3405636;
sz002806:11.880,12.020,12.030,11.820,958910;
sz002808:9.230,9.750,9.850,9.040,20876334;
sz002809:22.600,22.600,23.000,21.710,10576715;
sz002810:18.400,18.350,18.540,18.110,2516512;
sz002602:13.710,14.070,14.130,13.710,32617847;
sz002807:4.180,4.170,4.180,4.150,6489316;
sz002811:14.280,14.210,14.330,14.100,503681;
sz002813:21.530,21.500,21.600,21.200,708400;
sz002816:28.010,27.330,28.010,27.130,939200;
sz002817:21.000,21.140,21.160,20.810,1034200;
sz002819:24.790,24.230,24.990,23.970,6414006;
sz002820:10.800,11.200,11.220,10.760,4861770;
sz002823:9.990,10.040,10.100,9.880,1981302;
sz002825:17.300,17.100,17.370,16.300,10487020;
sz002822:9.900,10.000,10.050,9.820,11779867;
sz002828:9.100,9.190,9.210,9.030,5903987;
sz002826:11.150,11.340,11.410,11.060,9116628;
sz002827:8.690,8.660,8.690,8.550,977500;
sz002829:27.650,27.800,28.260,27.640,3411192;
sz002830:11.670,12.150,12.240,11.660,1256693;
sz002831:22.560,22.780,22.800,22.150,1259554;
sz002835:9.930,10.120,10.120,9.860,2656049;
sz002833:36.640,37.120,37.170,36.350,426735;
sz002836:11.460,11.300,11.680,11.140,8436206;
sz002837:42.460,42.990,43.390,41.710,4365671;
sz002838:38.030,38.100,39.200,37.260,16671958;
sz002824:18.800,20.400,20.900,18.500,11009904;
sz002842:9.330,9.470,9.550,9.200,1854296;
sz002843:8.400,8.470,8.480,8.250,6535470;
sz002839:5.510,5.480,5.510,5.440,27882698;
sz002845:21.190,21.030,21.190,20.750,3217600;
sz002846:26.930,27.150,27.400,26.710,4403500;
sz002848:11.600,12.620,12.620,11.500,11298288;
sz002849:12.720,12.950,12.970,12.630,761100;
sz002868:16.910,16.760,17.160,16.680,1658946;
sz002774:7.080,7.140,7.550,6.790,9920349;
sz002840:14.660,15.460,15.590,14.600,5386281;
sz002858:12.550,12.760,13.270,12.420,4054922;
sz002850:51.400,52.500,52.990,50.500,3243530;
sz002857:11.510,11.860,11.960,11.470,655195;
sz002855:11.000,11.210,11.230,10.880,1675200;
sz002856:18.500,18.530,19.300,18.080,9304207;
sz002853:16.850,17.090,17.150,16.580,1221829;
sz002863:4.870,4.930,4.950,4.830,5494510;
sz002865:13.500,13.750,13.880,13.500,1541600;
sz002866:15.480,15.090,15.600,14.760,10811662;
sz002861:25.240,25.480,25.500,24.520,1226420;
sz002860:26.290,26.110,26.500,25.710,4060350;
sz002862:27.500,27.360,28.250,26.900,1919200;
sz002859:39.000,39.120,39.330,38.600,2602010;
sz001979:16.520,16.610,16.680,16.430,6695859;
sz002871:17.120,17.150,17.160,17.010,591150;
sz002870:19.800,20.030,20.190,19.560,958770;
sz002872:5.580,5.640,5.660,5.570,2191199;
sz002873:19.000,19.180,19.280,18.850,3254055;
sz002876:45.610,45.700,46.020,44.580,2452167;
sz002875:17.120,18.700,18.730,16.930,6593499;
sz002877:7.650,8.030,8.280,7.600,17052200;
sz002878:32.890,33.780,33.880,32.590,3876170;
sz002880:72.660,72.150,72.690,71.270,869370;
sz002883:20.750,21.260,21.700,20.600,5216231;
sz002881:21.450,21.370,21.500,21.100,1280070;
sz002886:30.140,30.230,30.660,29.850,4159098;
sz002885:16.220,16.150,16.240,15.950,3358047;
sz002879:16.950,17.300,17.370,16.810,4810887;
sz002882:10.950,10.970,11.290,10.780,7032448;
sz002889:23.760,23.960,24.030,23.560,807800;
sz002887:17.290,17.450,17.530,17.180,1696480;
sz002890:34.690,35.140,35.580,33.980,1062000;
sz002892:21.910,21.960,22.060,21.810,1143230;
sz002891:23.390,23.400,23.530,22.800,3816508;
sz002895:11.540,11.880,12.060,11.470,6235800;
sz002896:20.620,21.100,21.400,20.600,1177100;
sz002897:30.460,30.950,31.070,30.050,5443911;
sz002898:13.550,13.580,13.590,13.370,1254200;
sz002893:10.160,10.250,10.300,10.120,1766460;
sz002906:12.340,12.440,12.450,12.210,2156300;
sz002903:11.970,12.070,12.130,11.900,1898900;
sz002905:13.070,13.180,13.270,12.920,2322140;
sz002907:18.900,18.720,18.900,18.420,4029939;
sz002909:11.080,11.290,11.300,11.030,2435209;
sz002910:10.370,10.740,10.770,10.300,7745147;
sz002864:29.300,28.980,29.350,28.450,2953055;
sz002912:172.530,174.500,175.800,172.110,827286;
sz002911:15.000,16.570,16.570,15.000,8499154;
sz002915:22.160,22.300,22.380,22.010,864900;
sz002917:14.560,14.650,14.680,14.480,1903200;
sz002919:14.500,14.700,14.790,14.400,1247618;
sz002920:34.030,36.240,36.490,34.030,4723609;
sz002921:18.170,18.210,18.480,17.950,974339;
sz002922:13.480,13.690,13.720,13.450,1430800;
sz002923:18.110,18.080,18.220,17.660,3018244;
sz002927:16.410,16.690,16.950,16.390,1784760;
sz002929:31.900,32.140,32.220,31.610,4148200;
sz002930:18.110,17.180,18.660,17.120,42323370;
sz002931:28.570,27.800,28.700,27.450,5283852;
sz002932:59.000,62.590,64.260,57.030,14315899;
sz002935:31.460,33.180,33.340,31.110,5941120;
sz002936:3.870,3.860,3.870,3.840,9826844;
sz002937:13.120,13.340,13.360,13.120,1335657;
sz002940:50.300,49.900,50.670,48.880,1507268;
sz002939:11.910,12.030,12.060,11.890,17055053;
sz002941:15.750,15.830,16.000,15.660,13020410;
sz002943:21.730,21.850,22.250,21.640,1328600;
sz002942:25.650,26.480,26.500,25.600,2861320;
sz002952:23.620,25.170,25.800,23.620,3250749;
sz002948:5.020,4.990,5.020,4.980,5956165;
sz002945:14.100,14.240,14.320,14.030,13234700;
sz002949:16.880,17.080,17.130,16.860,1123630;
sz002958:4.300,4.280,4.310,4.240,20648149;
sz002955:53.290,53.380,54.270,53.000,1798532;
sz002956:63.290,66.660,67.500,63.150,4173284;
sz002957:24.860,25.150,25.170,24.630,713525;
sz002960:22.180,22.290,22.430,22.010,1272767;
sz002961:28.800,29.580,29.860,28.740,3856095;
sz002962:28.450,28.710,28.870,28.300,1709400;
sz000001:13.370,13.230,13.420,13.160,103280274;
sz000002:25.820,26.130,26.160,25.660,52540708;
sz000012:4.400,4.470,4.490,4.380,14818816;
sz000014:8.370,8.610,8.750,8.350,5617585;
sz000016:7.470,7.660,7.700,7.440,90481801;
sz000019:8.500,9.690,9.690,8.300,89609789;
sz000020:9.260,9.500,9.580,9.220,2160588;
sz000021:19.590,19.870,19.940,19.490,43958254;
sz001872:14.420,14.360,14.430,14.080,1845705;
sz000026:8.540,8.650,8.720,8.530,2394500;
sz000027:5.280,5.330,5.360,5.240,5934276;
sz000031:5.260,5.330,5.340,5.230,5362028;
sz000032:17.000,18.010,18.330,16.870,7167108;
sz000034:27.020,26.970,27.260,26.670,17550414;
sz000035:4.780,5.100,5.180,4.740,39053752;
sz000037:11.580,11.720,11.820,11.460,1085261;
sz000039:7.460,7.540,7.560,7.430,5231281;
sz000040:3.090,3.140,3.140,3.070,24154229;
sz000043:19.910,20.250,20.490,19.710,7096940;
sz000046:3.630,3.660,3.660,3.590,8840277;
sz000049:36.710,37.180,37.240,36.430,2525250;
sz000060:3.510,3.550,3.560,3.490,16218399;
sz000062:11.800,11.950,11.970,11.740,3481829;
sz000063:40.030,40.600,40.600,39.900,48070694;
sz000065:7.670,7.760,7.810,7.650,4335597;
sz000066:12.300,12.370,12.450,12.110,86608006;
sz000069:6.200,6.240,6.260,6.120,20023681;
sz000070:9.320,9.410,9.460,9.270,8993025;
sz000088:4.420,4.470,4.490,4.410,3969950;
sz000089:7.680,7.780,7.790,7.630,5905728;
sz000090:6.390,6.900,6.980,6.300,90438420;
sz000099:6.220,6.860,6.860,6.170,29785464;
sz000100:4.360,4.440,4.450,4.340,256678205;
sz000156:9.860,9.880,9.900,9.730,9861887;
sz000157:6.350,6.320,6.360,6.250,28709617;
sz000159:5.150,5.340,5.480,5.130,36113289;
sz000166:4.320,4.350,4.360,4.310,21768630;
sz000333:50.200,51.400,51.470,49.990,20763713;
sz000338:13.160,13.420,13.450,13.100,30594775;
sz000400:14.420,14.840,15.080,14.410,27593437;
sz000401:20.090,19.990,20.290,19.710,30118936;
sz000413:2.880,2.920,2.930,2.840,65706917;
sz000423:26.460,27.020,27.100,26.150,4684118;
sz000425:5.700,5.780,5.820,5.630,65980980;
sz000429:6.810,6.780,6.820,6.700,1640976;
sz000488:4.960,4.940,4.980,4.900,28535090;
sz000513:42.200,42.180,42.560,41.520,8258492;
sz000516:4.150,4.180,4.190,4.100,8345102;
sz000519:8.720,8.790,8.890,8.510,103723677;
sz000521:2.980,3.010,3.020,2.970,7391348;
sz000524:6.220,6.360,6.370,6.200,3652183;
sz000528:6.760,6.810,6.830,6.720,13510488;
sz000538:83.470,86.250,86.300,82.680,6235289;
sz000539:3.530,3.540,3.550,3.500,3251027;
sz000541:4.600,4.660,4.670,4.520,5895565;
sz000547:15.260,15.260,15.330,14.940,19630009;
sz000550:11.780,12.000,12.040,11.750,2229925;
sz000553:10.570,10.880,11.150,10.570,14879919;
sz000555:16.610,16.750,16.770,16.280,26812215;
sz000558:2.630,2.660,2.660,2.610,4933350;
sz000559:4.990,5.050,5.050,4.960,5751689;
sz000560:3.230,3.250,3.260,3.210,4602120;
sz000561:6.500,6.740,6.760,6.440,12948915;
sz000563:3.500,3.540,3.550,3.480,18885317;
sz000568:74.290,77.280,77.720,73.810,14521815;
sz000581:20.280,20.160,20.430,19.990,8154026;
sz000582:9.680,9.810,9.840,9.600,5070576;
sz000584:5.280,5.410,5.410,5.250,3658151;
sz000596:127.300,128.360,129.560,125.080,2394937;
sz000603:11.330,11.420,11.480,11.260,9655854;
sz000606:4.170,4.200,4.220,4.090,10899400;
sz000617:9.810,9.820,9.880,9.720,1047857;
sz000625:9.170,9.190,9.260,9.050,42175253;
sz000627:5.650,5.660,5.690,5.600,21102159;
sz000636:18.250,18.580,18.700,18.180,29059299;
sz000651:53.070,54.200,54.200,52.750,32078808;
sz000661:557.080,588.600,595.960,551.210,4094246;
sz000671:6.770,6.820,6.850,6.620,15584071;
sz000676:8.070,8.300,8.430,8.030,23841743;
sz000681:14.400,14.450,14.530,14.320,9488612;
sz000708:27.710,27.480,27.850,27.230,3826695;
sz000723:6.860,7.030,7.120,6.760,45587729;
sz000725:3.770,3.810,3.820,3.750,327253182;
sz000726:8.360,8.410,8.420,8.340,2211415;
sz000728:7.990,8.050,8.060,7.970,14598113;
sz000729:5.820,5.930,5.930,5.780,9948954;
sz000732:4.810,4.850,4.850,4.770,16362526;
sz000733:20.750,20.650,21.120,20.470,12543041;
sz000738:12.480,12.540,12.640,12.350,10339029;
sz000750:4.310,4.340,4.350,4.300,29872070;
sz000768:17.030,17.150,17.350,16.950,16073362;
sz000776:13.610,13.700,13.740,13.590,21304552;
sz000777:11.290,11.370,11.440,11.230,1969612;
sz000785:8.090,8.170,8.220,8.030,2618368;
sz000788:6.610,6.670,6.690,6.550,6286389;
sz000796:7.800,8.150,8.150,7.630,14957866;
sz000811:6.530,6.490,6.650,6.380,12567605;
sz002194:23.980,23.950,24.100,23.700,9587621;
sz000823:12.000,12.290,12.300,11.910,12190409;
sz000826:8.050,8.200,8.200,8.030,9176607;
sz000848:6.900,7.570,7.570,6.900,38186887;
sz000858:126.540,130.300,130.990,125.420,26598477;
sz000860:60.120,62.150,62.390,59.380,9031933;
sz000869:22.950,24.240,24.300,22.920,2989457;
sz000876:32.850,34.960,35.550,32.820,64108383;
sz000888:6.130,6.220,6.220,6.130,5251777;
sz000895:40.290,42.200,42.300,40.000,18002103;
sz000902:7.990,8.560,8.570,7.880,30215375;
sz000910:11.750,11.430,11.750,11.250,5347398;
sz000921:9.410,9.640,9.660,9.400,7196362;
sz000936:9.740,9.980,10.060,9.620,30728070;
sz000938:38.100,38.370,38.460,37.800,13739753;
sz000951:23.890,23.480,23.950,23.150,6816980;
sz000957:7.810,7.850,7.900,7.640,16683565;
sz000961:7.390,7.550,7.690,7.350,27541055;
sz000963:18.400,18.400,18.440,18.110,10019029;
sz000967:6.050,6.160,6.220,6.040,9349489;
sz000970:9.010,9.180,9.250,8.990,16740421;
sz000977:39.600,40.010,40.180,39.010,32642324;
sz000978:4.640,4.740,4.750,4.630,2882028;
sz000987:9.560,10.010,10.130,9.520,47400223;
sz000988:21.410,21.270,21.540,21.030,19517869;
sz000989:8.910,9.230,9.250,8.810,13400123;
sz000993:6.090,6.120,6.130,6.060,1565000;
sz000998:15.900,17.210,17.620,15.800,83883525;
sz000999:30.190,29.860,30.190,29.500,7474360;
sz002001:27.350,27.950,28.050,27.110,31412908;
sz002002:3.720,3.790,3.800,3.710,18855377;
sz002003:5.580,5.610,5.630,5.540,1867583;
sz002007:48.080,48.980,49.130,47.000,16506409;
sz002008:28.910,29.500,29.630,28.720,10030796;
sz002010:6.100,6.120,6.190,6.050,7534769;
sz002013:7.910,8.010,8.030,7.810,22362258;
sz002014:9.440,9.510,9.750,9.310,4848044;
sz002019:18.190,18.480,18.750,18.150,21305393;
sz002020:10.960,10.860,10.960,10.710,16240633;
sz002024:8.700,8.710,8.720,8.630,24637754;
sz002025:26.350,26.490,26.670,25.910,3377873;
sz002027:4.320,4.420,4.420,4.270,92507423;
sz002030:25.870,26.000,26.930,25.200,136368732;
sz002032:66.810,67.340,67.640,66.810,766660;
sz002033:6.050,6.160,6.180,6.030,9889422;
sz002035:11.500,11.600,11.750,11.420,8574936;
sz002036:13.820,14.150,14.150,13.750,10369845;
sz002038:12.000,12.020,12.040,11.810,7278335;
sz002040:6.450,6.470,6.600,6.350,7452197;
sz002041:12.600,14.270,14.280,12.250,113190720;
sz002042:5.150,5.330,5.340,5.110,11415765;
sz002043:8.110,8.290,8.380,8.080,15180335;
sz002044:11.160,11.400,11.490,11.150,31888534;
sz002049:59.920,61.030,61.250,59.600,20052424;
sz002050:18.970,19.300,19.440,18.750,13222529;
sz002051:7.970,7.970,8.010,7.880,4006127;
sz002055:12.170,12.410,12.420,12.020,7730037;
sz002056:10.150,10.450,10.540,10.100,30854239;
sz002059:5.060,5.230,5.280,5.040,13657500;
sz002060:3.120,3.210,3.220,3.100,27153593;
sz002063:13.860,13.860,13.890,13.580,21235992;
sz002065:13.630,13.680,13.760,13.320,61667640;
sz002074:24.830,25.870,26.970,23.700,109862686;
sz002080:12.290,12.290,12.390,12.140,10869326;
sz002081:8.720,8.800,8.850,8.620,21167179;
sz002085:6.670,6.690,6.720,6.610,4137241;
sz002090:8.820,8.940,8.960,8.760,3384735;
sz002091:5.690,5.740,5.770,5.680,11645424;
sz002092:4.920,4.950,4.950,4.890,12096849;
sz002094:4.030,4.130,4.150,3.990,12197997;
sz002095:19.360,19.710,19.980,19.200,3911871;
sz002097:6.160,6.240,6.240,6.120,12628520;
sz002099:6.170,6.190,6.220,6.120,8086544;
sz002101:7.420,7.530,7.550,7.420,4382765;
sz002106:9.920,10.380,10.400,9.900,32099454;
sz002110:7.270,7.200,7.270,7.160,25463425;
sz002111:14.330,14.430,14.480,14.050,6242469;
sz002115:9.470,9.650,9.670,9.440,11619744;
sz002116:7.320,7.440,7.460,7.320,1437805;
sz002117:11.710,11.860,11.950,11.640,10438024;
sz002120:29.870,30.050,30.300,29.520,7385713;
sz002121:3.610,3.710,3.800,3.550,13452495;
sz002126:8.860,8.810,8.870,8.720,12581266;
sz002129:15.780,15.900,16.130,15.670,50552925;
sz002135:8.740,9.670,9.670,8.650,25880108;
sz002138:21.400,21.750,21.870,21.280,12084795;
sz002139:5.470,5.590,5.610,5.420,19004080;
sz002142:23.330,23.330,23.550,23.030,18072448;
sz002151:29.800,29.770,30.070,29.400,12510475;
sz002152:11.680,13.400,13.400,11.680,237803281;
sz002153:29.700,30.830,31.090,29.310,8233169;
sz002156:23.010,23.760,24.050,22.700,70182494;
sz002157:18.210,19.700,19.900,18.120,127959725;
sz002158:12.100,12.360,12.360,12.050,9228212;
sz002169:8.480,8.630,8.740,8.410,20557879;
sz002179:33.930,34.380,34.470,33.690,4674475;
sz002180:29.610,29.900,30.260,29.400,17188913;
sz002181:4.620,4.680,4.700,4.590,4964994;
sz002185:11.900,12.450,12.450,11.860,225186070;
sz002187:7.340,7.370,7.370,7.290,717601;
sz002189:16.730,16.910,16.970,16.600,3760522;
sz002191:9.160,9.170,9.210,9.060,12859138;
sz002195:3.030,3.170,3.240,3.010,289094931;
sz002202:9.690,9.930,9.940,9.660,15011422;
sz002203:9.040,9.190,9.190,9.020,1695839;
sz002206:3.440,3.490,3.500,3.420,7022832;
sz002214:20.510,20.650,20.670,20.110,18041252;
sz002215:5.950,6.140,6.180,5.930,28988872;
sz002216:21.070,22.290,22.470,20.920,9895127;
sz002217:5.610,5.920,5.940,5.600,70749472;
sz002222:10.750,10.930,10.930,10.700,4624201;
sz002223:37.390,37.490,37.600,36.660,55115806;
sz002230:34.400,35.250,35.290,34.210,37803211;
sz002233:13.780,13.920,14.160,13.680,47507634;
sz002236:16.200,16.510,16.550,16.160,23288346;
sz002238:9.350,9.740,9.930,9.270,19473925;
sz002241:18.060,18.540,18.540,18.020,62461356;
sz002242:30.060,30.560,30.740,29.880,3070908;
sz002244:4.120,4.170,4.190,4.090,9935735;
sz002252:8.040,8.100,8.110,7.950,21088151;
sz002253:12.740,13.070,13.150,12.600,2932221;
sz002258:14.900,15.500,15.730,14.800,16123491;
sz002268:23.120,23.230,23.370,22.720,13419099;
sz002271:39.650,39.520,40.250,38.950,14567242;
sz002273:13.330,13.770,13.790,13.280,28610171;
sz002275:13.460,13.360,13.460,13.260,1365954;
sz002277:3.680,4.070,4.070,3.650,79408934;
sz002279:6.840,7.040,7.350,6.760,43049660;
sz002281:30.770,31.000,31.130,30.680,7119604;
sz002285:2.660,2.730,2.750,2.640,11142382;
sz002293:8.960,9.020,9.020,8.910,1951640;
sz002294:18.340,18.740,18.770,18.200,3073851;
sz002299:21.400,22.240,22.280,21.240,19252714;
sz002300:6.570,6.640,6.660,6.520,8311922;
sz002301:15.640,15.730,15.930,15.330,9167037;
sz002302:10.360,10.360,10.390,10.250,13781476;
sz002304:88.250,90.590,90.800,87.730,5737450;
sz002307:0.000,0.000,0.000,0.000,0;
sz002311:42.090,43.680,43.970,41.620,10733775;
sz002315:14.990,15.030,15.090,14.860,3291300;
sz002327:6.960,7.060,7.080,6.850,1651894;
sz002331:9.650,10.630,10.630,9.530,15965027;
sz002340:4.630,4.710,4.710,4.620,44428112;
sz002344:3.830,3.950,3.950,3.830,10076142;
sz002351:16.140,16.530,16.590,16.100,12311402;
sz002352:47.480,49.010,49.160,47.270,12651943;
sz002353:25.000,25.290,25.820,25.000,30711067;
sz002365:11.700,11.780,11.840,11.510,6125669;
sz002367:8.850,8.980,9.120,8.820,29297093;
sz002368:38.980,39.300,39.420,38.450,10770393;
sz002371:134.420,139.220,139.510,132.430,8343627;
sz002372:12.330,12.270,12.560,12.210,7572174;
sz002373:23.360,23.370,23.480,23.010,19615830;
sz002376:10.450,10.460,10.460,10.350,4119754;
sz002382:18.120,18.000,18.340,17.780,23517357;
sz002383:10.100,10.060,10.100,9.980,5212933;
sz002384:22.710,23.260,23.290,22.590,32760568;
sz002394:8.960,9.180,9.180,8.960,3156026;
sz002396:38.480,38.190,38.740,37.700,11752390;
sz002404:5.350,5.420,5.430,5.340,2867305;
sz002405:15.010,15.140,15.210,14.940,35068891;
sz002414:37.750,38.180,38.200,37.100,6397876;
sz002415:29.700,29.980,30.280,29.520,24833860;
sz002419:8.580,8.920,8.940,8.560,7262220;
sz002421:4.150,4.480,4.640,4.110,333700958;
sz002422:20.850,21.400,21.440,20.410,11615879;
sz002423:8.270,8.530,8.620,8.250,4466188;
sz002425:4.940,5.020,5.020,4.920,7200840;
sz002432:10.550,10.110,10.570,9.900,40711667;
sz002434:8.420,8.530,8.540,8.280,2992198;
sz002436:11.440,11.740,11.870,11.350,39814416;
sz002439:38.880,39.060,39.620,38.740,5455155;
sz002440:9.440,9.600,9.730,9.400,9770153;
sz002444:9.970,10.090,10.130,9.950,9586825;
sz002449:10.650,10.970,10.980,10.630,22995653;
sz002456:14.550,14.840,14.840,14.480,82436420;
sz002458:17.300,17.970,18.170,17.110,41072882;
sz002460:41.020,42.540,42.800,40.650,32472563;
sz002461:6.190,6.370,6.380,6.120,7505891;
sz002462:15.300,15.310,15.310,15.170,1679181;
sz002463:26.800,26.650,27.280,26.200,48465950;
sz002465:12.180,12.200,12.310,12.080,27568503;
sz002468:16.340,16.500,16.520,16.180,3216700;
sz002475:41.030,41.850,41.920,40.660,40966083;
sz002479:5.960,6.000,6.040,5.950,5377700;
sz002482:3.640,3.750,3.790,3.610,8554278;
sz002484:8.870,8.960,8.990,8.760,8632603;
sz002500:6.980,7.040,7.050,6.970,9094677;
sz002507:32.700,35.550,36.580,32.700,24616142;
sz002508:30.720,31.150,31.500,30.640,7559642;
sz002510:5.020,5.100,5.140,4.990,22187361;
sz002511:16.710,17.250,17.300,16.650,17744800;
sz002516:3.080,3.130,3.180,3.050,20003438;
sz002518:12.570,12.850,13.000,12.530,9666174;
sz002531:5.600,5.760,5.830,5.580,13040127;
sz002533:5.480,5.720,5.760,5.450,14813221;
sz002534:7.720,7.940,7.980,7.700,3148038;
sz002537:7.010,7.400,7.770,6.810,111446212;
sz002543:7.920,7.990,7.990,7.890,1079823;
sz002546:4.330,4.460,4.560,4.310,30025524;
sz002547:7.590,7.720,7.760,7.500,21811989;
sz002555:36.100,36.900,37.030,35.570,22184243;
sz002557:49.000,51.880,52.330,48.600,6271214;
sz002558:16.550,16.700,16.720,16.420,2848843;
sz002559:5.810,5.990,6.010,5.780,7771045;
sz002561:7.570,7.790,7.830,7.540,3751143;
sz002563:7.040,7.110,7.140,6.950,4294456;
sz002565:4.670,4.790,4.800,4.620,14715050;
sz002567:9.260,9.900,10.060,9.220,80864849;
sz002568:31.910,32.870,32.920,31.250,3716483;
sz002570:6.230,6.340,6.450,6.100,40453150;
sz002572:19.180,19.330,19.390,18.910,5211539;
sz002573:5.650,5.730,5.730,5.630,4652901;
sz002579:13.420,14.090,14.120,13.410,9234506;
sz002582:8.930,9.490,9.550,8.910,18301833;
sz002583:6.260,6.350,6.370,6.220,16914099;
sz002589:5.580,5.590,5.610,5.520,14917768;
sz002594:58.400,59.430,60.000,57.880,12145802;
sz002595:16.770,16.800,16.860,16.560,2340223;
sz002600:8.590,8.810,8.810,8.520,60369036;
sz002601:14.960,15.200,15.330,14.900,6934064;
sz002603:33.360,33.700,33.890,32.110,106189025;
sz002607:24.160,24.650,24.800,23.820,10761891;
sz002608:6.280,6.330,6.340,6.210,1524009;
sz002609:10.600,10.800,10.850,10.460,4202502;
sz002614:9.570,9.600,9.700,9.440,9631925;
sz002626:19.900,20.420,20.480,19.760,7594791;
sz002628:4.080,4.100,4.160,4.080,9264798;
sz002632:8.160,8.270,8.280,8.080,7247512;
sz002635:18.300,19.630,20.340,18.260,46384000;
sz002640:5.750,5.820,5.860,5.730,20931344;
sz002643:14.700,14.690,14.950,14.420,11902351;
sz002645:11.490,12.550,12.550,11.180,20245595;
sz002646:9.060,9.150,9.170,8.980,1975953;
sz002647:28.400,28.590,28.680,28.200,6499951;
sz002648:15.000,14.700,15.130,14.530,26690551;
sz002649:9.120,9.290,9.290,9.060,8038755;
sz002655:9.470,9.650,9.690,9.360,10632920;
sz002657:15.350,15.650,15.720,15.270,8143216;
sz002661:16.950,18.780,18.780,16.880,25528944;
sz002666:5.330,5.450,5.480,5.300,4731300;
sz002668:5.130,5.280,5.470,5.060,100748202;
sz002672:9.620,9.720,9.730,9.570,5459198;
sz002673:7.920,8.010,8.010,7.910,13297502;
sz002675:16.040,16.100,16.270,15.750,8610475;
sz002677:11.260,11.260,11.310,11.140,2695454;
sz002681:3.140,3.220,3.230,3.110,24634710;
sz002690:41.380,41.700,41.890,41.100,2081937;
sz002696:6.520,6.860,7.070,6.500,16450751;
sz002697:10.160,10.300,10.360,10.030,21805856;
sz002701:4.110,4.100,4.120,4.080,12309001;
sz002705:22.300,22.500,22.850,22.000,5288140;
sz002706:13.300,13.470,13.700,13.250,7233350;
sz002707:4.670,4.740,4.750,4.640,14251250;
sz002714:123.000,126.460,128.290,122.600,20798084;
sz002718:13.640,13.980,14.090,13.510,1046833;
sz002726:6.920,7.520,7.650,6.850,69584326;
sz002727:26.480,27.330,27.430,26.480,6155637;
sz002733:21.910,22.320,22.350,21.650,6856683;
sz002739:14.810,15.200,15.360,14.680,14427626;
sz002741:11.170,11.370,11.500,11.020,3713806;
sz002743:6.840,7.010,7.040,6.760,6384450;
sz002745:11.390,11.450,11.510,11.250,7282329;
sz002746:14.160,14.860,14.870,14.070,14669611;
sz002747:10.190,10.670,10.760,10.070,14604960;
sz002757:23.650,23.570,23.840,23.100,6868132;
sz002762:5.180,5.290,5.290,5.140,3020850;
sz002768:44.800,45.130,45.990,43.500,16171606;
sz002773:39.060,39.530,39.530,38.200,3049110;
sz002775:5.170,5.210,5.230,5.160,2751088;
sz002777:43.210,43.270,43.820,42.250,2336339;
sz002788:8.300,8.390,8.440,8.200,4052360;
sz002798:30.100,30.500,31.280,29.900,7929874;
sz002812:50.200,51.630,51.980,49.790,5248707;
sz002815:16.800,17.210,17.310,16.740,12470063;
sz002821:186.960,190.190,190.500,186.300,1388921;
sz002832:19.880,19.990,20.000,19.650,2172513;
sz002841:78.110,79.830,79.970,78.100,1145294;
sz002847:66.080,69.980,70.990,65.790,2653110;
sz002852:14.100,14.810,14.930,14.030,6985196;
sz002851:20.920,21.100,21.180,20.810,2404982;
sz002867:17.770,17.750,17.830,17.660,2395480;
sz002869:68.210,68.990,69.500,67.900,1883767;
sz002884:14.660,14.820,14.890,14.520,912926;
sz002888:19.000,18.850,19.100,18.600,1336145;
sz002899:12.670,12.730,12.750,12.590,1019000;
sz002901:78.150,78.300,78.800,76.820,1689800;
sz002900:12.030,12.080,12.080,11.890,2445750;
sz002902:19.680,19.800,19.910,19.560,2493226;
sz002908:12.130,13.480,13.480,12.100,21629161;
sz002913:57.260,59.010,59.380,57.070,2648824;
sz002916:234.500,232.820,236.520,229.000,3465545;
sz002918:23.960,24.310,24.580,23.960,3269796;
sz001965:7.000,6.990,7.020,6.950,2350925;
sz002925:49.670,51.100,51.300,49.500,2959309;
sz002926:10.170,10.280,10.300,10.140,23290719;
sz002818:11.800,11.940,11.990,11.770,1657163;
sz002928:13.870,13.630,13.870,13.050,15467479;
sz002933:35.060,35.710,36.000,34.810,1334618;
sz002938:36.840,37.880,38.180,36.730,9119258;
sz002946:11.190,11.630,11.810,11.150,4506116;
sz002947:47.600,47.900,48.900,47.270,1404642;
sz002950:35.880,35.370,35.880,34.800,9181608;
sz002959:90.510,92.400,93.880,90.000,1484918;
sz002966:8.700,8.680,8.700,8.600,10372715;
sz003816:2.890,2.910,2.910,2.880,24614729;
