sh600048:15.560,15.500,15.720,15.410,74648257;
sh600053:28.880,28.350,28.880,27.790,11019441;
sh600061:13.780,13.600,13.780,13.480,35594695;
sh600063:3.680,3.750,3.690,3.630,24601000;
sh600071:10.150,10.420,10.400,10.150,2098303;
sh600076:3.930,4.010,4.020,3.910,18171260;
sh600077:2.800,2.800,2.810,2.780,5666323;
sh600078:5.220,5.120,5.270,4.930,54674529;
sh600079:14.960,14.650,14.980,14.530,28683087;
sh600081:11.140,11.760,12.100,11.050,11854120;
sh600082:3.550,3.560,3.580,3.520,3381205;
sh600090:4.500,4.490,4.530,4.430,19001110;
sh600101:6.470,6.410,6.520,6.340,6531053;
sh600111:10.180,10.270,10.260,10.040,86160266;
sh600113:6.600,6.600,6.640,6.500,5829573;
sh600115:4.920,4.910,4.950,4.860,30527334;
sh600120:9.460,9.320,9.490,9.240,22799099;
sh600146:11.670,12.120,12.190,11.630,13568551;
sh600151:4.380,4.530,4.560,4.370,22667792;
sh600156:4.500,4.590,4.580,4.480,7493771;
sh600160:6.750,7.010,6.850,6.730,57143661;
sh600161:37.160,36.160,37.160,35.780,23906864;
sh600162:2.060,2.080,2.080,2.040,13659669;
sh600169:1.980,2.020,2.030,1.970,16342538;
sh600175:1.460,1.510,1.500,1.450,104386635;
sh600197:14.160,14.210,14.260,14.020,5398193;
sh600199:5.380,5.450,5.410,5.330,10962374;
sh600200:9.220,9.110,9.330,8.920,76767403;
sh600203:6.470,6.700,6.640,6.450,15168869;
sh600206:15.700,16.100,16.590,15.260,118114156;
sh600207:4.520,4.700,4.750,4.490,14729864;
sh600208:3.480,3.530,3.550,3.440,128179135;
sh600213:7.980,8.090,8.240,7.950,9742846;
sh600218:10.640,10.760,10.790,10.480,22777465;
sh600221:1.550,1.570,1.580,1.540,79794840;
sh600223:9.100,9.010,9.270,8.890,41748956;
sh600226:2.990,3.010,3.050,2.940,128744919;
sh600227:2.730,2.720,2.740,2.690,8718363;
sh600235:4.710,4.790,4.830,4.680,9704001;
sh600236:4.620,4.610,4.650,4.600,6245908;
sh600242:7.730,7.980,7.770,7.560,29871629;
sh600246:5.320,5.470,5.540,5.250,9839729;
sh600262:16.470,16.510,16.720,16.300,554771;
sh600266:7.390,7.400,7.470,7.350,12927414;
sh600267:18.890,17.730,18.890,17.580,230880533;
sh600268:4.830,4.930,4.980,4.790,13044023;
sh600278:9.970,10.120,10.180,10.040,6638667;
sh600279:3.860,3.900,3.920,3.860,4344850;
sh600283:9.140,9.180,9.230,9.130,1345615;
sh600285:9.750,9.840,9.810,9.620,9676265;
sh600288:12.450,13.000,13.050,12.410,12310541;
sh600291:7.820,7.850,7.880,7.680,15306760;
sh600293:2.820,2.870,2.860,2.810,13895624;
sh600300:3.040,3.030,3.060,3.010,17351107;
sh600310:3.990,4.020,4.060,3.970,5286812;
sh600311:2.950,3.070,3.000,2.920,54975114;
sh600313:3.200,3.200,3.240,3.160,57430722;
sh600317:2.240,2.270,2.270,2.230,16299015;
sh600322:2.660,2.640,2.670,2.620,15874238;
sh600323:19.470,19.740,19.750,19.410,6877055;
sh600326:6.850,6.810,6.850,6.740,13887455;
sh600336:4.780,4.920,4.780,4.650,22466927;
sh600337:4.390,4.340,4.400,4.260,21234867;
sh600338:11.120,11.080,11.200,10.960,10019633;
sh600339:2.940,2.950,2.980,2.920,25722358;
sh600351:6.080,5.900,6.090,5.820,15590218;
sh600353:5.460,5.620,5.720,5.380,15453630;
sh600354:5.320,5.350,5.380,5.200,52891802;
sh600355:3.170,3.300,3.240,3.160,24036839;
sh600360:8.200,8.660,8.740,8.170,111044762;
sh600363:14.630,15.130,15.300,14.610,17088025;
sh600366:6.100,6.350,6.340,6.100,43070994;
sh600371:12.700,12.910,12.980,12.600,30023076;
sh600375:4.180,4.220,4.260,4.150,7158061;
sh600381:5.010,5.080,5.140,5.000,4991880;
sh600392:8.400,8.260,8.530,8.170,58150233;
sh600393:2.780,2.770,2.800,2.750,14731200;
sh600398:7.150,7.120,7.220,7.100,6568235;
sh600419:11.590,11.630,11.670,11.510,3857002;
sh600425:3.650,3.680,3.700,3.600,25122590;
sh600429:5.040,5.080,5.050,5.000,3361245;
sh600449:10.530,10.500,10.560,10.340,10987553;
sh600455:27.750,29.140,27.960,27.420,8443264;
sh600463:6.350,6.320,6.370,6.250,2020212;
sh600466:7.030,6.840,7.030,6.750,35639012;
sh600467:2.270,2.280,2.310,2.260,16569976;
sh600476:13.260,13.740,13.860,13.220,5497531;
sh600478:4.560,4.620,4.640,4.500,26897590;
sh600479:9.270,9.390,9.320,9.120,16001136;
sh600480:9.510,9.610,9.780,9.350,15433105;
sh600481:3.020,3.030,3.040,3.010,4808584;
sh600488:4.770,4.790,4.850,4.700,11829322;
sh600495:3.820,3.870,3.900,3.790,13692871;
sh600499:4.730,4.720,4.780,4.620,14707851;
sh600501:8.840,8.900,9.090,8.690,15192175;
sh600503:3.330,3.320,3.390,3.280,42851323;
sh600505:8.580,8.830,8.960,8.500,4617560;
sh600506:9.130,9.240,9.340,9.080,2728377;
sh600517:7.140,7.180,7.250,7.030,20740710;
sh600520:9.960,10.110,10.170,10.050,2884820;
sh600525:5.190,5.310,5.390,5.160,23681919;
sh600526:5.280,5.260,5.370,5.200,7633463;
sh600527:2.680,2.740,2.690,2.640,92797845;
sh600530:4.120,4.160,4.150,4.100,7716580;
sh600533:3.120,3.120,3.120,3.080,11112967;
sh600537:3.180,3.370,3.490,3.180,39461558;
sh600549:13.370,13.450,13.460,13.160,31348345;
sh600559:9.670,9.800,9.860,9.600,18555838;
sh600562:15.000,15.150,15.350,14.850,11596296;
sh600568:1.720,1.710,1.720,1.690,53249468;
sh600573:5.910,5.930,5.930,5.800,3234201;
sh600587:18.020,18.060,18.430,17.660,15818897;
sh600593:39.060,39.070,39.380,38.940,665120;
sh600596:9.800,9.770,9.880,9.670,39199488;
sh600601:3.140,3.330,3.190,3.100,58071238;
sh600602:9.430,9.770,9.690,9.380,34474471;
sh600603:5.250,5.290,5.380,5.170,14872744;
sh600604:7.730,7.820,7.880,7.650,28515635;
sh600613:7.870,7.970,7.990,7.850,9688241;
sh600623:6.080,6.120,6.160,6.040,11215306;
sh600624:10.450,10.540,10.690,10.350,48440034;
sh600626:6.210,6.180,6.240,6.110,16490789;
sh600628:7.910,7.860,7.920,7.790,1559065;
sh600630:8.620,8.750,8.700,8.540,26830364;
sh600638:5.620,5.710,5.670,5.580,4081007;
sh600639:13.100,13.030,13.200,12.930,1718866;
sh600640:21.690,21.890,22.360,21.200,17966004;
sh600641:22.110,23.910,22.870,22.110,30555579;
sh600644:5.100,5.170,5.200,5.100,3038010;
sh600645:18.860,18.400,18.910,18.240,11296356;
sh600647:12.640,12.800,12.750,12.300,2259718;
sh600649:5.190,5.160,5.230,5.130,10246222;
sh600651:3.940,3.940,3.940,3.940,8989606;
sh600661:19.320,21.230,19.390,18.980,13607594;
sh600662:4.080,4.130,4.130,4.060,8225116;
sh600668:14.690,14.640,14.690,14.410,11827915;
sh603179:23.460,24.180,24.500,23.160,2669543;
sh600671:12.390,12.580,12.800,12.300,4346710;
sh600677:5.150,5.290,5.390,5.150,33946067;
sh600678:7.410,7.330,7.500,7.230,31677501;
sh600682:9.700,9.840,9.870,9.630,13660800;
sh600683:3.900,3.920,3.960,3.850,3509189;
sh600684:3.240,3.240,3.280,3.210,6972049;
sh600689:8.710,8.750,8.750,8.620,2708532;
sh600693:4.990,4.990,5.010,4.920,3678780;
sh600695:9.530,8.770,9.530,8.580,97521941;
sh600697:15.830,15.850,15.920,15.680,2060800;
sh600706:7.520,7.640,7.640,7.490,2056080;
sh600708:3.110,3.110,3.130,3.070,13412707;
sh600711:5.230,5.250,5.320,5.180,61105078;
sh600712:7.130,7.190,7.170,6.960,50161566;
sh600716:3.890,3.880,3.910,3.850,3718459;
sh600719:4.190,4.210,4.220,4.150,1839902;
sh600724:3.220,3.260,3.270,3.200,4051762;
sh600730:4.660,4.910,4.820,4.630,16941244;
sh600734:5.300,5.170,5.300,5.040,32729846;
sh600736:5.330,5.570,5.450,5.330,26367964;
sh600737:9.180,8.950,9.270,8.880,65481663;
sh600744:2.300,2.300,2.320,2.270,7173181;
sh600746:7.530,7.640,7.580,7.410,9403237;
sh600748:5.210,5.160,5.290,5.110,17001470;
sh603893:27.170,27.170,27.170,27.170,98483;
sh600755:6.910,6.920,6.920,6.820,16950851;
sh600756:21.220,22.090,22.640,21.200,23722417;
sh600764:28.970,28.520,29.240,28.060,4110000;
sh600770:5.220,5.530,5.330,5.180,45299177;
sh600771:15.770,16.330,16.880,15.700,14427841;
sh600773:5.500,5.600,5.620,5.490,9397270;
sh600777:1.940,1.950,1.950,1.920,79884523;
sh600783:14.050,14.220,14.240,13.900,12365476;
sh600784:4.480,4.500,4.530,4.430,5262135;
sh600785:13.820,14.090,14.030,13.790,684666;
sh600796:5.980,5.770,5.980,5.600,16537633;
sh600800:4.980,5.020,5.040,4.970,6903607;
sh600802:10.100,10.000,10.170,9.780,32869922;
sh600808:2.770,2.740,2.780,2.730,20966929;
sh600818:11.390,11.200,11.400,11.080,1164284;
sh600819:5.090,5.150,5.160,5.030,14930869;
sh600821:4.080,4.240,4.220,4.060,6080690;
sh600822:9.420,9.580,9.580,9.390,8862367;
sh600824:3.070,3.110,3.120,3.070,5040523;
sh600825:5.090,5.170,5.170,5.070,7615158;
sh600828:3.990,4.040,4.060,3.980,6061106;
sh600829:8.240,8.270,8.300,8.070,12054137;
sh600830:5.230,5.170,5.260,5.100,9217999;
sh600831:9.480,10.200,9.600,10.100,78783522;
sh600833:10.570,10.730,10.770,10.510,6305643;
sh600834:6.290,6.320,6.350,6.250,2429912;
sh600836:4.190,4.310,4.380,4.170,7979662;
sh600838:5.440,5.530,5.530,5.420,3563460;
sh600841:6.500,6.530,6.540,6.440,1092533;
sh600843:7.440,7.540,7.500,7.360,1981210;
sh600846:9.050,9.140,9.160,8.990,20765724;
sh600851:8.230,8.330,8.280,8.180,6351803;
sh600853:3.070,3.080,3.110,3.060,6417340;
sh600854:3.410,3.460,3.450,3.380,4457231;
sh600855:11.870,12.090,12.260,11.720,10822265;
sh600857:9.530,9.640,9.700,9.500,712223;
sh600860:4.750,4.830,4.870,4.670,5948001;
sh600861:8.780,8.820,8.860,8.730,1268120;
sh600862:13.800,13.400,14.060,13.030,47013298;
sh600864:7.150,7.180,7.280,7.060,39491789;
sh600865:6.010,6.140,6.200,5.980,3111403;
sh600866:5.690,5.750,5.700,5.550,46520693;
sh600867:11.970,12.190,12.110,11.820,41224957;
sh600868:3.260,3.290,3.320,3.240,26918206;
sh600869:4.200,4.270,4.240,4.160,52636636;
sh600871:2.150,2.160,2.180,2.140,28384762;
sh600874:7.020,7.010,7.060,6.950,7142827;
sh600876:15.570,15.800,16.280,15.300,14701544;
sh600879:7.100,7.100,7.160,6.860,141386667;
sh600880:3.690,3.770,3.740,3.670,14064004;
sh600882:16.990,17.830,17.400,16.980,4843536;
sh600885:35.900,37.420,38.280,35.770,12493917;
sh600888:4.310,4.420,4.370,4.280,14125027;
sh600889:4.620,4.730,4.750,4.620,5009175;
sh600894:6.800,6.930,7.000,6.740,7623582;
sh600898:6.900,6.960,7.040,6.880,4211600;
sh600917:6.680,6.710,6.720,6.620,3853613;
sh600959:3.850,3.970,3.890,3.830,38566587;
sh600962:7.250,7.340,7.350,7.210,3044440;
sh600965:7.630,7.680,7.710,7.580,5970026;
sh600966:7.010,7.170,7.490,6.990,26898473;
sh600973:4.000,4.010,4.050,3.970,10725783;
sh600976:18.500,17.930,18.510,17.750,6883136;
sh600980:12.520,12.970,12.950,12.520,6559180;
sh600981:3.370,3.400,3.410,3.350,7036310;
sh600982:2.750,2.780,2.770,2.730,6183771;
sh600983:4.390,4.420,4.410,4.370,1510190;
sh600986:4.300,4.420,4.380,4.250,76596182;
sh600988:7.170,7.470,7.420,7.130,153306233;
sh600990:46.980,48.700,49.450,46.580,5411922;
sh600992:6.290,6.370,6.370,6.260,1528238;
sh601002:5.270,5.330,5.380,5.260,8469176;
sh601008:3.520,3.580,3.590,3.490,9750430;
sh601016:2.300,2.300,2.330,2.280,23389045;
sh601069:14.780,15.030,15.010,14.750,21856538;
sh601100:54.500,55.550,55.210,52.920,3415568;
sh601106:2.710,2.760,2.820,2.700,34759232;
sh601118:4.400,4.430,4.460,4.380,26610187;
sh601126:5.270,5.290,5.310,5.240,3186585;
sh601168:6.650,6.620,6.670,6.530,34381154;
sh601199:3.790,3.990,4.020,3.740,27188225;
sh601222:5.180,5.250,5.310,5.150,28164546;
sh601226:3.870,3.940,3.960,3.850,3722333;
sh601233:14.080,13.960,14.150,13.840,24155450;
sh601311:9.770,10.020,10.170,9.770,20713313;
sh601339:3.820,3.790,3.870,3.770,6298800;
sh601388:1.720,1.730,1.760,1.720,23946856;
sh601515:6.230,6.250,6.280,6.190,4862218;
sh601567:7.970,8.140,8.180,7.930,8520204;
sh601608:3.630,3.740,3.830,3.610,41630692;
sh601616:2.840,2.840,2.860,2.800,5822220;
sh601677:11.370,11.480,11.540,11.260,5985773;
sh601689:25.100,25.500,25.920,24.720,20927466;
sh601700:5.670,5.770,5.840,5.610,30506941;
sh601727:4.780,4.760,4.800,4.720,27475967;
sh601789:3.760,3.880,3.880,3.750,23226805;
sh601799:98.410,96.520,99.800,95.770,1318251;
sh601818:3.940,3.920,3.960,3.900,76460088;
sh601866:2.290,2.270,2.300,2.260,39579710;
sh601958:7.220,7.120,7.230,7.080,29308631;
sh601968:4.800,4.780,4.820,4.740,2674199;
sh601996:2.600,2.630,2.620,2.580,9271715;
sh603002:4.690,4.770,4.870,4.610,20576164;
sh603003:7.880,7.610,7.880,7.500,13306696;
sh603006:10.660,10.880,10.910,10.600,3402886;
sh603009:8.180,8.460,8.460,8.080,32111821;
sh603010:14.160,15.660,15.230,14.080,47212604;
sh603015:5.750,5.900,5.880,5.730,2116800;
sh603017:9.910,9.920,10.140,9.820,2455582;
sh603018:9.850,9.910,9.920,9.810,3991290;
sh603020:7.840,7.910,7.930,7.800,3080155;
sh603021:6.740,6.710,6.750,6.640,3454528;
sh603022:17.050,17.600,17.300,16.970,5430322;
sh603023:4.330,4.410,4.410,4.310,6874974;
sh603025:8.600,8.710,8.750,8.540,3469825;
sh603085:6.820,7.070,7.190,6.780,6515330;
sh603088:8.960,9.100,9.050,8.900,2240216;
sh603099:8.120,8.180,8.200,8.060,1687000;
sh603108:11.080,11.000,11.240,10.890,8532747;
sh603111:6.220,6.600,6.240,6.120,32805171;
sh603116:5.850,5.950,5.950,5.850,3217255;
sh603117:3.630,3.670,3.660,3.610,8231794;
sh603123:6.990,6.930,6.990,6.810,4003800;
sh603126:4.360,4.400,4.430,4.350,4378340;
sh603158:25.400,24.970,25.690,24.580,5032718;
sh603168:8.460,8.460,8.530,8.380,4611497;
sh603222:53.050,53.420,53.230,53.000,368015;
sh603227:4.430,4.450,4.480,4.380,11382600;
sh603268:15.540,15.630,15.540,15.320,1371711;
sh603299:6.320,6.380,6.380,6.270,7593882;
sh603300:6.910,7.110,7.040,6.870,16830959;
sh603308:20.340,20.340,20.340,19.780,13199140;
sh603318:9.430,9.570,9.650,9.320,15815015;
sh603333:7.440,7.600,7.570,7.300,17318849;
sh603366:6.400,6.780,6.900,6.380,62598000;
sh603456:17.780,17.910,18.260,17.170,38414832;
sh603508:54.970,57.280,57.660,54.910,3252717;
sh603519:13.980,13.650,13.980,13.470,2502006;
sh603566:17.700,17.500,17.750,17.400,2885384;
sh603568:28.590,28.390,28.590,28.080,3616951;
sh603600:12.220,12.450,12.230,11.930,5740302;
sh603601:10.500,10.580,10.650,10.430,37903011;
sh603609:11.750,11.660,11.760,11.510,9206425;
sh603611:19.750,19.770,20.190,19.430,7943843;
sh603616:7.140,7.270,7.280,7.140,3264603;
sh603618:5.020,5.100,5.110,5.000,6974634;
sh603688:27.710,30.940,28.970,27.680,11657537;
sh603703:15.510,15.570,15.650,15.420,2048160;
sh603789:14.150,14.290,14.450,14.100,4019824;
sh603800:11.540,11.670,11.650,11.450,2194000;
sh603808:13.280,13.430,13.600,13.160,5736895;
sh603818:7.310,7.280,7.380,7.200,2189930;
sh603838:7.610,7.770,7.640,7.540,2207085;
sh603918:11.160,11.460,11.300,11.050,6240922;
sh603936:23.670,24.440,24.170,23.180,23348189;
sh603968:14.320,14.400,14.380,14.120,3263810;
sh603989:29.290,29.900,29.300,28.310,6004281;
sh603997:7.790,8.190,8.260,7.670,8969834;
sh603998:7.630,7.680,7.770,7.590,8529214;
sh603999:7.010,7.170,7.150,6.990,14429086;
sh600127:5.140,5.060,5.430,4.950,128261133;
sh603377:17.420,17.190,17.500,17.050,2309503;
sh601900:12.350,12.760,13.410,12.310,32088568;
sh603919:14.800,14.880,14.940,14.660,4779487;
sh603861:7.730,7.890,8.070,7.710,2338679;
sh603028:10.780,10.860,10.930,10.730,1670500;
sh603798:10.490,10.640,10.660,10.380,3017100;
sh603701:11.550,12.610,12.610,11.550,6673697;
sh603726:19.820,19.950,19.830,19.110,8468026;
sh603528:7.170,7.380,7.230,7.100,12584685;
sh603339:12.550,12.740,12.640,12.470,1582618;
sh603131:25.100,25.820,25.990,24.340,15423911;
sh603016:16.510,17.360,16.880,16.300,2153864;
sh603069:12.150,12.070,12.210,11.810,5837900;
sh600936:3.700,3.830,3.810,3.700,12717300;
sh601997:8.770,8.690,8.780,8.660,13597997;
sh601595:13.200,13.460,13.440,13.120,2617099;
sh603515:26.600,26.810,26.900,26.360,3692875;
sh603843:4.110,4.150,4.150,4.080,5133128;
sh601163:14.550,14.570,14.610,14.410,5231097;
sh603393:29.980,31.670,31.020,29.770,9924390;
sh603738:30.000,30.600,31.280,29.810,13456588;
sh601128:8.270,8.190,8.320,8.150,28604221;
sh603313:24.550,26.870,25.390,24.450,7188566;
sh600926:8.860,8.830,8.920,8.780,23791494;
sh603888:27.800,29.010,28.580,27.650,23525222;
sh603060:21.340,21.320,21.340,21.000,2158307;
sh603633:12.620,12.260,12.880,12.020,8936316;
sh603987:9.320,9.620,9.370,9.230,10209624;
sh603336:14.890,14.860,14.990,14.690,10160195;
sh603660:13.820,14.550,14.400,13.800,34136392;
sh603559:16.700,17.320,17.280,16.600,5903700;
sh603033:17.940,18.300,18.290,17.930,1156212;
sh603389:4.810,4.980,5.070,4.750,3764250;
sh603058:6.830,6.950,6.900,6.770,2084555;
sh603886:16.180,16.590,16.320,16.140,3726621;
sh603239:11.590,11.390,11.650,11.230,3139900;
sh601375:5.400,5.460,5.450,5.320,40562819;
sh603035:15.440,15.470,15.880,15.220,10687221;
sh603032:20.130,20.370,20.490,20.060,2963748;
sh603877:15.430,15.340,15.440,15.130,1382408;
sh603689:10.720,10.740,10.780,10.640,2787825;
sh603579:29.740,30.320,30.660,29.420,2425353;
sh603639:28.050,26.990,28.050,26.830,8331069;
sh601858:11.300,11.650,11.460,11.250,5480323;
sh603638:29.530,30.110,30.070,29.420,1600508;
sh603429:45.000,46.000,47.140,44.930,3208192;
sh603966:9.760,10.000,9.940,9.700,2569250;
sh603089:13.020,13.350,13.400,12.910,2214520;
sh603360:32.500,32.600,32.650,31.760,2508741;
sh603677:11.300,11.560,11.540,11.300,836966;
sh603637:15.040,14.990,15.040,14.810,1338321;
sh601212:3.160,3.210,3.230,3.130,35167566;
sh603603:7.850,8.030,7.990,7.820,5830993;
sh603817:6.130,6.220,6.270,6.130,2259000;
sh603717:8.010,8.120,8.150,7.960,3426054;
sh603656:13.980,14.290,14.290,13.980,954484;
sh603133:24.220,24.930,24.770,23.810,9804975;
sh603811:26.950,26.900,27.240,26.700,2731890;
sh603955:15.120,15.240,15.180,14.980,748090;
sh603908:22.880,23.420,23.150,22.740,702800;
sh603991:15.940,16.160,16.180,15.920,397300;
sh603578:23.160,22.920,23.390,22.500,1944650;
sh601366:5.290,5.350,5.320,5.260,6334510;
sh603787:12.700,13.970,13.970,12.610,8029218;
sh603320:15.830,16.580,16.240,15.710,2327204;
sh603906:9.820,9.960,9.920,9.750,4344842;
sh603586:18.160,18.470,18.540,18.110,2680124;
sh603538:24.350,24.430,24.500,23.980,5473226;
sh603385:10.400,10.290,10.400,10.180,4217978;
sh603178:10.510,10.490,10.530,10.170,5798779;
sh603238:23.190,23.300,23.190,22.610,3865422;
sh603229:26.730,26.040,27.180,25.750,3679650;
sh603728:11.450,11.510,11.680,11.360,2996874;
sh603896:30.300,29.970,30.300,29.820,1114920;
sh603488:8.060,8.160,8.140,8.010,1495012;
sh603197:33.410,34.000,34.320,33.200,6168865;
sh603580:11.460,11.720,11.920,11.360,1629167;
sh603200:23.100,24.220,23.410,22.910,4648555;
sh603042:14.840,15.290,15.190,14.740,6143522;
sh603536:13.300,13.590,13.390,13.030,11756740;
sh603326:17.730,17.350,18.200,17.280,1424726;
sh603316:8.190,8.230,8.280,8.120,1565700;
sh603335:4.440,4.480,4.470,4.390,5139995;
sh603380:16.420,16.630,16.550,16.210,2777845;
sh603286:16.180,16.480,16.450,16.050,2709344;
sh603938:26.800,29.410,28.380,26.690,6355065;
sh603331:15.530,15.760,15.930,15.430,721366;
sh603933:14.800,15.010,15.030,14.580,7833816;
sh603595:29.250,30.910,30.090,28.720,7992504;
sh603612:11.800,11.840,11.940,11.560,5073424;
sh603676:10.570,10.560,10.600,10.440,2993300;
sh603063:8.850,8.970,8.920,8.760,2264100;
sh603233:56.680,56.250,56.680,54.980,3506174;
sh603357:9.600,9.670,9.640,9.510,3739129;
sh603860:25.360,25.700,25.630,25.240,343600;
sh603880:15.360,16.130,15.500,15.120,14845279;
sh603776:20.020,20.700,20.300,19.800,8245654;
sh603976:16.550,16.820,16.700,16.460,3364331;
sh603079:44.000,46.900,45.680,43.500,6573909;
sh603725:6.470,6.510,6.520,6.390,1562600;
sh603813:17.470,17.800,17.800,17.320,1050711;
sh603136:22.850,22.740,23.150,22.330,1091668;
sh603378:24.810,24.400,25.120,24.020,1894961;
sh603367:18.060,17.880,18.180,17.680,10617942;
sh603103:15.620,16.140,16.190,15.600,9424740;
sh603110:15.080,15.850,15.270,15.000,4045860;
sh603499:14.340,14.680,14.520,14.290,1061626;
sh603829:9.610,9.710,9.680,9.550,881200;
sh603722:35.190,36.690,35.970,34.760,4030656;
sh603659:102.990,102.780,106.130,101.520,3243984;
sh603076:20.700,21.730,21.260,20.610,781826;
sh603661:39.590,39.520,39.750,39.180,1025091;
sh601019:6.620,6.580,6.630,6.510,6380164;
sh603890:10.560,10.890,10.770,10.400,7931320;
sh603477:10.830,11.380,11.250,10.800,10557100;
sh603895:19.860,20.370,20.170,19.680,1277994;
sh603516:52.720,52.400,52.720,51.230,2640904;
sh603871:31.190,30.580,31.300,30.360,1528385;
sh603709:22.840,23.170,23.090,22.710,429500;
sh603712:26.360,26.160,26.360,25.750,6154574;
sh603059:24.700,24.970,25.090,24.520,1523899;
sh600929:6.220,6.290,6.270,6.180,7845210;
sh603897:17.390,17.610,17.660,17.220,1716649;
sh603301:35.960,36.270,36.400,35.560,12668302;
sh603773:34.910,38.130,38.130,34.550,2736815;
sh603666:92.600,98.770,94.300,91.500,1678616;
sh601990:13.810,13.900,13.990,13.590,183239340;
sh603713:42.530,42.630,42.530,41.190,3365500;
sh601606:10.400,10.550,10.750,10.400,13916673;
sh603590:35.850,37.000,37.000,35.850,3157733;
sh603192:25.360,25.450,25.630,25.060,1371448;
sh601068:4.610,4.800,4.730,4.610,15658459;
sh603297:36.000,36.090,36.560,35.840,1801915;
sh603790:14.190,14.460,14.470,14.110,3106390;
sh603583:54.900,56.670,57.400,54.530,1861715;
sh601975:2.570,2.570,2.650,2.540,54899379;
sh603629:24.600,25.420,25.120,24.600,1455348;
sh603185:41.490,43.600,42.760,41.010,4692104;
sh601298:6.250,6.260,6.280,6.130,21799086;
sh603700:33.100,34.490,35.310,33.010,5296663;
sh601615:11.550,11.720,11.690,11.380,20902576;
sh601865:15.090,15.770,15.860,14.910,16854971;
sh603317:39.560,39.540,39.600,38.590,1803253;
sh603697:11.910,12.260,11.980,11.820,5780783;
sh603982:16.800,17.100,17.450,16.710,4817781;
sh603327:31.450,31.960,32.800,31.200,8466377;
sh603915:13.030,13.330,13.330,12.970,3552557;
sh601236:18.700,18.600,18.960,18.330,63506009;
sh603530:18.390,18.990,19.280,18.310,5068178;
sh603115:18.450,18.930,18.760,18.400,4133838;
sh603992:17.290,17.220,17.300,16.980,2229200;
sh603755:43.000,42.400,43.160,42.040,791700;
sh600000:11.090,11.060,11.180,11.040,29702338;
sh600004:16.000,15.880,16.050,15.760,10860003;
sh600006:4.010,4.090,4.130,3.990,20118696;
sh600007:15.090,15.180,15.150,15.000,1355302;
sh600008:3.260,3.250,3.260,3.220,18714304;
sh600009:71.400,70.980,72.120,70.650,12711299;
sh600011:4.920,4.940,4.990,4.910,32896509;
sh600012:5.500,5.430,5.500,5.410,3406369;
sh600015:7.160,7.140,7.190,7.130,16886772;
sh600016:5.940,5.900,5.950,5.890,70208494;
sh600017:2.640,2.650,2.680,2.630,15005812;
sh600018:4.890,4.890,4.950,4.850,28781669;
sh600019:5.400,5.380,5.460,5.370,50878048;
sh600020:3.980,4.000,4.010,3.960,20446227;
sh600021:7.270,7.220,7.290,7.200,6301101;
sh600023:3.590,3.590,3.610,3.570,17500837;
sh600026:5.870,5.870,5.910,5.820,21133867;
sh600027:3.390,3.390,3.410,3.370,19312550;
sh600028:4.780,4.750,4.790,4.740,116199464;
sh600029:6.210,6.170,6.220,6.110,39478407;
sh600030:24.180,23.980,24.250,23.720,187372220;
sh600031:17.200,16.980,17.210,16.770,65993220;
sh600033:2.850,2.850,2.860,2.830,12527364;
sh600035:3.130,3.120,3.130,3.090,7416496;
sh600036:36.000,35.700,36.000,35.600,50959240;
sh600037:9.490,10.160,9.790,10.140,70524970;
sh600038:44.700,44.800,44.990,43.500,12675510;
sh600050:5.510,5.530,5.590,5.480,137051455;
sh600054:8.230,8.370,8.280,8.180,6933303;
sh600055:12.850,12.940,13.150,12.700,12153736;
sh600056:15.080,16.280,15.150,14.860,80227466;
sh600057:3.960,3.970,4.010,3.950,8384529;
sh600059:7.820,7.840,7.820,7.740,4795115;
sh600060:13.160,12.980,13.170,12.680,17629572;
sh600062:14.110,14.030,14.150,13.780,18049751;
sh600064:9.180,9.120,9.180,9.020,17216142;
sh600066:14.360,14.350,14.500,14.250,19258162;
sh600068:6.220,6.160,6.220,6.100,30980926;
sh600072:12.700,12.950,13.180,12.700,24266705;
sh600073:7.570,7.700,7.660,7.530,17192583;
sh600075:5.100,5.230,5.250,5.030,18016645;
sh600085:28.240,28.070,28.360,27.860,9673037;
sh600089:6.340,6.360,6.430,6.310,22896700;
sh600093:14.370,14.440,14.550,14.050,42542618;
sh600097:9.350,9.320,9.350,9.180,1855611;
sh600098:6.070,6.050,6.100,6.010,2484800;
sh600100:9.650,9.780,9.770,9.500,77023031;
sh600104:22.690,22.580,22.690,22.390,24244017;
sh600105:4.090,4.200,4.210,4.050,22325667;
sh600106:2.770,2.800,2.810,2.760,7662367;
sh600109:9.360,9.480,9.770,9.310,163536848;
sh600114:13.510,14.230,14.580,13.320,58431230;
sh600116:7.450,7.470,7.520,7.430,4434981;
sh600118:38.000,38.690,38.480,36.530,71336635;
sh600125:5.250,5.250,5.290,5.200,15221380;
sh600126:4.570,4.560,4.600,4.520,12020177;
sh600129:12.680,12.910,13.070,12.680,7789789;
sh600131:17.890,19.100,19.060,17.850,26924741;
sh600132:48.880,48.500,48.880,48.150,2909957;
sh600133:4.950,4.970,5.050,4.910,8606800;
sh600138:10.830,11.000,11.050,10.810,21528112;
sh600141:10.400,10.370,10.400,10.100,28541754;
sh600143:9.380,9.310,9.440,9.170,74471626;
sh600150:20.200,20.410,20.830,20.150,16821873;
sh600153:8.280,8.200,8.290,8.150,12281407;
sh600158:9.960,10.020,10.070,9.840,14721005;
sh600170:3.230,3.240,3.270,3.230,29245992;
sh600171:22.000,22.970,23.580,21.880,78051428;
sh600176:10.240,10.140,10.330,10.080,26442716;
sh600177:6.850,6.810,6.860,6.780,14785093;
sh600183:28.000,27.980,28.170,27.350,53494528;
sh600195:12.260,12.320,12.260,12.060,23939620;
sh600196:26.820,26.530,26.950,26.380,27591982;
sh600216:15.150,15.130,15.190,14.700,57003508;
sh600217:5.790,5.800,5.850,5.730,17144720;
sh600219:2.190,2.180,2.210,2.170,77846143;
sh600233:15.170,14.870,15.170,14.520,23583052;
sh600252:3.230,3.250,3.280,3.210,26062029;
sh600256:2.920,2.960,2.980,2.900,49540069;
sh600258:17.220,17.550,17.260,16.890,20078419;
sh600260:12.770,13.010,13.060,12.640,35410158;
sh600261:4.240,4.350,4.310,4.220,20977629;
sh600269:3.740,3.740,3.760,3.730,5398011;
sh600271:23.580,23.650,23.820,23.170,24348593;
sh600276:92.390,90.600,93.550,90.240,22419883;
sh600284:6.390,6.370,6.420,6.320,9170655;
sh601658:5.540,5.520,5.540,5.490,59292615;
sh600969:6.120,6.160,6.190,6.090,3310459;
sh600297:3.540,3.540,3.600,3.450,77968448;
sh600298:27.490,27.450,27.820,27.210,8552545;
sh600299:11.000,11.110,11.040,10.890,9644671;
sh600305:17.020,16.800,17.140,16.770,12581635;
sh600309:51.600,50.780,51.670,50.400,14701792;
sh600312:6.070,6.100,6.140,6.010,11696543;
sh600315:28.020,28.200,28.220,27.890,7979106;
sh600316:14.490,14.220,14.940,14.030,36482954;
sh600320:3.390,3.420,3.450,3.380,10439879;
sh600325:7.060,6.950,7.060,6.860,32677536;
sh600332:39.000,37.190,39.000,37.050,39706583;
sh600340:25.100,24.690,25.110,24.520,12418514;
sh600343:9.000,9.480,9.540,8.980,46272565;
sh600345:19.950,20.340,20.500,19.780,5235848;
sh600350:4.250,4.230,4.260,4.190,12145690;
sh600352:13.160,13.320,13.540,13.040,69023146;
sh600361:3.730,3.770,3.750,3.680,12344300;
sh600362:14.810,14.780,14.910,14.600,31676202;
sh600369:5.040,5.080,5.140,5.020,52394516;
sh600372:15.800,15.370,15.800,15.130,31766069;
sh600376:7.100,7.040,7.110,6.990,8568095;
sh600377:10.470,10.440,10.480,10.360,14644031;
sh600380:11.050,10.840,11.060,10.710,25658263;
sh600383:14.050,13.790,14.050,13.550,29276579;
sh600388:10.620,10.910,11.010,10.620,24615995;
sh600390:8.040,7.960,8.050,7.890,21478316;
sh600391:15.900,15.900,15.900,15.900,2906566;
sh600406:19.200,19.340,19.300,18.900,25561830;
sh600410:10.590,10.950,10.930,10.510,94092625;
sh600418:4.720,4.710,4.760,4.660,20273257;
sh600420:9.970,9.960,10.030,9.770,16866282;
sh600422:11.450,11.090,11.450,10.920,42237849;
sh600428:3.310,3.310,3.340,3.290,8609011;
sh600435:8.520,8.500,8.660,8.390,31289178;
sh600436:128.390,127.130,128.800,126.570,4135917;
sh600439:3.110,3.150,3.150,3.090,11622729;
sh600446:20.080,20.260,20.460,19.710,39882595;
sh600452:16.960,17.080,17.200,16.670,3316576;
sh600460:18.300,19.700,20.260,18.180,143951756;
sh600477:3.810,4.060,3.870,3.790,74983480;
sh600482:18.500,18.780,18.980,18.500,6998631;
sh600483:8.340,8.290,8.340,8.210,6666310;
sh600486:73.500,72.550,73.890,72.110,9748718;
sh600487:16.150,16.440,16.370,15.870,52231717;
sh600489:8.130,8.300,8.230,8.110,56527249;
sh600496:3.310,3.320,3.360,3.260,25972587;
sh600497:4.020,4.030,4.050,3.990,50242653;
sh600498:25.620,25.950,26.150,25.450,17954868;
sh600500:6.300,6.080,6.330,5.990,40108484;
sh600507:9.280,9.240,9.290,9.180,12664315;
sh600511:29.150,28.770,29.280,28.300,10598270;
sh600516:10.540,10.720,10.830,10.470,71554306;
sh600519:1090.010,1084.000,1095.990,1083.000,2640296;
sh600522:8.150,8.160,8.210,8.050,63379340;
sh600529:35.820,35.920,35.950,35.270,3270328;
sh600535:16.000,16.160,16.180,15.840,22324846;
sh600536:70.300,75.940,77.330,70.000,44332023;
sh600545:5.820,5.860,5.920,5.750,13895397;
sh600547:34.200,34.790,34.700,34.060,62056074;
sh600548:9.960,9.940,9.960,9.760,9253231;
sh600557:14.600,14.470,14.600,14.320,11579252;
sh600563:58.650,60.720,59.890,58.620,4850426;
sh600565:3.080,3.040,3.080,3.010,18729336;
sh600566:25.680,25.330,25.790,25.140,9902428;
sh600570:98.000,98.990,99.150,97.480,15500689;
sh600571:10.430,10.730,10.660,10.300,21065909;
sh600572:6.350,6.680,6.350,6.240,146834672;
sh600577:2.680,2.790,2.930,2.680,49262236;
sh600578:2.880,2.900,2.920,2.860,6222160;
sh600580:13.490,13.480,13.830,13.270,39895456;
sh600582:2.950,2.950,2.960,2.910,23890705;
sh600583:7.020,6.920,7.030,6.780,19005880;
sh600584:30.620,31.600,31.490,30.000,94660200;
sh600585:53.010,51.800,53.270,51.370,44148594;
sh600588:43.000,44.710,44.760,43.000,47063997;
sh600590:5.670,5.720,5.760,5.640,13937985;
sh600597:11.500,11.420,11.540,11.260,13048024;
sh600598:12.720,12.900,12.840,12.310,128892572;
sh600600:45.480,45.500,45.500,45.030,5318833;
sh600606:6.130,6.090,6.160,6.050,38339470;
sh600611:3.680,3.670,3.700,3.640,9349691;
sh600612:46.560,46.970,47.080,46.260,2142350;
sh600616:4.570,4.560,4.600,4.500,5733175;
sh600618:8.890,9.340,9.250,8.760,26421783;
sh600619:8.210,7.960,8.360,7.950,8591281;
sh600622:4.030,3.920,4.120,3.860,84496621;
sh600633:10.210,10.360,10.310,10.060,26787720;
sh600635:4.420,4.460,4.490,4.380,32057441;
sh600637:11.150,11.620,11.230,10.970,53746315;
sh600642:5.430,5.430,5.470,5.410,12419865;
sh600643:8.820,8.770,8.880,8.690,19245725;
sh600648:15.580,15.730,15.750,15.480,3772873;
sh600650:8.980,9.130,9.060,8.930,2880196;
sh600655:7.530,7.510,7.560,7.460,5894527;
sh600657:3.580,3.510,3.580,3.480,8251455;
sh600658:4.480,4.530,4.590,4.450,3325082;
sh600660:25.280,24.910,25.400,24.790,11574394;
sh600663:12.130,12.140,12.510,11.980,5398091;
sh600667:11.480,12.300,12.120,11.400,124825546;
sh600674:9.030,9.010,9.070,8.980,9322415;
sh600685:13.750,14.070,14.390,13.750,10845983;
sh600686:6.740,6.920,6.990,6.720,6380583;
sh600688:3.620,3.650,3.660,3.610,9549036;
sh600690:18.580,18.510,18.620,18.240,29720218;
sh600699:28.680,28.750,29.430,28.110,59797135;
sh600702:26.180,26.130,26.270,25.800,7523048;
sh600703:24.900,26.880,25.600,24.850,164684469;
sh600704:5.480,5.310,5.480,5.280,94175839;
sh600705:4.500,4.470,4.540,4.440,43826106;
sh600713:4.870,4.880,4.910,4.840,19580037;
sh600717:5.720,5.690,5.730,5.650,9782227;
sh600718:13.230,13.520,13.530,13.100,28979803;
sh600720:12.340,12.160,12.390,11.960,23454752;
sh600723:5.600,5.590,5.600,5.530,7221000;
sh600728:9.840,10.270,10.160,10.040,80158995;
sh600729:27.160,26.890,27.230,26.690,4782523;
sh600733:6.660,6.730,6.850,6.580,28376648;
sh600741:28.400,27.900,28.450,27.680,15481922;
sh600743:2.230,2.230,2.240,2.210,6011358;
sh600745:124.800,127.100,128.340,123.700,24808582;
sh600749:9.100,9.210,9.350,9.010,3055391;
sh600750:13.180,13.480,13.430,13.090,14223215;
sh600754:26.850,26.730,26.850,26.150,7056877;
sh600760:29.800,28.820,29.950,28.500,25760892;
sh600761:9.870,9.840,9.870,9.730,3830419;
sh600763:103.860,102.310,104.660,101.440,3486864;
sh600765:9.960,10.220,10.500,10.060,49852182;
sh600775:9.200,9.320,9.380,9.080,16298812;
sh600776:18.860,19.040,19.280,18.700,24007884;
sh600779:46.890,46.300,46.890,46.020,4281246;
sh600787:4.920,4.940,4.920,4.820,19660135;
sh600789:12.400,12.480,12.670,12.200,131466309;
sh600790:3.190,3.210,3.230,3.180,6240426;
sh600794:3.510,3.530,3.530,3.450,27851234;
sh600795:2.150,2.150,2.180,2.130,66191439;
sh600797:9.490,9.720,9.790,9.420,45940648;
sh600798:3.190,3.220,3.250,3.170,7171169;
sh600801:23.250,22.840,23.250,22.700,30577163;
sh600803:10.480,10.520,10.600,10.360,14290571;
sh600804:6.290,6.780,6.410,6.180,130173206;
sh600805:4.660,4.710,4.730,4.640,6699501;
sh600809:87.500,86.660,87.870,85.760,4221357;
sh600812:9.320,9.380,9.530,9.180,54371472;
sh600814:4.900,4.920,4.950,4.860,2738100;
sh600816:3.160,3.180,3.220,3.110,93333691;
sh600820:5.600,5.580,5.620,5.520,15818286;
sh600823:4.190,4.150,4.200,4.140,11443678;
sh600826:10.490,10.550,10.500,10.340,2651048;
sh600827:7.830,7.850,7.860,7.800,6355418;
sh600835:15.360,15.350,15.430,15.200,6738865;
sh600837:14.800,14.800,14.920,14.600,87895803;
sh600839:2.610,2.720,2.680,2.610,76893550;
sh600845:48.350,49.180,49.600,47.770,11819652;
sh600848:21.680,21.760,21.940,21.600,6513142;
sh600850:27.810,28.560,28.760,27.800,10522650;
sh600859:12.660,12.630,12.720,12.500,5887884;
sh600872:38.320,37.800,38.390,37.480,9195331;
sh600873:4.400,4.370,4.420,4.340,16850829;
sh600875:9.400,9.630,9.590,9.300,45625832;
sh600884:15.560,15.190,15.980,14.740,56683887;
sh600886:8.250,8.180,8.280,8.160,11363047;
sh600887:30.010,30.200,30.370,29.990,49159109;
sh603551:18.520,18.660,18.780,18.230,6245213;
sh600893:24.410,24.410,24.410,24.410,5254831;
sh600895:14.130,14.040,14.230,13.990,14213486;
sh600897:20.180,20.320,20.390,20.110,1113979;
sh600900:17.620,17.520,17.670,17.510,12513180;
sh600958:10.150,10.090,10.230,10.010,39103843;
sh600967:10.930,10.730,10.950,10.640,16898211;
sh600970:6.150,6.110,6.170,6.040,18806111;
sh600975:8.020,8.110,8.160,7.910,30522931;
sh600987:6.040,6.050,6.050,5.990,5566625;
sh600993:16.640,16.730,16.850,16.590,5519647;
sh600995:7.300,7.300,7.360,7.230,6005362;
sh600998:16.710,16.240,16.820,16.020,20229394;
sh600999:18.420,18.420,18.720,18.260,21632217;
sh601003:5.160,5.130,5.200,5.090,6792063;
sh601006:7.390,7.380,7.440,7.360,22883785;
sh601007:8.020,8.150,8.130,7.980,2129560;
sh601009:8.010,7.960,8.070,7.930,36963860;
sh601010:3.090,3.090,3.100,3.060,9903436;
sh601012:32.940,33.340,34.450,32.920,59716243;
sh601018:3.420,3.410,3.440,3.390,15682681;
sh601021:38.890,38.250,38.900,38.030,6884844;
sh601038:6.330,6.480,6.580,6.250,18252185;
sh601088:16.950,16.730,16.950,16.680,30112421;
sh601099:3.460,3.470,3.530,3.450,128510520;
sh601107:3.610,3.610,3.620,3.580,6300401;
sh601111:8.160,8.070,8.160,8.010,40673718;
sh601116:12.800,12.980,12.910,12.650,6558401;
sh601117:7.310,7.210,7.310,7.170,26418745;
sh601137:12.810,12.970,13.280,12.510,23338277;
sh601139:7.080,6.970,7.090,6.930,11203347;
sh601158:5.400,5.430,5.440,5.380,3124780;
sh601166:18.070,17.900,18.140,17.850,61794779;
sh601169:5.310,5.290,5.330,5.280,37800115;
sh601186:9.380,9.250,9.420,9.180,48007967;
sh601198:12.300,12.260,12.430,12.150,22976144;
sh601211:17.640,17.600,17.810,17.500,31761472;
sh601216:3.020,2.920,3.070,2.880,81221661;
sh601231:21.020,23.120,21.820,20.800,67207317;
sh601238:11.030,11.010,11.030,10.800,25432800;
sh601288:3.460,3.450,3.470,3.440,152542052;
sh601360:25.250,25.340,25.480,24.800,25249492;
sh601318:81.810,81.550,82.110,81.440,50579923;
sh601328:5.330,5.310,5.360,5.300,55758702;
sh601333:2.660,2.670,2.680,2.640,30740962;
sh601336:46.900,46.460,46.900,46.200,14939542;
sh601377:6.820,6.780,6.920,6.730,57739347;
sh601390:5.400,5.350,5.430,5.340,52663073;
sh601398:5.470,5.460,5.480,5.440,182470557;
sh601519:8.760,8.480,9.100,8.220,194802319;
sh601555:9.190,9.260,9.450,9.170,53608216;
sh601579:8.190,8.230,8.200,8.140,732778;
sh601588:2.850,2.850,2.880,2.820,25273563;
sh601600:3.180,3.170,3.200,3.150,59679267;
sh601601:34.180,33.760,34.180,33.530,32749533;
sh601607:22.100,20.840,22.100,20.610,81404069;
sh601618:2.560,2.560,2.580,2.540,53318639;
sh601628:31.480,31.120,31.480,31.000,16475397;
sh601633:8.660,8.710,8.760,8.510,28954671;
sh601636:5.270,5.310,5.360,5.210,42892104;
sh601668:5.520,5.430,5.520,5.410,220495618;
sh601669:4.010,3.990,4.030,3.970,28123349;
sh601688:19.700,19.460,19.840,19.360,103271278;
sh601717:6.220,6.200,6.240,6.140,14473402;
sh601718:3.890,4.150,4.220,3.860,113708877;
sh601766:6.400,6.400,6.440,6.360,55798319;
sh601788:12.230,12.210,12.370,12.100,27499696;
sh601800:8.100,8.000,8.140,7.970,50226967;
sh601801:5.150,5.220,5.230,5.130,8750979;
sh601808:18.510,18.100,18.530,17.960,9171335;
sh601857:5.380,5.350,5.380,5.330,73676815;
sh601872:5.690,5.780,5.860,5.630,89488091;
sh601877:28.200,28.340,28.550,28.010,10820002;
sh600663:12.130,12.140,12.510,11.980,5398091;
sh600667:11.480,12.300,12.120,11.400,124825546;
sh600674:9.030,9.010,9.070,8.980,9322415;
sh600685:13.750,14.070,14.390,13.750,10845983;
sh600686:6.740,6.920,6.990,6.720,6380583;
sh600688:3.620,3.650,3.660,3.610,9549036;
sh600690:18.580,18.510,18.620,18.240,29720218;
sh600699:28.680,28.750,29.430,28.110,59797135;
sh600702:26.180,26.130,26.270,25.800,7523048;
sh600703:24.900,26.880,25.600,24.850,164684469;
sh600704:5.480,5.310,5.480,5.280,94175839;
sh600705:4.500,4.470,4.540,4.440,43826106;
sh600713:4.870,4.880,4.910,4.840,19580037;
sh600717:5.720,5.690,5.730,5.650,9782227;
sh600718:13.230,13.520,13.530,13.100,28979803;
sh600720:12.340,12.160,12.390,11.960,23454752;
sh600723:5.600,5.590,5.600,5.530,7221000;
sh600728:9.840,10.270,10.160,10.040,80158995;
sh600729:27.160,26.890,27.230,26.690,4782523;
