sh600010:1.150,1.150,1.150,1.140,148516460;
sh600010:1.150,1.150,1.150,1.140,148516460;
sh600048:14.310,14.520,14.500,14.200,54724923;
sh600053:24.130,23.980,24.270,23.300,3088379;
sh600061:12.560,12.500,12.620,12.170,21628768;
sh600063:3.920,3.870,3.940,3.760,21788616;
sh600071:8.780,8.790,8.810,8.570,1810605;
sh600076:3.760,3.780,3.810,3.690,7939208;
sh600077:2.810,2.820,2.840,2.680,15765895;
sh600078:5.110,5.300,5.250,4.980,63766970;
sh600081:10.530,10.680,10.750,10.350,3626577;
sh600082:3.450,3.490,3.500,3.390,10281801;
sh600090:4.060,4.080,4.100,4.010,10391151;
sh600101:6.000,6.010,6.030,5.920,2164170;
sh600111:8.600,8.640,8.640,8.450,24279037;
sh600113:6.050,6.100,6.090,5.970,4514696;
sh600115:4.100,4.090,4.120,4.030,31820410;
sh600120:8.810,8.890,8.940,8.620,10300767;
sh600146:10.800,10.500,10.990,10.060,13472742;
sh600151:4.300,4.330,4.350,4.200,8398081;
sh600156:4.570,4.410,4.630,4.230,16606500;
sh600160:7.350,7.240,7.390,6.950,67904764;
sh600161:34.550,34.410,35.150,34.000,9873875;
sh600162:2.040,2.050,2.070,2.010,8276315;
sh600169:2.060,2.040,2.080,2.000,14796500;
sh600175:1.290,1.310,1.310,1.280,30393620;
sh600197:12.600,12.660,12.720,12.460,4756354;
sh600199:5.000,5.080,5.150,4.960,6320137;
sh600200:6.980,6.920,7.080,6.650,27223176;
sh600203:11.860,10.480,11.990,10.440,45602428;
sh600206:13.600,13.030,13.760,12.240,63343967;
sh600207:4.260,4.310,4.360,4.220,4967598;
sh600208:3.000,3.050,3.020,2.970,66075113;
sh600213:7.200,7.360,7.260,7.040,4713460;
sh600218:8.550,8.550,8.620,8.270,6632643;
sh600221:1.630,1.620,1.640,1.600,73111207;
sh600223:6.550,6.590,6.680,6.320,18594147;
sh600226:2.300,2.300,2.320,2.240,45633746;
sh600227:2.790,2.790,2.830,2.750,9772758;
sh600235:4.430,4.470,4.470,4.370,4772400;
sh600236:4.460,4.530,4.480,4.430,4060123;
sh600242:8.320,8.860,8.860,8.160,62728169;
sh600246:5.500,5.610,5.580,5.430,21245525;
sh600262:14.690,14.780,14.920,14.660,483000;
sh600266:6.860,6.900,6.940,6.810,7067828;
sh600267:15.140,14.260,15.330,13.890,100875848;
sh600268:6.280,6.420,6.520,6.030,43463205;
sh600278:9.860,9.720,9.950,9.550,4256936;
sh600279:3.720,3.740,3.730,3.670,2977032;
sh600283:8.850,8.750,8.850,8.520,1015800;
sh600285:8.270,8.290,8.430,8.060,12604318;
sh600288:11.510,11.370,11.510,11.150,2580566;
sh600291:7.140,7.250,7.220,7.100,10730521;
sh600293:2.790,2.820,2.840,2.740,17028910;
sh600300:2.860,2.920,2.890,2.810,19537300;
sh600310:3.790,3.750,3.820,3.650,8924965;
sh600311:2.950,2.980,3.010,2.870,44809102;
sh600313:3.240,3.300,3.280,3.130,91704634;
sh600317:2.190,2.180,2.210,2.170,9091700;
sh600322:2.540,2.550,2.570,2.500,14262438;
sh600323:20.170,20.410,20.430,19.670,7637981;
sh600326:6.700,6.720,6.750,6.590,17528664;
sh600336:4.770,4.840,4.860,4.670,17037471;
sh600337:4.070,4.210,4.250,4.050,16785832;
sh600338:7.910,7.890,7.980,7.630,9618840;
sh600339:2.640,2.660,2.670,2.620,19264521;
sh600351:5.040,5.050,5.090,4.970,3999332;
sh600353:5.900,5.990,6.030,5.700,23179580;
sh600354:3.590,3.590,3.590,3.590,452200;
sh600355:3.250,3.370,3.280,3.190,41048300;
sh600360:8.490,8.320,8.490,7.920,95279262;
sh600363:12.800,13.030,13.170,12.630,14823250;
sh600366:5.140,5.170,5.200,5.050,12070816;
sh600371:11.300,11.260,11.400,10.930,11145394;
sh600375:4.350,4.300,4.410,4.080,10300314;
sh600381:4.690,4.670,4.720,4.580,3733439;
sh600392:6.300,6.360,6.410,6.220,14891335;
sh600393:2.520,2.580,2.600,2.520,19508500;
sh600398:6.180,6.120,6.180,6.030,10558397;
sh600419:11.420,11.630,11.450,11.270,4555910;
sh600425:3.870,3.890,3.980,3.800,30241563;
sh600429:4.980,5.110,5.000,4.910,6842340;
sh600449:11.450,11.740,11.890,11.280,30995377;
sh600455:24.090,23.990,24.300,23.310,1614690;
sh600463:6.060,6.060,6.120,5.950,1549060;
sh600466:5.810,5.940,5.890,5.780,17494294;
sh600467:2.190,2.210,2.210,2.170,8406200;
sh600476:12.980,13.000,13.100,12.720,2483600;
sh600478:3.880,3.880,3.920,3.810,11436051;
sh600479:8.490,8.540,8.560,8.410,4399552;
sh600480:8.860,9.050,8.950,8.580,10444058;
sh600481:2.980,3.000,3.010,2.960,2966720;
sh600488:4.550,4.490,4.590,4.380,7203650;
sh600495:4.530,4.560,4.640,4.350,44089801;
sh600499:4.430,4.380,4.490,4.230,9937858;
sh600501:8.160,8.190,8.240,8.010,4923719;
sh600503:3.060,3.070,3.080,3.010,14684105;
sh600505:9.380,9.410,9.500,9.200,2231844;
sh600506:8.250,8.400,8.540,8.150,4841756;
sh600517:6.650,6.590,6.650,6.390,17415606;
sh600520:9.700,9.350,9.700,9.060,6304832;
sh600525:5.350,5.420,5.370,5.250,15725844;
sh600526:5.370,5.470,5.510,5.340,6833342;
sh600527:2.360,2.360,2.370,2.280,32112993;
sh600530:3.420,3.450,3.490,3.380,4870417;
sh600533:3.140,3.130,3.160,3.010,28784155;
sh600537:3.180,3.200,3.200,3.090,6408500;
sh600549:11.230,11.180,11.260,10.990,6403154;
sh600559:8.430,8.480,8.550,8.320,9910075;
sh600562:13.760,13.830,14.000,13.440,8743664;
sh600568:1.610,1.610,1.630,1.580,35503697;
sh600573:5.840,6.050,6.100,5.820,5504936;
sh600587:16.220,16.050,16.380,15.580,7800930;
sh600593:38.700,38.720,38.810,38.430,798200;
sh600596:8.410,8.460,8.450,8.280,6163011;
sh600601:3.200,3.350,3.270,3.190,37049236;
sh600602:7.430,7.460,7.600,7.320,11755024;
sh600603:5.680,5.920,5.950,5.660,18306333;
sh600604:7.130,7.130,7.160,6.920,15467320;
sh600613:7.040,6.940,7.120,6.820,4198968;
sh600623:5.430,5.460,5.470,5.370,6597722;
sh600624:8.470,8.380,8.470,8.080,14281841;
sh600626:5.630,5.630,5.700,5.510,7635612;
sh600628:10.300,10.660,10.360,10.090,5137146;
sh600630:7.250,7.250,7.350,7.010,8947692;
sh600638:5.190,5.180,5.230,5.060,2241940;
sh600639:11.620,11.740,11.720,11.520,1416497;
sh600640:16.900,16.840,17.200,16.300,9588451;
sh600641:21.580,20.510,21.760,19.150,29749607;
sh600644:4.930,4.970,4.980,4.870,1485105;
sh600645:18.430,18.180,18.560,17.530,7668558;
sh600647:12.470,13.000,12.470,12.300,2715207;
sh600649:5.240,5.280,5.260,5.180,7073329;
sh600651:3.540,3.870,3.870,3.540,39933755;
sh600661:15.790,15.670,15.950,15.400,2119189;
sh600662:3.850,3.850,3.890,3.770,5198032;
sh600668:14.000,14.170,14.180,13.800,8349345;
sh603179:19.040,18.720,19.050,17.710,3147821;
sh600671:10.790,10.770,10.900,10.590,1173511;
sh600677:4.650,4.520,4.700,4.380,25988139;
sh600678:7.720,7.840,7.950,7.490,25130286;
sh600682:8.570,8.530,8.610,8.310,9203572;
sh600683:3.820,3.770,3.850,3.680,16926578;
sh600684:3.070,3.070,3.090,3.020,6504982;
sh600689:8.230,8.210,8.320,8.020,1268051;
sh600693:5.060,4.960,5.080,4.850,7234121;
sh600695:7.510,7.440,7.550,7.090,18833352;
sh600697:14.900,14.840,14.920,14.650,1018700;
sh600706:7.930,7.660,7.990,7.470,5947436;
sh600708:2.970,2.990,2.980,2.920,16847626;
sh600711:4.150,4.160,4.180,4.070,24888913;
sh600712:5.570,5.580,5.630,5.260,35838000;
sh600716:3.770,3.770,3.790,3.710,2761300;
sh600719:3.920,3.900,3.920,3.840,2477255;
sh600724:3.770,3.800,3.850,3.670,13969803;
sh600730:4.400,4.430,4.460,4.360,2595282;
sh600734:4.430,4.430,4.480,4.290,8659605;
sh600736:5.250,5.170,5.270,5.030,12338190;
sh600737:7.800,7.840,7.870,7.730,14512865;
sh600744:2.240,2.230,2.240,2.180,3800658;
sh600746:6.130,6.150,6.260,6.000,2705601;
sh600748:5.120,5.040,5.150,4.860,23331549;
sh603893:62.000,58.190,62.450,55.880,9603006;
sh600755:6.320,6.410,6.390,6.300,11088478;
sh600756:18.900,18.920,19.120,18.510,4366378;
sh600764:27.520,27.880,27.750,27.090,2754385;
sh600770:4.770,4.810,4.830,4.700,10244033;
sh600771:13.880,13.900,14.060,13.620,2824771;
sh600773:5.480,5.460,5.500,5.350,5533000;
sh600777:1.780,1.810,1.800,1.780,61042397;
sh600783:13.350,13.320,13.440,12.500,7433409;
sh600784:4.320,4.320,4.350,4.280,1588002;
sh600785:13.850,13.850,14.050,13.710,534019;
sh600796:5.810,5.750,5.840,5.580,4716701;
sh600800:5.630,5.610,5.700,5.120,47796387;
sh600802:11.750,11.710,11.940,11.400,28002386;
sh600808:2.600,2.600,2.630,2.570,26320525;
sh600818:9.650,9.710,9.780,9.500,521256;
sh600819:4.560,4.580,4.600,4.490,2592176;
sh600821:4.110,4.060,4.130,3.980,4895498;
sh600822:8.400,8.390,8.450,8.050,3849876;
sh600824:3.050,3.050,3.070,3.000,5425352;
sh600825:4.580,4.650,4.670,4.560,3097388;
sh600828:3.820,3.880,3.880,3.780,4543866;
sh600829:7.280,7.220,7.280,7.110,4136629;
sh600830:5.510,5.500,5.570,5.210,22722831;
sh600831:8.450,8.500,8.490,8.180,15401433;
sh600833:9.270,9.230,9.340,9.060,1473982;
sh600834:6.280,6.300,6.320,6.210,873161;
sh600836:5.380,5.560,5.600,5.340,33271505;
sh600838:5.720,5.550,5.730,5.320,17972629;
sh600841:6.610,6.590,6.740,6.490,2074624;
sh600843:6.580,6.570,6.630,6.420,2442300;
sh600846:8.350,8.400,8.410,8.200,8280822;
sh600851:7.690,7.780,7.950,7.560,5135702;
sh600853:3.850,3.670,3.890,3.510,36208326;
sh600854:3.550,3.530,3.550,3.450,2334761;
sh600855:13.190,12.360,13.190,12.020,33066146;
sh600857:10.120,9.930,10.300,10.050,1875093;
sh600860:4.120,4.020,4.220,3.870,5841800;
sh600861:9.650,9.320,9.690,8.900,2153610;
sh600862:13.050,13.290,13.130,12.710,27166842;
sh600864:6.650,6.710,6.690,6.500,24611347;
sh600865:5.850,5.810,5.890,5.680,4188840;
sh600866:4.950,5.190,4.990,4.840,40045419;
sh600867:10.330,10.320,10.370,10.170,26624030;
sh600868:3.260,3.240,3.280,3.170,24570371;
sh600869:4.840,4.680,4.840,4.480,65477010;
sh600871:2.010,2.030,2.030,2.010,21963592;
sh600874:7.190,7.400,7.240,7.100,28452002;
sh600876:13.390,13.490,13.580,13.070,4271600;
sh600879:6.400,6.540,6.450,6.290,60071539;
sh600880:3.610,3.610,3.640,3.550,5287921;
sh600882:19.590,21.110,20.170,19.330,9770375;
sh600885:27.120,26.850,27.400,25.900,11015596;
sh600888:4.460,4.480,4.550,4.300,10298868;
sh600889:4.770,4.800,4.840,4.700,3944900;
sh600894:6.480,6.560,6.550,6.430,4880100;
sh600898:6.090,6.130,6.250,5.920,2708094;
sh600917:6.380,6.460,6.500,6.360,2268702;
sh600959:3.730,3.760,3.800,3.710,12886590;
sh600962:7.140,7.260,7.200,7.000,3701330;
sh600965:8.180,8.040,8.180,7.920,11585956;
sh600966:8.100,7.920,8.160,7.700,16379682;
sh600973:4.590,4.500,4.730,4.200,61003586;
sh600976:15.280,15.430,15.470,15.230,979483;
sh600980:11.460,11.650,11.570,11.290,1569485;
sh600981:3.240,3.250,3.300,3.160,8650476;
sh600982:2.690,2.730,2.730,2.680,2599159;
sh600983:4.140,4.130,4.160,4.070,847920;
sh600986:3.710,3.740,3.740,3.650,29059765;
sh600988:8.240,8.240,8.240,7.910,233875681;
sh600990:36.920,36.990,37.160,35.600,1477257;
sh600992:6.200,6.240,6.290,6.130,1476938;
sh601002:5.540,5.500,5.590,5.330,8744924;
sh601008:3.450,3.420,3.460,3.340,9271586;
sh601016:2.230,2.250,2.260,2.210,16090619;
sh601069:14.420,14.660,14.610,14.050,30112790;
sh601100:54.540,58.400,57.190,54.200,6627355;
sh601106:2.610,2.640,2.640,2.600,16475749;
sh601118:4.960,4.890,5.030,4.700,55994067;
sh601126:6.820,6.490,6.870,6.160,22824353;
sh601168:5.610,5.710,5.760,5.610,21901387;
sh601199:3.670,3.660,3.690,3.550,15467586;
sh601222:5.410,5.430,5.520,5.280,24988031;
sh601226:3.870,3.910,3.930,3.840,3086950;
sh601233:12.390,12.360,12.490,12.070,20728218;
sh601311:8.830,8.860,8.840,8.650,7187568;
sh601339:3.850,3.940,3.930,3.800,14260574;
sh601388:1.690,1.720,1.700,1.660,22961880;
sh601515:6.230,6.220,6.300,6.100,4572860;
sh601567:7.470,7.550,7.560,7.320,5750766;
sh601608:3.370,3.400,3.450,3.340,17271765;
sh601616:3.100,3.010,3.140,2.890,45950757;
sh601677:10.140,10.100,10.190,10.060,6199307;
sh601689:16.310,15.970,16.480,15.060,37011402;
sh601700:7.090,6.830,7.180,6.660,59799524;
sh601727:4.690,4.660,4.720,4.570,20254815;
sh601789:4.550,4.820,4.850,4.460,128002883;
sh601799:81.280,81.360,82.390,78.010,2950571;
sh601818:3.530,3.570,3.570,3.520,106247755;
sh601866:1.990,1.980,2.000,1.960,34914975;
sh601958:6.040,6.080,6.120,6.000,9953398;
sh601968:4.410,4.450,4.440,4.340,3367027;
sh601996:2.710,2.700,2.720,2.600,15125812;
sh603002:4.690,4.410,4.730,4.250,48900210;
sh603003:8.140,8.190,8.360,7.830,21681049;
sh603006:9.920,9.960,10.020,9.650,1478500;
sh603009:6.770,6.720,6.840,6.310,9203255;
sh603010:13.550,13.260,13.650,12.700,8189624;
sh603015:6.660,6.740,6.830,6.380,6727342;
sh603017:10.020,10.750,10.450,10.230,6905000;
sh603018:11.320,11.310,11.400,11.050,5473167;
sh603020:7.800,8.450,8.450,7.780,15492191;
sh603021:6.000,5.970,6.070,5.820,1910691;
sh603022:15.880,15.580,16.000,14.920,2838650;
sh603023:5.050,5.030,5.120,4.680,18829466;
sh603025:8.700,8.090,8.750,7.690,11124026;
sh603085:6.210,6.270,6.300,6.050,2724060;
sh603088:9.610,9.420,9.750,9.020,3859662;
sh603099:8.100,8.130,8.240,7.970,1114501;
sh603108:9.900,9.830,9.940,9.660,3839071;
sh603111:6.100,6.240,6.150,5.940,18520527;
sh603116:6.940,7.300,7.200,6.940,13364307;
sh603117:3.540,3.570,3.560,3.490,4145620;
sh603123:8.920,9.000,8.980,8.750,3682626;
sh603126:4.780,4.920,4.800,4.700,22428508;
sh603158:18.870,18.970,19.250,18.260,3531261;
sh603168:8.000,8.060,8.080,7.810,2740635;
sh603222:49.950,52.300,51.200,49.120,2153576;
sh603227:4.180,4.160,4.200,4.090,4794490;
sh603268:14.190,14.340,14.450,14.060,521080;
sh603299:5.700,5.740,5.740,5.650,2955124;
sh603300:7.330,7.280,7.390,7.220,8328760;
sh603308:14.510,14.180,14.550,13.750,11562093;
sh603318:7.500,7.460,7.590,7.180,10693868;
sh603333:7.640,7.560,7.850,7.150,19658533;
sh603366:5.430,5.550,5.600,5.340,13645565;
sh603456:19.190,19.510,19.630,19.020,7723221;
sh603508:55.940,56.680,57.550,55.120,2182920;
sh603519:13.150,13.190,13.370,12.620,4931081;
sh603566:16.410,17.640,17.620,16.410,7298553;
sh603568:27.890,28.460,28.300,27.430,3773084;
sh603600:13.580,13.600,13.720,12.470,14647638;
sh603601:10.450,10.420,10.660,10.070,51430225;
sh603609:11.000,11.120,11.260,10.870,6791988;
sh603611:17.600,16.980,17.620,16.300,4367652;
sh603616:7.750,7.510,7.900,7.270,9682021;
sh603618:6.950,6.730,7.100,6.420,37574971;
sh603688:23.000,22.500,23.050,21.160,7161151;
sh603703:17.840,17.980,18.280,17.760,4642773;
sh603789:12.910,12.990,12.960,12.800,2135730;
sh603800:11.410,11.550,11.520,11.290,3123125;
sh603808:11.140,11.210,11.270,10.960,2208049;
sh603818:6.870,6.830,6.930,6.740,900104;
sh603838:7.500,7.510,7.500,7.340,1212152;
sh603918:10.690,10.780,10.830,10.410,2486398;
sh603936:17.800,18.100,18.150,17.410,6532326;
sh603968:12.780,12.900,12.950,12.700,1439000;
sh603989:23.230,23.090,23.770,22.540,2011237;
sh603997:6.650,6.590,6.680,6.410,2740794;
sh603998:6.970,6.770,6.980,6.600,6924097;
sh603999:5.880,5.920,5.890,5.720,4881280;
sh600127:4.900,5.060,5.080,4.810,121476884;
sh603377:14.980,14.720,14.980,14.300,2662978;
sh601900:9.610,9.750,9.730,9.420,5678389;
sh603919:12.400,12.450,12.550,12.150,2718855;
sh603861:9.350,8.970,9.480,8.600,8190189;
sh603028:12.200,11.750,12.290,11.310,9690422;
sh603798:9.600,10.180,9.860,9.520,4012842;
sh603701:11.110,11.050,11.200,10.820,2218682;
sh603726:25.230,22.590,25.500,22.590,3869608;
sh603528:7.570,7.690,7.630,7.380,6360106;
sh603339:12.080,12.170,12.180,11.940,867519;
sh603131:16.020,16.160,16.380,15.430,4009060;
sh603016:19.790,19.750,20.080,18.600,2289017;
sh603069:12.000,11.620,12.200,11.300,5810300;
sh600936:3.740,3.760,3.770,3.690,3649300;
sh601997:7.590,7.670,7.780,7.550,18975094;
sh601595:12.550,12.450,12.660,12.270,2407570;
sh603515:23.630,24.000,23.910,23.480,2269090;
sh603843:4.560,4.740,4.850,4.500,26577667;
sh601163:12.800,12.880,12.850,12.700,2822283;
sh603393:35.630,35.680,36.180,34.950,3682614;
sh603738:24.390,26.290,24.700,23.880,16108308;
sh601128:6.710,6.680,6.790,6.560,35981373;
sh603313:18.910,18.310,18.910,17.700,4930880;
sh600926:7.660,7.640,7.740,7.500,30371927;
sh603888:22.690,23.160,23.050,22.170,8857109;
sh603060:18.590,18.640,18.880,18.060,1279136;
sh603633:12.410,12.180,12.480,11.720,7566793;
sh603987:10.910,10.850,11.120,10.320,7339254;
sh603336:16.040,16.140,16.200,15.210,17901573;
sh603660:11.490,11.320,11.490,10.920,6435266;
sh603559:25.550,25.980,26.080,23.350,36435778;
sh603033:22.650,24.540,24.000,22.200,5575126;
sh603389:4.350,4.430,4.460,4.310,2394168;
sh603058:6.660,6.650,6.760,6.470,1987272;
sh603886:15.300,15.560,15.440,15.190,3104390;
sh603239:11.240,12.040,11.420,11.040,2187320;
sh601375:4.970,4.970,5.010,4.840,32696713;
sh603035:11.580,11.880,11.740,10.900,7727686;
sh603032:16.900,16.820,17.070,16.330,1622785;
sh603877:15.100,14.800,15.360,14.500,962462;
sh603689:10.530,10.530,10.580,10.390,2126109;
sh603579:25.960,26.070,26.090,25.520,620505;
sh603639:25.500,26.080,25.780,25.350,1938770;
sh601858:9.770,9.950,10.020,9.740,3324984;
sh603638:29.000,28.920,29.270,27.910,1652792;
sh603429:32.070,31.570,32.390,30.630,2262272;
sh603966:9.440,9.450,9.550,9.200,1674210;
sh603089:11.600,11.610,11.700,11.290,1012660;
sh603360:25.460,24.640,25.500,23.810,2531868;
sh603677:10.490,10.510,10.690,10.310,616956;
sh603637:13.760,13.480,13.760,13.320,1026080;
sh601212:2.950,2.930,2.980,2.870,48042174;
sh603603:6.880,6.840,6.940,6.680,2571226;
sh603817:5.800,5.800,5.860,5.660,1875800;
sh603717:7.620,7.640,7.640,7.440,1815880;
sh603656:13.920,13.990,14.230,13.730,586968;
sh603133:18.900,18.350,18.950,17.670,4557300;
sh603811:23.450,23.200,23.630,22.850,935610;
sh603955:16.720,17.080,17.500,16.600,3218577;
sh603908:22.300,24.080,24.080,22.290,1556400;
sh603991:20.860,19.410,21.430,18.770,5486000;
sh603578:20.550,20.900,21.180,20.550,483700;
sh601366:6.960,6.860,7.110,6.630,18227222;
sh603787:11.690,11.640,11.840,11.210,2867660;
sh603320:15.090,15.220,15.300,14.660,1109600;
sh603906:9.020,9.110,9.120,8.830,2109772;
sh603586:16.470,17.130,16.700,16.400,1698674;
sh603538:28.640,27.660,29.380,26.680,7363234;
sh603385:10.270,10.160,10.280,10.020,3640259;
sh603178:8.130,8.090,8.280,7.800,2961900;
sh603238:23.700,22.880,23.780,22.500,1913600;
sh603229:26.500,25.900,27.000,25.010,2921162;
sh603728:11.600,11.360,11.640,10.920,3295788;
sh603896:25.950,26.110,26.410,25.600,736200;
sh603488:8.130,8.180,8.200,8.040,973100;
sh603197:25.250,25.880,25.950,25.000,4595792;
sh603580:11.100,11.110,11.180,10.910,608140;
sh603200:44.400,42.700,44.790,39.180,3771470;
sh603042:20.500,19.690,20.690,18.380,16873664;
sh603536:11.930,12.180,12.280,11.630,4978454;
sh603326:17.690,17.720,17.790,17.520,1301320;
sh603316:11.200,11.400,11.210,10.900,4919428;
sh603335:4.060,4.100,4.110,4.020,6455384;
sh603380:18.600,19.050,18.810,17.880,6013477;
sh603286:15.780,15.920,15.950,15.660,1502940;
sh603938:26.800,26.850,27.670,26.090,2907324;
sh603331:17.580,17.450,17.940,16.900,2004630;
sh603933:13.130,13.200,13.240,12.810,1964464;
sh603595:29.500,29.080,29.500,27.520,3894487;
sh603612:11.030,11.240,11.260,10.900,2272627;
sh603676:10.050,10.000,10.100,9.800,1875100;
sh603063:8.360,8.460,8.460,8.250,2667154;
sh603233:58.320,58.500,59.280,57.490,3109472;
sh603357:9.820,9.790,9.870,9.490,3719960;
sh603860:24.700,25.040,25.080,24.480,261362;
sh603880:13.620,13.220,13.770,12.710,6383068;
sh603776:18.620,18.590,18.770,18.160,2157708;
sh603976:15.480,15.630,15.790,15.300,1416460;
sh603079:40.970,40.030,41.200,37.500,3146990;
sh603725:6.210,6.320,6.260,6.180,1257243;
sh603813:17.280,17.330,17.360,17.000,305945;
sh603136:21.510,22.000,21.720,21.430,989940;
sh603378:27.900,27.830,28.500,27.340,1152975;
sh603367:15.880,16.030,16.060,15.660,3773003;
sh603103:15.550,15.220,15.600,14.750,3926945;
sh603110:15.000,15.000,15.140,14.600,1692960;
sh603499:14.680,15.200,15.350,14.680,1495883;
sh603829:10.670,10.870,10.940,10.310,4175578;
sh603722:27.000,27.300,27.240,25.820,1242499;
sh603659:60.360,61.510,62.360,59.220,6199356;
sh603076:19.980,20.250,20.200,19.840,366228;
sh603661:35.200,35.040,35.260,34.340,862864;
sh601019:6.460,6.560,6.570,6.430,3088876;
sh603890:13.470,12.770,13.960,12.270,24515122;
sh603477:11.240,11.110,11.350,10.890,2674100;
sh603895:19.470,19.600,19.730,18.900,1262240;
sh603516:42.770,43.500,43.390,41.450,1825791;
sh603871:25.790,26.120,26.400,25.520,517487;
sh603709:26.300,25.600,26.300,25.010,838800;
sh603712:30.000,27.600,30.500,26.550,29056772;
sh603059:23.950,24.260,24.250,23.540,1551257;
sh600929:5.490,5.470,5.500,5.370,2760167;
sh603897:18.520,18.920,19.290,18.200,8229583;
sh603301:38.290,37.040,39.000,35.250,12406995;
sh603773:32.830,32.270,32.940,31.060,1723074;
sh603666:86.980,89.810,89.990,85.520,788620;
sh601990:14.750,14.670,14.800,13.990,151840997;
sh603713:48.600,49.390,49.720,47.500,1651950;
sh601606:8.530,8.570,8.570,8.380,4662320;
sh603590:39.700,39.170,39.870,38.010,3281865;
sh603192:25.990,27.120,25.990,25.180,4339224;
sh601068:4.370,4.380,4.400,4.300,7082874;
sh603297:35.000,33.800,35.090,31.900,2114857;
sh603790:12.390,12.510,12.500,12.240,1436230;
sh603583:40.250,39.100,40.600,38.010,5168382;
sh601975:2.410,2.420,2.430,2.380,44943909;
sh603629:22.040,22.290,22.580,21.740,724651;
sh603185:34.570,33.210,35.030,32.100,5282735;
sh601298:5.640,5.660,5.700,5.570,6150112;
sh603700:31.500,32.100,32.850,31.500,2967189;
sh601615:9.880,9.880,9.940,9.650,7045534;
sh601865:10.320,10.560,10.870,10.260,11936853;
sh603317:43.220,45.580,44.490,42.830,2598515;
sh603697:12.660,13.250,12.880,12.350,12188084;
sh603982:14.550,15.590,14.800,14.310,5566054;
sh603327:26.060,26.270,26.200,24.950,3745324;
sh603915:12.710,13.080,12.850,12.470,3479806;
sh601236:21.470,21.780,21.500,20.530,52195654;
sh603530:22.740,21.710,23.270,20.580,15889591;
sh603115:17.720,17.790,17.970,17.280,1764065;
sh603992:18.350,18.260,18.580,17.770,4227270;
sh603755:43.300,44.870,44.180,43.300,386457;
sh600000:10.030,10.060,10.130,10.020,28988754;
sh600004:12.930,13.320,13.140,12.870,10742488;
sh600006:3.970,4.070,4.030,3.910,16266107;
sh600007:12.640,12.880,12.850,12.630,1691000;
sh600008:3.000,3.010,3.020,2.960,17070525;
sh600009:60.800,62.170,62.850,60.010,15564638;
sh600011:4.500,4.610,4.560,4.490,27398364;
sh600012:5.200,5.230,5.240,5.140,3503333;
sh600015:6.410,6.450,6.470,6.390,26046440;
sh600016:5.580,5.630,5.650,5.580,77317350;
sh600017:2.470,2.490,2.500,2.450,11650580;
sh600018:4.300,4.300,4.340,4.250,22594280;
sh600019:4.660,4.690,4.680,4.630,51512094;
sh600020:3.760,3.780,3.780,3.710,10812843;
sh600021:7.490,7.360,7.680,7.000,17327045;
sh600023:3.360,3.400,3.390,3.350,16585149;
sh600026:6.400,6.190,6.440,6.060,52181807;
sh600027:3.090,3.150,3.140,3.080,34891037;
sh600028:4.460,4.480,4.490,4.450,81288093;
sh600029:5.220,5.200,5.240,5.110,36659172;
sh600030:22.360,22.310,22.440,21.900,118802371;
sh600031:16.370,16.720,16.770,16.310,123638834;
sh600033:2.720,2.730,2.740,2.690,4879550;
sh600035:3.380,3.420,3.420,3.280,33594120;
sh600036:31.150,31.510,31.650,30.810,82529393;
sh600037:8.850,8.950,8.940,8.750,8231989;
sh600038:40.920,41.090,41.100,40.290,3557975;
sh600050:5.240,5.310,5.410,5.210,170260366;
sh600054:8.470,8.410,8.530,8.210,5149972;
sh600055:12.700,13.330,13.090,12.620,18464740;
sh600056:15.340,15.300,15.350,14.970,34042748;
sh600057:4.480,4.490,4.560,4.310,15097776;
sh600059:7.140,7.180,7.210,7.090,2371368;
sh600060:9.850,9.850,10.000,9.490,15210721;
sh600062:12.500,12.450,12.560,12.220,7597229;
sh600064:8.430,8.470,8.480,8.250,7857626;
sh600066:12.000,12.650,12.450,11.950,24157069;
sh600068:6.730,6.650,6.730,6.510,38021659;
sh600072:10.530,10.470,10.560,10.210,7142052;
sh600073:8.200,8.650,8.260,8.030,46227197;
sh600075:4.710,4.730,4.740,4.600,5529750;
sh600085:24.400,24.340,24.490,23.990,6528145;
sh600089:7.590,7.320,7.630,7.030,119054090;
sh600093:12.210,12.500,12.300,12.070,18265539;
sh600097:8.830,8.910,8.950,8.740,1329445;
sh600098:5.850,5.850,5.900,5.780,1815752;
sh600100:8.160,8.170,8.210,8.000,25197796;
sh600104:17.940,19.000,18.400,17.830,37716983;
sh600105:5.020,5.070,5.060,4.780,50101102;
sh600106:2.700,2.710,2.720,2.660,6325790;
sh600109:9.350,9.340,9.400,9.060,53330260;
sh600114:9.430,9.280,9.430,8.840,24107087;
sh600116:7.660,7.750,7.750,7.540,8281245;
sh600118:29.650,29.160,29.880,28.100,24644387;
sh600125:4.890,4.920,4.950,4.830,8538319;
sh600126:6.400,6.400,6.530,6.050,49080759;
sh600129:11.370,11.180,11.410,10.960,3702901;
sh600131:20.290,19.290,20.400,18.700,21851839;
sh600132:41.400,43.300,45.000,41.400,6104628;
sh600133:5.240,5.500,5.400,5.200,40577671;
sh600138:10.300,10.350,10.380,10.060,16267215;
sh600141:9.440,9.850,9.490,9.380,25391120;
sh600143:7.850,7.800,7.950,7.460,65984756;
sh600150:17.820,17.860,18.030,17.540,7020558;
sh600153:7.170,7.190,7.240,7.080,8532116;
sh600158:8.830,8.630,8.880,8.360,18316954;
sh600170:3.150,3.160,3.180,3.120,22011010;
sh600171:18.540,18.070,18.610,17.220,29615800;
sh600176:7.780,7.700,7.820,7.520,37955496;
sh600177:6.540,6.500,6.580,6.410,10467479;
sh600183:28.660,27.500,28.670,25.960,43451187;
sh600195:12.970,13.740,13.500,12.910,32511558;
sh600196:28.380,30.330,28.500,27.320,88591704;
sh600216:18.950,18.350,19.110,17.450,43226848;
sh600217:5.170,5.170,5.190,5.070,6421560;
sh600219:2.080,2.080,2.100,2.060,46476490;
sh600233:10.700,10.890,10.830,10.630,24169389;
sh600252:3.260,3.260,3.280,3.170,32002295;
sh600256:2.610,2.630,2.650,2.610,25016171;
sh600258:14.120,14.130,14.500,13.860,18857473;
sh600260:14.990,14.850,15.060,13.960,73617339;
sh600261:3.680,3.680,3.700,3.610,7420194;
sh600269:3.510,3.520,3.520,3.470,7644881;
sh600271:20.290,20.390,20.410,19.960,12702454;
sh600276:83.040,85.660,85.660,82.880,31899649;
sh600284:6.160,6.170,6.190,6.040,8252220;
sh601658:5.130,5.140,5.160,5.050,33714143;
sh600969:5.860,5.900,5.910,5.800,2403160;
sh600297:3.850,4.170,3.910,3.740,51525298;
sh600298:30.940,31.620,31.260,30.600,6365775;
sh600299:11.780,11.340,11.850,10.870,26851400;
sh600305:18.190,18.720,18.550,18.180,15187805;
sh600309:39.390,39.200,39.550,38.180,22954568;
sh600312:8.840,8.310,8.880,7.910,76339674;
sh600315:25.500,25.290,25.640,24.910,4726843;
sh600316:11.940,11.930,12.040,11.720,8524154;
sh600320:3.180,3.230,3.240,3.180,5470936;
sh600325:6.150,6.160,6.200,6.030,20922086;
sh600332:30.250,30.190,30.330,29.600,8753873;
sh600340:20.500,20.530,20.690,20.140,13603100;
sh600343:8.220,8.250,8.340,8.070,5431401;
sh600345:23.070,24.360,23.470,22.730,17128749;
sh600350:4.140,4.170,4.190,4.110,7934830;
sh600352:12.500,12.370,12.510,12.070,41276229;
sh600361:3.810,3.810,3.900,3.610,30895826;
sh600362:12.520,12.600,12.630,12.350,20523647;
sh600369:4.650,4.660,4.680,4.560,25744462;
sh600372:12.860,12.780,12.900,12.330,6859741;
sh600376:6.350,6.420,6.450,6.300,8936466;
sh600377:9.440,9.800,9.770,9.440,11625995;
sh600380:11.010,11.150,11.060,10.830,19868109;
sh600383:12.450,12.780,12.650,12.370,27302653;
sh600388:9.550,9.280,9.610,9.030,26256866;
sh600390:7.690,7.680,7.710,7.480,12319749;
sh600391:17.600,17.000,17.690,16.100,21148567;
sh600406:20.410,20.820,20.900,20.200,29153007;
sh600410:11.530,12.240,11.840,11.320,128998678;
sh600418:4.890,5.080,4.890,4.680,38640113;
sh600420:9.450,9.390,9.480,9.280,8380795;
sh600422:10.190,9.880,10.190,9.710,17982945;
sh600428:3.170,3.190,3.200,3.100,9982517;
sh600435:7.360,7.350,7.420,7.230,9173652;
sh600436:119.500,119.650,119.980,117.280,3474413;
sh600439:2.890,2.910,2.920,2.850,7508244;
sh600446:17.660,17.700,17.790,17.220,12972515;
sh600452:16.590,16.640,16.660,16.270,1919926;
sh600460:15.700,15.480,15.830,14.850,32070173;
sh600477:3.830,3.810,3.880,3.680,23944071;
sh600482:15.830,15.860,15.930,15.630,3198615;
sh600483:8.070,8.140,8.180,8.010,4832300;
sh600486:60.900,62.220,62.000,60.000,4085761;
sh600487:19.890,18.430,19.950,17.420,152804261;
sh600489:8.000,8.160,8.080,7.860,100917748;
sh600496:3.630,3.560,3.660,3.460,31102561;
sh600497:3.460,3.470,3.530,3.430,34521876;
sh600498:39.100,39.200,39.480,36.500,88994572;
sh600500:5.220,5.330,5.310,5.170,16259599;
sh600507:7.980,7.950,8.110,7.810,12567174;
sh600511:25.500,26.400,26.400,25.500,6101057;
sh600516:9.130,9.130,9.200,8.940,29574781;
sh600519:1043.000,1056.000,1058.880,1035.000,4664796;
sh600522:11.650,10.970,11.750,10.350,285352674;
sh600529:31.130,31.600,31.850,30.550,4186001;
sh600535:13.880,13.810,14.050,13.500,14313856;
sh600536:76.110,75.790,77.680,72.500,18210796;
sh600545:5.380,5.420,5.450,5.280,6657149;
sh600547:32.800,33.000,32.830,31.900,93489677;
sh600548:8.700,8.820,8.870,8.650,3489313;
sh600557:12.800,12.730,12.840,12.410,5809997;
sh600563:44.950,44.970,45.450,43.380,2430543;
sh600565:2.780,2.810,2.830,2.780,11470871;
sh600566:21.020,20.880,21.250,20.580,5192760;
sh600570:86.300,87.260,87.180,84.540,18396502;
sh600571:9.510,9.580,9.610,9.260,9502585;
sh600572:5.400,5.350,5.460,5.210,36683315;
sh600577:2.820,2.800,2.840,2.730,17989204;
sh600578:2.780,2.840,2.810,2.740,7140127;
sh600580:10.730,10.720,10.730,10.270,20933245;
sh600582:2.970,3.000,3.020,2.950,18725681;
sh600583:4.790,5.040,5.020,4.780,59585831;
sh600584:22.020,21.360,22.100,20.060,75262716;
sh600585:53.130,54.650,54.300,52.570,45913637;
sh600588:42.800,40.250,43.750,38.000,50829848;
sh600590:6.460,6.340,6.560,6.010,34917333;
sh600597:10.470,10.790,10.620,10.400,19718913;
sh600598:14.890,14.590,15.030,13.980,110686575;
sh600600:41.300,43.270,43.270,41.010,20516720;
sh600606:5.290,5.310,5.320,5.210,35412218;
sh600611:3.480,3.460,3.480,3.390,4367130;
sh600612:38.000,38.910,39.100,38.000,3715970;
sh600616:4.330,4.390,4.370,4.300,3038024;
sh600618:7.480,7.450,7.610,7.250,4597297;
sh600619:8.060,8.160,8.290,8.030,2581551;
sh600622:3.540,3.620,3.650,3.520,24957780;
sh600633:9.160,9.310,9.440,9.110,12090280;
sh600635:4.060,4.040,4.060,3.960,12351887;
sh600637:9.230,9.140,9.290,8.940,19983945;
sh600642:5.170,5.220,5.230,5.170,9861487;
sh600643:7.920,8.000,8.000,7.840,13197420;
sh600648:14.500,14.430,14.550,14.240,2823713;
sh600650:8.740,8.800,8.940,8.630,1603650;
sh600655:7.000,7.240,7.230,6.990,13375119;
sh600657:3.400,3.430,3.450,3.380,5564900;
sh600658:4.280,4.290,4.350,4.220,2039380;
sh600660:18.190,18.750,18.270,17.940,25277002;
sh600663:10.860,10.850,11.040,10.630,2615859;
sh600667:11.780,11.000,11.890,10.600,128162140;
sh600674:8.660,8.850,8.790,8.660,6823005;
sh600685:12.180,12.080,12.220,11.930,2939401;
sh600686:6.190,6.280,6.220,6.120,2791216;
sh600688:3.940,3.940,3.950,3.850,29799308;
sh600690:14.100,14.620,14.650,14.090,52644479;
sh600699:19.810,19.990,20.050,19.150,41221223;
sh600702:21.850,21.930,22.280,21.380,6618652;
sh600703:22.320,21.920,22.430,20.410,167903994;
sh600704:4.680,4.690,4.720,4.620,19331934;
sh600705:4.000,4.010,4.010,3.950,25637598;
sh600713:4.420,4.450,4.450,4.360,6888800;
sh600717:5.350,5.410,5.440,5.350,5914635;
sh600718:11.990,12.070,12.080,11.770,12837314;
sh600720:13.120,13.220,13.410,12.750,37748368;
sh600723:5.350,5.330,5.360,5.250,3539060;
sh600728:10.300,10.140,10.360,10.110,86029182;
sh600729:25.620,26.130,26.100,25.560,6506699;
sh600733:4.910,5.310,4.970,4.830,34100120;
sh600741:19.400,19.770,19.530,18.860,31899952;
sh600743:2.150,2.160,2.160,2.120,4121597;
sh600749:8.510,8.390,8.580,8.280,2781012;
sh600750:11.620,11.490,11.740,11.280,4778551;
sh600754:24.610,25.190,25.800,24.380,4079808;
sh600760:27.120,27.460,27.240,26.240,13242878;
sh600761:9.100,9.180,9.250,9.050,4419429;
sh600763:93.060,97.370,99.010,93.060,4534976;
sh600765:8.880,8.820,9.010,8.650,8936676;
sh600775:9.350,9.120,9.390,8.530,33085964;
sh600776:18.110,18.080,18.290,17.560,14916216;
sh600779:39.790,40.000,40.650,39.270,3418480;
sh600787:4.330,4.370,4.380,4.290,10415608;
sh600789:9.920,9.700,9.950,9.360,63919582;
sh600790:3.090,3.100,3.100,3.060,7351818;
sh600794:3.240,3.230,3.260,3.180,10699210;
sh600795:2.020,2.020,2.030,2.000,56732822;
sh600797:9.010,9.300,9.360,8.930,35875301;
sh600798:3.130,3.110,3.140,3.060,7919946;
sh600801:23.600,23.650,23.950,22.930,33531400;
sh600803:8.190,8.200,8.230,7.990,10840813;
sh600804:6.850,7.110,7.230,6.710,111847772;
sh600805:4.470,4.490,4.500,4.400,3569484;
sh600809:82.800,84.130,83.780,81.400,4885689;
sh600812:7.350,7.210,7.370,7.010,20186170;
sh600814:4.780,4.710,4.850,4.620,6174273;
sh600820:5.580,5.610,5.630,5.530,12397290;
sh600823:3.760,3.860,3.830,3.760,8590462;
sh600826:9.870,9.860,9.870,9.720,1398935;
sh600827:7.420,7.450,7.520,7.380,4182172;
sh600835:13.920,14.260,14.250,13.920,5477055;
sh600837:12.930,12.870,13.000,12.500,95287568;
sh600839:2.790,2.770,2.810,2.670,70655838;
sh600845:46.000,44.540,46.780,42.700,15603597;
sh600848:18.840,18.900,19.180,18.620,3460846;
sh600850:24.090,24.220,24.500,23.410,6217099;
sh600859:11.960,11.930,12.060,11.810,3603055;
sh600872:42.000,42.790,42.410,41.500,8267878;
sh600873:4.250,4.210,4.260,4.160,18718695;
sh600875:8.770,8.820,8.890,8.620,10646350;
sh600884:10.410,10.500,10.570,10.210,14232343;
sh600886:7.580,7.800,7.700,7.580,26246581;
sh600887:28.050,28.350,28.400,27.910,52141266;
sh603551:15.970,16.110,16.120,15.770,1700446;
sh600893:22.610,22.470,22.700,21.940,9503174;
sh600895:12.300,12.320,12.350,12.060,6695826;
sh600897:17.370,17.390,17.660,17.070,1247145;
sh600900:16.640,16.910,16.950,16.600,39793437;
sh600958:9.280,9.270,9.350,9.060,30361642;
sh600967:9.560,9.600,9.620,9.320,11999486;
sh600970:6.030,6.030,6.060,5.920,19171431;
sh600975:7.610,7.600,7.690,7.400,13600228;
sh600987:5.400,5.410,5.450,5.270,5444304;
sh600993:14.670,14.970,14.840,14.630,3590080;
sh600995:7.790,7.750,7.830,7.500,9986336;
sh600998:16.800,17.170,17.350,16.740,5890690;
sh600999:16.560,16.530,16.700,16.250,13783630;
sh601003:4.970,4.990,5.040,4.920,4981428;
sh601006:6.760,6.830,6.800,6.740,31787826;
sh601007:8.650,8.550,8.660,8.240,5502963;
sh601009:7.160,7.170,7.210,7.100,25880986;
sh601010:3.110,3.200,3.140,3.020,14931578;
sh601012:23.000,22.490,23.200,21.750,63986886;
sh601018:3.250,3.280,3.330,3.240,34617065;
sh601021:32.820,31.890,32.870,31.090,7871251;
sh601038:5.780,5.690,5.800,5.510,8332295;
sh601088:15.030,15.580,15.220,14.970,42545904;
sh601099:3.400,3.410,3.430,3.320,103605765;
sh601107:3.450,3.460,3.470,3.410,3748743;
sh601111:6.450,6.510,6.540,6.380,47820255;
sh601116:12.030,11.680,12.110,11.440,8397510;
sh601117:5.880,5.900,5.940,5.770,34851994;
sh601137:11.600,11.940,11.790,11.420,5514807;
sh601139:7.450,7.460,7.700,7.350,19206304;
sh601158:5.230,5.250,5.260,5.220,2653799;
sh601166:15.370,15.430,15.460,15.220,82908934;
sh601169:4.750,4.770,4.780,4.700,72047057;
sh601186:9.650,9.550,9.710,9.360,80624276;
sh601198:11.090,11.110,11.160,10.870,15753913;
sh601211:16.150,16.320,16.250,15.960,35108564;
sh601216:2.490,2.500,2.510,2.440,63095860;
sh601231:17.200,17.050,17.290,16.320,21650981;
sh601238:10.270,10.630,10.290,10.010,29589324;
sh601288:3.310,3.350,3.330,3.300,213780249;
sh601360:19.730,19.560,19.780,18.800,26347851;
sh601318:67.950,68.950,68.880,67.820,79158920;
sh601328:5.070,5.090,5.110,5.050,65497535;
sh601333:2.360,2.380,2.390,2.360,23476543;
sh601336:38.500,39.280,38.870,38.320,14349353;
sh601377:6.320,6.360,6.380,6.230,38130719;
sh601390:5.280,5.270,5.350,5.170,60083096;
sh601398:5.020,5.120,5.080,5.020,230319306;
sh601519:7.490,7.530,7.520,7.250,30012623;
sh601555:7.950,8.030,7.990,7.740,41788841;
sh601579:7.550,7.590,7.580,7.430,1123130;
sh601588:2.620,2.630,2.640,2.590,9201000;
sh601600:2.940,2.940,2.950,2.910,37908451;
sh601601:26.940,27.790,27.500,26.770,36432249;
sh601607:19.000,18.510,19.000,18.180,33298128;
sh601618:2.610,2.610,2.630,2.560,43944837;
sh601628:24.770,25.520,25.230,24.760,17726524;
sh601633:7.940,8.580,8.040,7.890,29015114;
sh601636:4.740,4.830,4.740,4.630,36799529;
sh601668:5.200,5.170,5.230,5.080,177223235;
sh601669:3.960,3.950,3.980,3.900,28702342;
sh601688:17.330,17.260,17.400,16.880,59996899;
sh601717:5.570,5.610,5.630,5.510,15826085;
sh601718:4.100,4.040,4.130,3.970,48801938;
sh601766:6.260,6.230,6.280,6.170,41135579;
sh601788:11.130,11.290,11.250,11.040,19928584;
sh601800:8.250,8.190,8.290,8.000,66015967;
sh601801:4.820,4.880,4.890,4.810,3925216;
sh601808:12.030,12.350,12.300,11.910,21462879;
sh601857:4.840,4.840,4.870,4.800,105150949;
sh601872:5.560,5.360,5.560,5.160,133644970;
sh601877:22.980,22.930,23.240,22.470,11231886;
sh601880:1.720,1.730,1.750,1.720,15019640;
sh601888:73.500,73.270,75.850,72.130,13174259;
sh601890:5.090,5.090,5.110,4.990,6113143;
sh601899:3.720,3.740,3.800,3.610,541896772;
sh601901:7.150,7.110,7.170,6.950,28584253;
sh601919:4.000,4.000,4.030,3.950,17321643;
sh601928:6.600,6.630,6.690,6.590,5582930;
sh601933:9.500,9.310,9.540,9.080,57608032;
sh601939:6.230,6.370,6.300,6.230,104878455;
sh601965:7.990,8.170,8.020,7.760,6921794;
sh601985:4.360,4.400,4.400,4.320,25442909;
sh601988:3.470,3.480,3.500,3.460,93732616;
sh601989:4.140,4.170,4.180,4.110,49700248;
sh601991:2.060,2.060,2.070,2.040,10170810;
sh601992:3.400,3.380,3.450,3.340,55013283;
sh601998:5.200,5.220,5.240,5.180,12489789;
sh603000:18.720,18.760,18.780,18.190,11924863;
sh603005:87.520,89.690,87.870,82.000,18145334;
sh603008:11.320,11.410,11.350,11.120,5277562;
sh603011:4.990,5.350,5.350,4.970,7901802;
sh603019:44.260,43.300,44.500,41.100,37009524;
sh603026:30.700,30.000,30.700,28.900,6562384;
sh603066:8.890,9.000,9.040,8.690,8018043;
sh603100:8.560,8.660,8.700,8.430,4753402;
sh603118:14.410,14.180,14.550,13.190,29033130;
sh603128:5.150,5.130,5.170,5.020,11040913;
sh603169:4.650,4.670,4.710,4.510,8022265;
sh603198:15.220,15.480,15.440,15.150,4677000;
sh603199:20.860,21.060,21.210,20.590,655713;
sh603288:102.380,104.020,105.550,102.230,5257664;
sh603306:14.340,13.950,14.550,13.500,3362542;
sh603328:10.550,10.600,10.600,10.230,10452845;
sh603338:59.000,57.250,59.000,56.200,3347954;
sh603355:20.410,20.570,20.580,20.060,1062983;
sh603368:31.290,31.500,31.700,30.970,1249789;
sh603369:25.520,26.430,26.130,25.130,17091285;
sh603398:8.390,8.430,8.440,8.160,2099560;
sh603589:37.160,37.900,37.800,36.890,5104417;
sh603598:11.920,12.120,12.550,11.650,11778200;
sh603599:14.700,14.730,14.750,14.350,2688195;
sh603606:12.080,12.370,12.350,11.820,20341645;
sh603636:12.100,12.440,12.250,12.040,21079254;
sh603678:23.740,23.500,23.760,22.500,11985099;
sh603686:15.300,15.140,15.730,14.700,11737240;
sh603696:10.130,10.600,10.290,10.000,18174359;
sh603698:10.820,10.840,10.920,10.730,1065880;
sh603699:12.300,12.280,12.390,12.040,2233279;
sh603718:14.470,14.500,14.560,14.160,3005864;
sh603766:3.310,3.310,3.320,3.220,11022553;
sh603799:29.920,30.120,31.000,29.200,42067912;
sh603806:41.560,42.900,42.650,40.330,4775357;
sh603866:43.800,45.240,44.620,43.010,4236737;
sh603883:71.700,73.060,74.440,71.700,2144412;
sh603885:9.840,9.890,9.910,9.590,13390595;
sh603889:4.950,5.000,5.030,4.920,1677550;
sh603898:14.120,14.170,14.290,14.000,703421;
sh603899:43.700,44.620,45.100,43.540,4708934;
sh603939:82.300,84.380,84.610,82.300,1682177;
sh603993:3.480,3.530,3.560,3.460,154605106;
sh603225:10.800,10.750,10.940,10.510,3253305;
sh603195:145.000,143.310,145.300,136.010,4047095;
sh601816:6.180,6.240,6.200,6.080,98332380;
sh600673:7.110,7.080,7.170,6.970,16715151;
sh601916:4.000,4.010,4.020,3.970,26809775;
sh603027:23.500,24.140,23.590,22.890,6670172;
sh603520:55.900,54.840,56.680,54.100,1502970;
sh603868:36.000,36.300,37.200,35.600,1634293;
sh603737:80.250,82.600,81.400,79.000,1598425;
sh601611:6.160,6.180,6.220,6.080,6184348;
sh601127:8.200,8.410,8.440,8.170,2961504;
sh601966:19.400,19.490,19.600,19.020,7040307;
sh603322:22.400,22.670,23.580,21.010,16977817;
sh600919:5.950,6.030,6.030,5.950,25325613;
sh601811:10.380,10.690,10.750,10.380,1809307;
sh600977:12.490,12.420,12.620,12.160,10053747;
sh603986:253.000,244.110,253.770,231.320,12070987;
sh603658:102.410,102.650,105.580,101.130,2283175;
sh603189:25.700,27.040,27.350,25.680,19853581;
sh600908:5.040,5.110,5.110,5.040,8354520;
sh603421:15.580,15.820,15.730,15.120,4267861;
sh603777:12.180,12.340,12.250,11.800,9442180;
sh603816:34.970,35.310,35.850,34.400,1577744;
sh603160:257.000,258.300,264.900,250.120,4184270;
sh603258:28.500,28.170,28.600,27.300,2422635;
sh603290:115.350,113.500,117.000,105.710,9217006;
sh601229:8.180,8.360,8.360,8.180,24664734;
sh603858:19.990,20.000,20.160,19.590,7416739;
sh603727:14.750,14.670,14.910,14.280,1989607;
sh603900:7.590,7.850,7.840,7.590,4093041;
sh600909:7.850,8.130,8.090,7.760,143388666;
sh603990:47.900,46.800,48.150,45.410,1157415;
sh603708:28.800,28.770,28.800,27.760,2198714;
sh603416:33.950,33.150,34.460,32.300,1033580;
sh600996:7.820,7.850,7.860,7.630,5352232;
sh603298:11.790,11.560,11.900,11.250,5106237;
sh603218:17.090,17.350,17.580,17.090,2038349;
sh603929:15.060,16.280,16.280,14.960,8816319;
sh603186:49.980,47.640,50.000,44.940,4506910;
sh603444:397.470,392.180,402.280,380.000,876951;
sh603228:44.930,43.930,45.170,41.690,8009968;
sh603690:34.130,32.120,34.690,30.630,10208667;
sh603039:71.600,72.100,71.980,70.330,546175;
sh603337:17.600,17.460,17.930,16.830,1614587;
sh601881:9.610,9.560,9.620,9.310,38658555;
sh603881:56.350,54.310,58.680,52.520,14626942;
sh603208:75.320,74.360,78.490,70.000,1914300;
sh600939:3.910,3.890,3.940,3.840,4026160;
sh603501:139.970,137.340,140.000,132.010,6246762;
sh603517:46.400,48.790,48.380,45.930,5985717;
sh603960:28.290,28.860,29.000,28.010,1990690;
sh603630:13.440,13.980,13.780,13.310,7144800;
sh603138:22.050,22.410,23.540,21.110,9602183;
sh603803:14.270,14.260,14.400,13.600,11257301;
sh603232:41.810,41.200,42.490,38.310,3317295;
sh603920:19.540,19.240,19.880,18.420,5849698;
sh603078:41.400,38.680,42.000,36.910,6164001;
sh601200:11.870,11.910,11.920,11.710,10156275;
sh603303:9.430,9.300,9.430,9.140,2213561;
sh603833:90.330,90.490,91.480,88.000,1637745;
sh601228:3.160,3.150,3.180,3.120,5674600;
sh603345:77.080,79.990,81.700,75.660,2237835;
sh601952:9.490,9.370,9.500,8.940,73011707;
sh603383:59.920,59.760,60.100,58.010,1188250;
sh603496:21.990,22.050,22.300,21.020,5756849;
sh603226:18.350,18.400,18.770,17.410,8080646;
sh603980:7.600,7.590,7.660,7.400,4132180;
sh601878:10.240,10.190,10.290,10.090,43005265;
sh603043:27.170,27.400,27.500,26.600,2963521;
sh603801:19.500,19.610,19.750,18.930,2700460;
sh603387:32.680,31.200,32.880,30.000,10396505;
sh603707:45.580,46.070,46.310,44.410,2503645;
sh603825:23.150,23.270,23.760,22.520,5268322;
sh603978:21.330,21.180,21.410,20.480,2330200;
sh603602:24.580,24.990,25.200,23.560,15690094;
sh601326:2.660,2.690,2.710,2.660,5752769;
sh603129:32.610,31.720,32.880,30.440,2971701;
sh601949:5.300,5.270,5.320,5.170,4493575;
sh603127:63.980,65.660,64.850,63.330,2069840;
sh603183:9.260,9.370,9.420,9.160,1971308;
sh603882:49.780,53.300,50.800,49.280,8480828;
sh603277:8.850,8.890,8.980,8.800,1074962;
sh603386:14.200,14.180,14.360,13.680,1545600;
sh603648:8.200,8.300,8.270,8.130,1955970;
sh603321:7.860,8.110,8.120,7.810,5448033;
sh603106:7.120,7.200,7.250,7.000,4644002;
sh603533:21.060,20.390,21.620,19.680,17423116;
sh603363:18.820,19.090,18.940,18.300,9138658;
sh603466:13.320,13.210,13.450,13.000,3087800;
sh601108:10.210,10.270,10.270,10.060,68268322;
sh603607:17.990,18.040,18.030,17.650,960620;
sh603260:25.300,25.120,25.490,24.440,1734202;
sh603289:7.800,7.910,7.870,7.650,1944569;
sh603912:21.100,21.080,21.740,19.240,14575240;
sh603856:10.970,11.070,11.150,10.720,3517300;
sh600903:10.900,10.820,10.980,10.530,7845812;
sh603083:31.300,31.040,31.660,29.800,5267041;
sh603605:106.230,108.250,109.000,105.610,1309055;
sh603619:12.770,12.690,12.770,12.410,4053400;
sh603365:12.980,13.150,13.160,12.860,1486700;
sh603711:26.490,27.010,26.620,26.050,5293452;
sh603848:12.000,12.010,12.190,11.720,939900;
sh600025:3.600,3.640,3.630,3.570,34890835;
sh603283:42.370,41.180,42.880,38.570,5121809;
sh603329:10.950,10.920,10.950,10.600,1372377;
sh603080:12.810,12.880,12.980,12.660,1188123;
sh601155:27.920,27.800,28.130,27.030,16160284;
sh603180:58.330,59.240,59.820,57.620,546505;
sh603056:9.900,9.910,9.990,9.670,3397755;
sh601828:9.660,9.720,9.740,9.540,5044306;
sh601838:7.500,7.510,7.520,7.410,15760222;
sh603156:24.290,24.470,24.600,24.060,1438043;
sh600901:5.100,5.150,5.150,5.070,10876000;
sh603214:39.180,38.670,39.180,37.810,2301021;
sh603259:89.600,91.850,92.520,88.710,21546696;
sh603486:18.790,19.320,20.410,18.780,5352941;
sh601138:12.750,13.020,13.090,12.420,90750716;
sh601330:9.530,9.380,9.600,9.100,11241895;
sh601066:29.950,30.120,30.200,29.100,36633018;
sh601869:37.500,36.790,37.770,35.000,7802031;
sh601577:7.730,7.780,7.770,7.680,9715363;
sh601162:5.550,5.540,5.570,5.280,110405407;
sh603220:22.810,23.700,22.950,21.950,17604845;
sh601319:6.260,6.350,6.310,6.190,49039052;
sh603187:32.500,32.960,32.780,31.880,1612320;
sh601860:4.340,4.310,4.380,4.230,43278342;
sh603121:15.100,15.260,15.290,14.730,2703162;
sh603739:21.950,22.040,22.040,21.330,1896153;
sh601598:3.400,3.400,3.420,3.370,16100724;
sh600928:5.590,5.570,5.610,5.500,9013174;
sh603068:88.970,87.150,89.330,82.500,2505799;
sh600968:2.310,2.320,2.320,2.280,27873929;
sh601698:15.080,15.060,15.250,14.510,20488003;
sh603236:192.500,187.790,192.500,179.000,1357355;
sh603983:65.360,66.390,66.120,64.310,1442893;
sh603613:100.000,98.320,100.500,90.500,2039983;
sh603267:49.230,48.100,49.380,45.800,4017348;
sh603093:21.950,21.770,22.030,20.910,5036454;
sh603927:59.690,59.980,60.100,57.910,1862211;
sz000006:4.490,4.520,4.570,4.450,9154441;
sz000007:8.250,8.130,8.290,8.010,4136050;
sz000008:3.150,3.120,3.170,3.060,30561538;
sz000009:5.950,6.270,6.230,5.890,165154148;
sz000011:8.250,8.380,8.380,8.200,5132624;
sz000017:3.610,3.660,3.680,3.520,6892438;
sz000023:14.960,15.020,15.600,14.410,6441372;
sz000025:18.250,18.300,18.490,17.960,3009170;
sz000028:39.090,39.510,39.400,38.760,2563365;
sz000036:3.440,3.470,3.470,3.410,5501082;
sz000038:9.250,9.070,9.500,8.710,11763100;
sz000045:7.020,7.010,7.060,6.730,6382041;
sz000050:13.940,13.840,13.970,13.400,14861811;
sz000055:3.960,3.970,3.980,3.880,4155927;
sz000058:6.200,6.210,6.280,6.120,6123454;
sz000059:5.550,5.530,5.570,5.390,9258712;
sz000061:6.270,6.450,6.300,6.190,33932610;
sz000068:3.150,3.110,3.170,3.060,10489400;
sz000078:4.730,4.620,4.750,4.420,88596736;
sz000150:4.990,4.700,5.080,4.510,49122970;
sz000151:8.040,8.000,8.050,7.850,1893950;
sz000155:3.990,4.040,4.020,3.910,10228661;
sz000301:4.820,4.780,4.890,4.750,15733459;
sz000402:6.490,6.580,6.570,6.480,8461923;
sz000415:2.940,2.930,2.970,2.870,19112584;
sz000416:4.510,4.540,4.540,4.410,6789205;
sz000421:4.100,4.130,4.130,4.050,2427300;
sz000430:4.960,4.990,5.020,4.840,4166876;
sz000498:5.120,5.120,5.170,4.990,11336474;
sz000501:10.840,11.130,10.960,10.650,17869238;
sz000503:14.050,13.710,14.050,13.330,9894993;
sz000505:6.050,6.000,6.120,5.840,29054694;
sz000506:2.800,2.840,2.840,2.800,23633885;
sz000507:5.090,5.100,5.140,4.990,7492256;
sz000510:4.000,4.040,4.080,3.930,8084365;
sz000514:4.100,4.060,4.110,3.960,6951900;
sz000517:2.600,2.590,2.620,2.550,9561630;
sz000518:4.860,4.720,4.880,4.540,32345903;
sz000523:6.330,6.330,6.390,6.200,6159720;
sz000525:8.380,8.370,8.480,8.110,11646702;
sz000526:44.410,41.020,45.270,40.100,3822363;
sz000529:6.250,6.400,6.290,6.170,6193380;
sz000530:3.840,3.810,3.870,3.720,6723186;
sz000531:6.000,6.080,6.030,5.900,2728151;
sz000532:10.150,10.270,10.290,10.100,5088088;
sz000533:2.650,2.720,2.740,2.630,18074500;
sz000536:2.080,2.090,2.110,2.040,16879944;
sz000537:6.650,6.650,6.650,6.480,11031115;
sz000540:3.300,3.280,3.330,3.170,36659008;
sz000543:3.880,3.890,3.910,3.850,13574084;
sz000544:5.920,6.030,5.940,5.850,4433270;
