sh600048:15.120,15.390,15.580,15.110,108384653;
sh600053:26.200,25.980,27.130,25.980,6399855;
sh600061:13.260,13.050,13.400,12.990,26508205;
sh600063:3.650,3.550,3.650,3.550,19270724;
sh600071:10.040,10.050,10.230,9.870,2307504;
sh600076:3.890,3.840,3.910,3.840,8171103;
sh600077:2.750,2.760,2.800,2.730,8468361;
sh600078:4.760,4.770,4.980,4.690,48249132;
sh600079:15.400,15.390,15.700,15.150,25127656;
sh600081:10.760,10.470,10.770,10.450,4726550;
sh600082:3.460,3.390,3.500,3.380,4041800;
sh600090:4.510,4.430,4.520,4.340,25769225;
sh600101:6.010,6.070,6.040,5.970,5443738;
sh600111:9.830,9.790,9.850,9.660,43114270;
sh600113:6.330,6.250,6.390,6.230,4623779;
sh600115:4.800,4.780,4.870,4.770,49191625;
sh600120:9.140,9.250,9.170,8.890,17566305;
sh600146:11.400,11.030,11.460,10.910,9052774;
sh600151:4.290,4.200,4.320,4.190,11919794;
sh600156:4.500,4.690,4.510,4.420,17570502;
sh600160:6.630,6.540,6.660,6.530,21257160;
sh600161:36.050,35.790,36.530,35.200,16123682;
sh600162:2.020,2.010,2.070,2.010,12887604;
sh600169:1.930,1.910,1.940,1.890,9502794;
sh600175:1.450,1.420,1.460,1.410,55143830;
sh600197:14.030,13.810,14.170,13.800,4744611;
sh600199:5.330,5.280,5.430,5.270,7676475;
sh600200:10.980,10.560,11.140,10.300,134042844;
sh600203:6.260,6.100,6.260,6.050,8857009;
sh600206:13.710,14.100,14.150,13.440,86300352;
sh600207:4.480,4.430,4.560,4.370,12008244;
sh600208:3.500,3.400,3.590,3.390,172313044;
sh600213:7.690,7.770,7.990,7.640,9012795;
sh600218:10.180,10.570,10.840,10.100,30749262;
sh600221:1.520,1.520,1.540,1.510,64177507;
sh600223:9.080,8.800,9.300,8.800,39175157;
sh600226:3.090,2.870,3.090,2.870,78330737;
sh600227:2.690,2.670,2.730,2.640,10117298;
sh600235:4.630,4.540,4.680,4.530,6152144;
sh600236:4.650,4.650,4.670,4.630,4738097;
sh600242:7.750,7.400,7.750,7.400,15423735;
sh600246:5.170,5.130,5.240,5.070,6022201;
sh600262:16.240,15.950,16.300,15.900,288839;
sh600266:7.180,7.190,7.340,7.180,10464329;
sh600267:14.110,15.400,14.350,13.810,138742965;
sh600268:4.730,4.650,4.730,4.630,6794000;
sh600278:9.810,9.750,9.810,9.650,4379500;
sh600279:3.820,3.760,3.840,3.750,4050304;
sh600283:9.070,8.940,9.120,8.920,1245500;
sh600285:9.840,9.560,9.840,9.510,12791074;
sh600288:12.310,12.120,12.370,12.050,5700982;
sh600291:7.480,7.310,7.500,7.310,9932847;
sh600293:2.830,2.760,2.850,2.750,12952999;
sh600300:2.990,3.000,3.030,2.970,16742800;
sh600310:3.930,3.890,3.990,3.880,4812528;
sh600311:2.820,2.960,2.890,2.800,56631516;
sh600313:3.050,3.100,3.150,3.000,80708053;
sh600317:2.180,2.190,2.200,2.170,12371909;
sh600322:2.560,2.560,2.620,2.550,10912050;
sh600323:19.700,19.310,19.780,19.250,8810848;
sh600326:6.620,6.660,6.740,6.570,10785401;
sh600336:4.630,4.540,4.660,4.470,14055064;
sh600337:4.180,4.140,4.200,4.120,14257951;
sh600338:11.000,10.840,11.060,10.710,9851940;
sh600339:2.920,2.870,2.940,2.860,17130477;
sh600351:5.870,5.920,5.910,5.730,26198653;
sh600353:5.140,5.140,5.180,5.070,8383648;
sh600354:5.100,5.100,5.300,4.810,73017481;
sh600355:3.360,3.210,3.490,3.190,48493840;
sh600360:7.400,7.690,7.750,7.360,120146089;
sh600363:14.140,14.280,14.360,14.020,10362094;
sh600366:5.790,5.750,5.850,5.680,26510965;
sh600371:11.230,11.770,12.000,11.230,21252472;
sh600375:4.130,4.040,4.180,4.030,8045000;
sh600381:5.060,4.910,5.060,4.910,3850976;
sh600392:7.600,7.620,7.660,7.470,34135339;
sh600393:2.670,2.670,2.780,2.660,19122580;
sh600398:6.900,6.990,6.920,6.850,11353144;
sh600419:11.550,11.300,11.570,11.300,3091194;
sh600425:3.560,3.530,3.650,3.510,25382242;
sh600429:5.020,4.950,5.030,4.940,2037500;
sh600449:10.050,10.060,10.310,10.020,11207641;
sh600455:27.600,26.700,27.600,26.680,4200362;
sh600463:6.160,6.070,6.220,6.020,2035701;
sh600466:6.640,6.840,7.000,6.640,47486510;
sh600467:2.260,2.220,2.260,2.210,12967899;
sh600476:13.140,12.780,13.140,12.750,3644702;
sh600478:4.500,4.390,4.560,4.380,21685191;
sh600479:9.330,9.120,9.330,9.060,19094885;
sh600480:10.000,9.650,10.110,9.380,18929499;
sh600481:2.990,2.970,3.010,2.960,4500242;
sh600488:4.950,4.770,4.950,4.700,19702274;
sh600495:3.710,3.680,3.750,3.670,9123016;
sh600499:4.600,4.480,4.680,4.460,19114717;
sh600501:8.300,8.320,8.550,8.250,8546921;
sh600503:3.210,3.150,3.240,3.140,27034060;
sh600505:8.010,7.930,8.170,7.890,3856101;
sh600506:8.850,8.870,9.100,8.760,2503307;
sh600517:6.600,6.480,6.650,6.460,12936117;
sh600520:9.540,9.560,9.800,9.540,2254540;
sh600525:5.130,5.050,5.150,5.030,14765302;
sh600526:5.340,5.180,5.340,5.170,4849940;
sh600527:2.780,2.740,2.820,2.650,80223247;
sh600530:4.150,4.040,4.150,4.040,7695100;
sh600533:3.010,3.030,3.110,3.000,18158216;
sh600537:3.160,3.340,3.370,3.110,69192593;
sh600549:12.910,13.240,13.560,12.900,48837664;
sh600559:9.540,9.570,9.840,9.520,13926462;
sh600562:13.930,13.950,13.950,13.710,6348181;
sh600568:1.780,1.720,1.790,1.700,75979726;
sh600573:5.900,5.770,5.920,5.730,2616700;
sh600587:17.530,17.170,17.690,16.960,12304149;
sh600593:39.140,38.910,39.180,38.550,636400;
sh600596:9.200,9.280,9.530,9.200,25794419;
sh600601:3.100,3.050,3.100,3.030,13834901;
sh600602:9.040,8.850,9.150,8.700,25406223;
sh600603:4.920,4.840,4.940,4.790,5938312;
sh600604:7.300,7.310,7.460,7.260,23191086;
sh600613:8.190,7.870,8.270,7.840,13900646;
sh600623:5.930,5.840,5.950,5.830,8177966;
sh600624:9.860,10.670,10.410,10.220,103098021;
sh600626:6.250,6.100,6.250,6.050,16386098;
sh600628:7.810,7.670,7.810,7.630,1169300;
sh600630:8.960,8.710,9.030,8.610,23015690;
sh600638:5.480,5.400,5.640,5.390,4146627;
sh600639:12.580,12.650,12.810,12.570,1820434;
sh600640:21.200,20.710,21.650,20.630,16265756;
sh600641:20.510,21.660,22.530,20.400,34982520;
sh600644:4.960,4.880,4.960,4.880,2317460;
sh600645:17.800,17.330,17.900,17.280,6482006;
sh600647:12.240,12.030,12.350,12.020,1403335;
sh600649:4.950,4.940,5.000,4.920,8278518;
sh600651:3.340,3.280,3.340,3.230,14273691;
sh600661:19.700,19.340,19.730,18.950,10392262;
sh600662:4.030,3.970,4.090,3.960,7013843;
sh600668:14.420,14.310,14.750,14.260,9716672;
sh603179:23.350,22.620,25.060,22.230,5211903;
sh600671:12.370,12.030,12.380,11.920,2812800;
sh600677:5.040,5.570,5.570,5.040,77513469;
sh600678:6.650,7.020,7.200,6.580,40808985;
sh600682:9.590,9.310,9.660,9.200,18377367;
sh600683:3.780,3.730,3.850,3.730,2345900;
sh600684:3.190,3.150,3.250,3.140,5285104;
sh600689:8.650,8.520,8.650,8.480,2119890;
sh600693:5.000,4.980,5.050,4.950,2829700;
sh600695:7.490,7.310,7.600,7.300,19697588;
sh600697:15.730,15.570,15.780,15.530,1315700;
sh600706:7.400,7.400,7.490,7.280,2430011;
sh600708:3.010,3.010,3.100,3.000,16970151;
sh600711:5.060,5.050,5.160,4.980,105127060;
sh600712:6.820,6.660,7.230,6.660,59421460;
sh600716:3.870,3.780,3.900,3.770,4931337;
sh600719:4.120,4.040,4.140,4.040,2113900;
sh600724:3.190,3.150,3.220,3.150,2852500;
sh600730:4.800,4.610,4.800,4.540,14427806;
sh600734:4.980,4.780,4.980,4.750,19972771;
sh600736:5.270,5.160,5.300,5.130,14313601;
sh600737:8.320,8.370,8.560,8.230,27232679;
sh600744:2.280,2.260,2.310,2.250,6703822;
sh600746:7.880,7.530,7.890,7.530,12045475;
sh600748:4.870,4.910,5.090,4.870,14104182;
sh603893:20.410,20.410,20.410,20.410,133437;
sh600755:6.770,6.760,6.820,6.700,11090418;
sh600756:20.970,20.700,21.320,20.560,13133834;
sh600764:26.360,25.900,26.390,25.620,2909100;
sh600770:4.970,4.940,4.970,4.860,20230655;
sh600771:14.950,14.670,14.960,14.520,7033811;
sh600773:5.390,5.440,5.460,5.340,9523335;
sh600777:1.930,1.910,1.960,1.910,54939907;
sh600783:13.360,13.210,13.530,13.170,7828215;
sh600784:4.400,4.380,4.410,4.350,3829273;
sh600785:13.850,13.550,13.850,13.540,572238;
sh600796:5.500,5.850,6.030,5.410,19083709;
sh600800:4.960,4.860,4.960,4.850,5331900;
sh600802:9.500,9.740,10.120,9.430,38322691;
sh600808:2.760,2.720,2.770,2.720,14586881;
sh600818:11.170,10.920,11.180,10.830,901525;
sh600819:5.030,5.000,5.130,4.960,13883306;
sh600821:4.010,3.930,4.020,3.920,2651790;
sh600822:9.460,9.430,9.490,9.380,3151816;
sh600824:3.050,3.010,3.060,3.000,4033120;
sh600825:4.920,4.860,4.940,4.830,9924112;
sh600828:3.980,3.910,4.010,3.910,4505491;
sh600829:8.500,8.180,8.560,8.050,15084527;
sh600830:4.870,5.020,4.910,4.840,8649937;
sh600831:9.050,9.140,9.280,8.900,46911963;
sh600833:10.510,10.850,10.530,10.230,8056322;
sh600834:6.230,6.160,6.260,6.150,1686400;
sh600836:4.190,4.160,4.200,4.120,6385189;
sh600838:5.450,5.270,5.450,5.250,3594848;
sh600841:6.550,6.350,6.550,6.350,1058400;
sh600843:7.510,7.330,7.590,7.250,3296821;
sh600846:8.720,8.780,8.850,8.710,17160734;
sh600851:8.290,8.290,8.290,7.950,9278219;
sh600853:3.050,3.050,3.150,3.030,7913272;
sh600854:3.380,3.320,3.400,3.300,3957678;
sh600855:11.150,11.170,11.300,11.110,5690292;
sh600857:9.380,9.390,9.470,9.340,533621;
sh600860:4.560,4.520,4.640,4.400,6311200;
sh600861:8.650,8.560,8.660,8.530,1789735;
sh600862:12.800,12.550,13.180,12.410,25969287;
sh600864:6.900,6.780,7.010,6.730,36234694;
sh600865:5.990,5.890,6.000,5.890,2152900;
sh600866:6.100,5.830,6.200,5.750,71243420;
sh600867:11.960,11.670,11.970,11.640,33190395;
sh600868:3.240,3.190,3.250,3.170,19866186;
sh600869:4.190,4.100,4.200,4.090,32760364;
sh600871:2.140,2.120,2.170,2.110,23593000;
sh600874:6.940,6.880,6.980,6.820,8026081;
sh600876:15.390,15.710,16.490,15.220,24080769;
sh600879:6.670,6.790,6.970,6.530,146115555;
sh600880:3.730,3.610,3.730,3.580,10247430;
sh600882:17.980,17.210,17.990,17.000,3743304;
sh600885:37.050,35.730,37.050,35.520,9261545;
sh600888:4.170,4.130,4.180,4.120,6557914;
sh600889:4.510,4.420,4.530,4.380,3190957;
sh600894:6.680,6.620,6.710,6.590,6380000;
sh600898:6.390,6.430,6.480,6.300,3755373;
sh600917:6.560,6.500,6.580,6.460,3379950;
sh600959:3.700,3.740,3.720,3.670,29631826;
sh600962:7.160,7.070,7.210,7.050,2528983;
sh600965:7.400,7.390,7.440,7.310,5971495;
sh600966:6.780,6.790,6.910,6.710,29141893;
sh600973:4.000,3.900,4.000,3.880,8872047;
sh600976:16.760,16.350,16.770,16.340,2585845;
sh600980:12.540,12.120,12.540,12.040,3559651;
sh600981:3.330,3.290,3.360,3.280,6439730;
sh600982:2.730,2.710,2.740,2.700,3035900;
sh600983:4.360,4.280,4.380,4.270,1869333;
sh600986:4.400,4.150,4.430,4.150,77174253;
sh600988:6.740,7.260,7.040,6.670,179540805;
sh600990:43.080,42.900,43.860,42.640,1938277;
sh600992:6.190,6.130,6.210,6.090,1485778;
sh601002:5.160,5.110,5.240,5.100,6970201;
sh601008:3.480,3.440,3.500,3.430,8718103;
sh601016:2.280,2.250,2.320,2.240,22317246;
sh601069:14.450,14.830,14.630,14.380,23504268;
sh601100:50.200,50.420,51.790,49.970,2879753;
sh601106:2.690,2.670,2.710,2.660,14835367;
sh601118:4.350,4.290,4.380,4.290,28935939;
sh601126:5.210,5.210,5.270,5.180,2451400;
sh601168:6.230,6.280,6.340,6.190,45122954;
sh601199:3.630,3.720,3.640,3.580,8568894;
sh601222:5.330,5.130,5.370,5.120,38319985;
sh601226:3.820,3.760,3.840,3.750,2692750;
sh601233:13.980,13.800,14.080,13.750,16701014;
sh601311:9.370,9.350,9.600,9.310,20235992;
sh601339:3.660,3.630,3.660,3.610,3683784;
sh601388:1.710,1.680,1.720,1.680,20899626;
sh601515:6.270,6.080,6.270,6.060,7406342;
sh601567:7.730,7.770,7.900,7.710,7233547;
sh601608:3.530,3.490,3.570,3.450,22501571;
sh601616:2.770,2.750,2.820,2.740,5677956;
sh601677:11.080,10.960,11.170,10.900,4198415;
sh601689:25.200,25.090,25.540,24.760,21599161;
sh601700:5.550,5.390,5.600,5.380,24564708;
sh601727:4.680,4.610,4.710,4.610,15628802;
sh601789:3.730,3.740,3.950,3.680,27907012;
sh601799:96.100,94.060,96.940,93.680,1106273;
sh601818:3.870,3.860,3.890,3.860,67046331;
sh601866:2.200,2.180,2.230,2.180,15270365;
sh601958:6.960,6.950,7.070,6.820,28949852;
sh601968:4.700,4.700,4.700,4.640,2476000;
sh601996:2.550,2.520,2.570,2.520,7058390;
sh603002:4.340,4.690,4.410,4.260,32682028;
sh603003:7.180,7.060,7.300,7.030,6793720;
sh603006:10.250,10.180,10.310,10.120,1322200;
sh603009:6.510,6.350,6.550,6.330,11327783;
sh603010:13.200,13.690,14.320,13.090,17263774;
sh603015:5.660,5.580,5.730,5.400,1766911;
sh603017:9.760,9.780,9.900,9.630,2782291;
sh603018:9.850,9.700,9.890,9.690,2649081;
sh603020:7.760,7.660,7.770,7.640,2545809;
sh603021:6.730,6.550,6.760,6.520,2223460;
sh603022:16.680,17.700,16.950,16.380,10268699;
sh603023:4.310,4.220,4.340,4.190,4503166;
sh603025:8.390,8.260,8.440,8.250,2085037;
sh603085:6.750,6.620,6.830,6.550,3798720;
sh603088:9.040,8.700,9.040,8.690,2280160;
sh603099:8.070,7.960,8.150,7.910,1772099;
sh603108:11.120,10.840,11.220,10.820,8567353;
sh603111:6.250,6.340,6.260,6.050,27909643;
sh603116:5.860,5.750,5.890,5.700,2369120;
sh603117:3.600,3.480,3.620,3.470,8247680;
sh603123:6.820,6.690,6.900,6.650,2965019;
sh603126:4.340,4.260,4.360,4.250,4132353;
sh603158:25.550,26.600,27.620,24.660,12701016;
sh603168:8.520,8.290,8.520,8.240,4069964;
sh603222:53.600,52.680,53.870,52.600,503650;
sh603227:4.330,4.390,4.420,4.300,11574700;
sh603268:15.500,15.200,15.500,15.060,1706530;
sh603299:6.230,6.120,6.230,6.110,6048683;
sh603300:6.810,6.740,6.820,6.680,9093886;
sh603308:17.410,17.030,17.430,16.700,7547892;
sh603318:9.190,8.950,9.290,8.930,13020455;
sh603333:7.430,7.180,7.510,7.170,15051000;
sh603366:6.340,6.110,6.440,6.090,35784801;
sh603456:17.000,16.280,17.220,15.890,57404445;
sh603508:54.880,53.400,54.880,53.000,1661498;
sh603519:13.440,13.080,13.460,13.080,1467812;
sh603566:17.540,17.600,17.820,17.410,2544158;
sh603568:28.510,28.000,28.540,27.560,3697194;
sh603600:12.020,11.750,12.130,11.650,5805410;
sh603601:12.050,10.900,12.240,10.810,72382620;
sh603609:11.170,11.220,11.340,11.010,9036938;
sh603611:17.700,18.250,18.250,17.220,9987220;
sh603616:7.040,6.940,7.090,6.930,1991800;
sh603618:4.930,4.860,4.980,4.810,6372242;
sh603688:24.720,24.800,25.990,24.310,11919640;
sh603703:15.200,15.270,15.220,14.620,4182700;
sh603789:14.020,13.800,14.020,13.720,2088750;
sh603800:11.400,11.200,11.460,11.200,1827900;
sh603808:13.010,12.790,13.050,12.730,3874450;
sh603818:7.080,7.000,7.100,6.930,1492118;
sh603838:7.490,7.320,7.490,7.310,1270600;
sh603918:11.130,10.810,11.190,10.700,3659172;
sh603936:22.130,22.030,22.650,21.750,18452662;
sh603968:14.120,14.340,14.120,13.870,1995200;
sh603989:26.950,26.650,26.990,26.250,2421224;
sh603997:7.660,7.600,7.720,7.360,4009000;
sh603998:7.690,7.490,7.690,7.410,8793473;
sh603999:6.990,6.780,7.080,6.770,11587500;
sh600127:4.260,4.420,4.600,4.170,68727462;
sh603377:17.000,16.340,17.070,16.270,2569551;
sh601900:14.100,13.120,14.580,12.800,36961774;
sh603919:14.710,14.410,14.870,14.360,4835367;
sh603861:7.720,7.590,7.740,7.560,1264774;
sh603028:10.790,10.700,10.790,10.570,1771700;
sh603798:10.290,10.150,10.390,10.130,2698800;
sh603701:11.130,11.250,11.200,10.900,7922216;
sh603726:20.440,20.570,21.480,19.500,10817844;
sh603528:7.140,6.970,7.170,6.940,6804172;
sh603339:12.360,12.200,12.480,12.140,1222400;
sh603131:23.800,22.500,25.180,22.100,23830458;
sh603016:16.600,16.320,16.770,16.260,1299309;
sh603069:12.360,11.850,12.380,11.780,6316900;
sh600936:3.630,3.580,3.640,3.560,5685900;
sh601997:8.590,8.510,8.640,8.500,11811842;
sh601595:12.700,12.640,12.880,12.550,2385640;
sh603515:26.500,25.880,26.700,25.870,3223310;
sh603843:4.050,4.020,4.100,4.000,4847308;
sh601163:14.280,14.000,14.330,13.960,5621651;
sh603393:28.750,28.920,29.050,28.670,4891674;
sh603738:28.840,28.200,29.500,28.050,14412143;
sh601128:8.210,8.150,8.370,8.090,28739459;
sh603313:23.500,22.740,23.840,22.390,4465222;
sh600926:8.670,8.580,8.710,8.560,17990926;
sh603888:27.900,27.100,27.950,26.800,16195653;
sh603060:22.000,21.450,22.050,21.300,1989050;
sh603633:10.700,11.130,10.980,10.660,6645338;
sh603987:9.920,9.420,9.940,9.340,12649830;
sh603336:14.300,14.820,14.970,14.120,14612115;
sh603660:14.190,13.380,14.200,13.250,34899677;
sh603559:16.190,15.850,16.250,15.820,2814700;
sh603033:17.390,17.250,17.540,17.250,901426;
sh603389:4.770,4.590,4.780,4.580,2164260;
sh603058:6.750,6.620,6.800,6.600,1467300;
sh603886:16.040,15.650,16.120,15.630,3320300;
sh603239:11.030,11.460,11.580,11.020,4974893;
sh601375:5.250,5.200,5.330,5.130,42421809;
sh603035:16.010,15.310,16.070,15.300,12956525;
sh603032:19.900,19.710,20.250,19.660,2515902;
sh603877:15.700,15.380,15.970,15.380,1715381;
sh603689:10.670,10.580,10.740,10.560,2251900;
sh603579:29.090,29.400,30.930,29.050,2272552;
sh603639:25.800,25.900,27.570,25.690,5716040;
sh601858:11.340,11.190,11.360,10.900,4082270;
sh603638:28.490,28.510,28.780,28.220,1044135;
sh603429:46.110,44.970,46.850,43.950,3991363;
sh603966:9.500,9.400,9.690,9.350,2320030;
sh603089:12.320,12.750,12.570,12.300,2824370;
sh603360:31.050,31.820,33.080,31.050,2783872;
sh603677:11.150,11.060,11.220,11.030,1054864;
sh603637:15.120,14.930,15.350,14.900,1241504;
sh601212:3.010,3.110,3.040,3.010,41987708;
sh603603:7.650,7.600,7.680,7.390,4485949;
sh603817:6.250,6.060,6.260,5.990,2384400;
sh603717:7.950,7.790,7.990,7.720,2998720;
sh603656:13.750,13.970,13.820,13.580,1064781;
sh603133:22.100,23.360,22.240,21.560,9407214;
sh603811:27.500,26.950,27.770,26.440,4569844;
sh603955:14.880,14.650,15.000,14.610,722095;
sh603908:22.520,22.260,22.690,22.120,478300;
sh603991:15.910,15.530,15.960,15.500,422700;
sh603578:22.710,22.490,22.880,22.050,2003400;
sh601366:5.280,5.170,5.280,5.170,3712300;
sh603787:12.090,12.020,12.260,11.900,3495456;
sh603320:15.300,15.250,15.670,15.170,733600;
sh603906:9.690,9.520,9.770,9.520,3182997;
sh603586:17.890,18.090,17.890,17.540,3389852;
sh603538:24.100,23.800,24.390,23.680,4818322;
sh603385:10.400,10.040,10.430,10.000,6922178;
sh603178:10.020,9.930,10.130,9.880,5076633;
sh603238:24.180,24.450,24.930,23.710,6174440;
sh603229:26.600,28.950,27.040,26.500,4100932;
sh603728:11.220,11.150,11.370,11.050,1823280;
sh603896:30.080,29.400,30.080,29.360,1008650;
sh603488:8.000,7.860,8.030,7.810,1445000;
sh603197:33.080,32.580,33.400,32.450,4444520;
sh603580:11.300,11.100,11.430,11.070,1299244;
sh603200:22.520,22.300,22.800,21.800,2585971;
sh603042:14.420,14.150,14.480,14.020,3969473;
sh603536:13.500,13.110,13.500,13.080,8149947;
sh603326:16.500,16.470,16.590,16.320,559400;
sh603316:8.180,7.930,8.180,7.910,1015900;
sh603335:4.300,4.280,4.380,4.270,4902337;
sh603380:15.860,15.610,15.860,15.500,1497912;
sh603286:15.740,15.450,15.850,15.400,2419861;
sh603938:26.760,27.090,29.000,26.540,4077165;
sh603331:15.290,15.120,15.430,15.070,660135;
sh603933:13.420,13.450,13.660,13.300,4541472;
sh603595:28.500,27.460,28.600,27.000,3834865;
sh603612:11.600,11.350,11.770,11.350,3762073;
sh603676:10.480,10.230,10.500,10.150,2630800;
sh603063:8.650,8.760,8.690,8.510,3432969;
sh603233:56.600,55.430,57.200,55.410,3552851;
sh603357:9.520,9.410,9.620,9.390,3190980;
sh603860:24.660,24.320,24.850,24.260,271200;
sh603880:16.870,15.640,17.080,15.300,13807435;
sh603776:19.260,18.850,19.350,18.770,4509900;
sh603976:16.260,15.750,16.270,15.650,2616599;
sh603079:40.700,39.880,41.350,39.490,2569905;
sh603725:6.300,6.150,6.360,6.140,1581583;
sh603813:17.420,16.980,17.630,16.980,913032;
sh603136:22.890,23.200,22.890,22.510,1208675;
sh603378:26.460,25.310,26.460,24.780,1848532;
sh603367:18.330,17.860,18.560,17.820,9305162;
sh603103:15.610,15.200,15.820,15.030,4629452;
sh603110:14.750,14.600,14.850,14.540,1468080;
sh603499:14.300,14.190,14.420,14.170,636392;
sh603829:9.490,9.290,9.510,9.230,1134074;
sh603722:34.460,34.760,34.700,33.100,3270418;
sh603659:100.350,102.150,105.000,100.350,4220065;
sh603076:20.450,19.950,20.710,19.940,613926;
sh603661:39.150,39.000,39.700,38.720,864300;
sh601019:6.560,6.500,6.580,6.470,3900200;
sh603890:10.270,10.120,10.350,10.100,3952426;
sh603477:10.470,10.540,10.600,10.310,7251851;
sh603895:19.490,19.270,19.680,18.890,1178220;
sh603516:49.840,50.000,52.780,49.350,4575664;
sh603871:29.580,29.000,29.700,28.620,1928131;
sh603709:22.550,22.100,22.800,22.010,498900;
sh603712:25.150,24.440,25.240,24.350,8615974;
sh603059:24.350,23.930,24.650,23.900,1281589;
sh600929:6.170,6.030,6.190,6.030,5560649;
sh603897:16.960,16.760,17.090,16.700,1249813;
sh603301:41.400,37.280,42.280,36.770,19042777;
sh603773:33.800,33.610,34.190,33.190,2612444;
sh603666:86.600,87.410,91.580,86.600,1467178;
sh601990:13.680,13.360,13.890,13.240,177177463;
sh603713:39.210,38.240,39.210,38.200,1794862;
sh601606:9.880,10.030,9.950,9.820,9522666;
sh603590:36.510,35.370,36.550,35.260,3039833;
sh603192:24.470,24.050,24.630,24.000,1017207;
sh601068:4.450,4.460,4.570,4.430,11210019;
sh603297:34.690,34.150,35.200,34.110,1047648;
sh603790:14.300,13.930,14.300,13.880,2551688;
