sh600048:16.750,16.810,16.930,16.410,160971554;
sh600053:27.300,27.490,27.990,26.660,4979860;
sh600061:13.880,14.320,14.130,13.700,38353164;
sh600063:4.710,4.540,4.710,4.460,85452710;
sh600071:9.910,10.120,10.300,10.040,2789913;
sh600076:3.910,4.080,3.970,3.890,22188001;
sh600077:2.870,2.990,2.910,2.870,16805377;
sh600078:4.870,5.100,5.040,4.850,25997791;
sh600079:14.580,14.420,14.580,14.300,13190307;
sh600081:12.110,12.160,12.450,11.920,6476212;
sh600082:3.620,3.730,3.640,3.590,10736744;
sh600090:4.320,4.380,4.350,4.300,12110053;
sh600101:6.090,6.430,6.210,6.090,5633004;
sh600111:9.460,9.600,9.630,9.450,29831984;
sh600113:6.440,6.590,6.530,6.410,5658682;
sh600115:4.660,4.730,4.710,4.630,48847308;
sh600120:9.830,9.970,9.970,9.720,16504567;
sh600146:15.020,15.520,15.400,14.910,13873203;
sh600151:4.840,4.880,4.980,4.790,20411764;
sh600156:5.690,5.540,5.750,5.410,29768530;
sh600160:8.550,8.280,8.710,8.100,91085021;
sh600161:35.460,35.460,36.080,35.000,12904601;
sh600162:2.220,2.330,2.220,2.160,56302890;
sh600169:2.070,2.180,2.130,2.050,40785042;
sh600175:1.520,1.520,1.540,1.460,107097901;
sh600197:13.770,13.870,13.860,13.700,4035100;
sh600199:5.230,5.400,5.380,5.220,10727357;
sh600200:8.510,8.310,8.590,8.230,45507270;
sh600203:10.110,10.110,10.110,10.010,57863148;
sh600206:14.180,14.250,14.470,13.730,41787104;
sh600207:4.580,4.730,4.700,4.570,7219502;
sh600208:3.350,3.490,3.440,3.330,204186413;
sh600213:8.280,8.390,8.450,8.200,5219701;
sh600218:10.270,10.230,10.350,10.020,12035364;
sh600221:1.750,1.750,1.780,1.730,177504413;
sh600223:8.050,8.970,8.770,8.050,62119471;
sh600226:2.720,2.860,2.920,2.700,73414231;
sh600227:2.640,2.670,2.680,2.630,6775880;
sh600235:4.900,5.020,4.960,4.860,9447350;
sh600236:4.470,4.480,4.520,4.450,6825331;
sh600242:7.760,8.420,8.190,7.650,46198112;
sh600246:5.360,5.420,5.380,5.230,6853858;
sh600262:15.680,16.040,16.240,15.580,556620;
sh600266:7.520,7.790,7.620,7.470,26844264;
sh600267:15.000,14.760,15.130,14.500,48734053;
sh600268:5.900,5.990,6.080,5.800,43176388;
sh600278:9.780,9.980,9.970,9.780,4611672;
sh600279:3.900,4.080,4.050,3.900,14888942;
sh600283:9.220,9.750,9.440,9.180,5272622;
sh600285:9.200,9.190,9.220,9.110,6007322;
sh600288:12.780,12.750,12.950,12.430,8293686;
sh600291:7.570,7.750,7.730,7.540,12563824;
sh600293:2.990,3.090,3.070,2.970,16560329;
sh600300:2.990,3.030,3.040,2.990,15919461;
sh600310:3.960,4.150,4.080,3.950,15230095;
sh600311:3.140,3.080,3.170,3.060,31242721;
sh600313:3.120,3.150,3.150,3.090,35490433;
sh600317:2.270,2.380,2.310,2.250,45359239;
sh600322:2.720,2.990,2.770,2.700,57287570;
sh600323:20.180,21.430,21.910,20.180,18490943;
sh600326:7.220,7.430,7.420,7.220,38061049;
sh600336:5.620,5.880,5.730,5.560,23849184;
sh600337:4.290,4.330,4.340,4.260,10211747;
sh600338:10.120,10.290,10.400,10.100,7019209;
sh600339:2.860,2.920,2.900,2.840,39327766;
sh600351:5.530,5.580,5.610,5.500,6062188;
sh600353:5.720,5.810,5.890,5.650,10992814;
sh600354:4.810,4.840,4.840,4.750,20187345;
sh600355:3.680,3.740,3.770,3.610,47952319;
sh600360:8.640,8.680,8.920,8.320,83474630;
sh600363:15.400,15.100,15.500,14.870,12164200;
sh600366:5.960,6.020,6.070,5.870,17690525;
sh600371:12.390,12.940,12.580,12.280,21152193;
sh600375:4.550,4.700,4.550,4.450,14223544;
sh600381:4.960,5.010,5.020,4.900,3354052;
sh600392:7.330,7.440,7.450,7.280,16118092;
sh600393:2.800,2.910,2.800,2.750,67199419;
sh600398:6.920,7.000,6.990,6.890,8579312;
sh600419:11.480,11.720,11.630,11.460,3348156;
sh600425:4.060,4.470,4.240,4.010,127981529;
sh600429:5.160,5.200,5.170,5.140,3040303;
sh600449:11.300,11.630,11.550,11.240,23905431;
sh600455:27.000,27.480,27.540,26.810,2225204;
sh600463:6.890,6.950,6.890,6.560,9346972;
sh600466:6.810,7.120,6.910,6.760,43815787;
sh600467:2.280,2.370,2.320,2.270,30395204;
sh600476:13.970,14.030,14.200,13.760,3544350;
sh600478:4.510,4.550,4.600,4.440,23147712;
sh600479:9.000,9.050,9.060,8.950,7752153;
sh600480:10.710,10.510,10.940,10.300,12186496;
sh600481:3.150,3.220,3.280,3.130,6147702;
sh600488:5.060,4.980,5.070,4.900,19262071;
sh600495:3.860,4.050,4.000,3.860,28588770;
sh600499:5.350,5.280,5.360,5.130,15982091;
sh600501:8.880,9.350,9.560,8.830,19623274;
sh600503:3.410,3.580,3.500,3.400,56018642;
sh600505:9.030,9.150,9.030,8.850,3151603;
sh600506:8.990,8.960,9.080,8.840,1989956;
sh600517:7.290,7.460,7.450,7.260,19462360;
sh600520:10.200,10.340,10.370,10.080,1789633;
sh600525:5.800,5.750,5.840,5.620,42289181;
sh600526:5.200,5.390,5.350,5.190,9625900;
sh600527:3.160,3.070,3.250,3.010,86643561;
sh600530:3.830,3.800,3.830,3.720,12559033;
sh600533:3.240,3.580,3.320,3.230,71654431;
sh600537:3.440,3.570,3.590,3.420,24167209;
sh600549:12.210,12.290,12.370,12.080,10191421;
sh600559:9.700,9.790,9.780,9.680,15954357;
sh600562:13.990,14.620,14.450,13.990,10537577;
sh600568:1.820,1.790,1.830,1.770,61462970;
sh600573:5.950,6.040,6.040,5.930,2039006;
sh600587:18.400,17.950,18.410,17.590,11875425;
sh600593:39.350,39.360,39.380,38.930,736814;
sh600596:9.440,9.600,9.630,9.400,20210207;
sh600601:3.610,3.510,3.630,3.490,39120824;
sh600602:8.800,8.700,8.940,8.540,19863794;
sh600603:5.270,5.350,5.390,5.230,9021243;
sh600604:7.770,7.970,7.980,7.760,27512406;
sh600613:7.680,7.650,7.720,7.530,5983960;
sh600623:5.930,6.020,6.010,5.900,11619936;
sh600624:11.200,11.010,11.200,10.680,62104720;
sh600626:6.700,6.740,6.850,6.560,21058551;
sh600628:10.180,10.000,10.370,10.000,8764809;
sh600630:9.280,9.170,9.480,9.060,24728610;
sh600638:5.660,5.880,5.730,5.550,10457836;
sh600639:13.100,13.110,13.100,12.830,2905290;
sh600640:21.320,20.370,21.320,19.880,13216656;
sh600641:22.600,22.610,23.140,21.900,21928974;
sh600644:5.110,5.270,5.140,5.070,5367440;
sh600645:19.250,19.520,19.840,19.150,10789266;
sh600647:12.590,13.100,12.930,12.590,2401764;
sh600649:5.560,5.960,5.620,5.490,33080573;
sh600651:3.790,3.860,3.910,3.770,10295690;
sh600661:20.000,19.390,20.000,19.090,7689256;
sh600662:4.040,4.100,4.070,4.000,7935291;
sh600668:15.200,15.590,15.580,15.150,24130566;
sh603179:23.300,23.160,23.500,22.800,2377760;
sh600671:11.850,11.870,11.890,11.710,1312925;
sh600677:4.600,4.700,4.750,4.580,19568266;
sh600678:8.360,9.290,9.140,8.360,103969370;
sh600682:9.360,9.470,9.470,9.310,11839072;
sh600683:4.070,4.240,4.200,4.070,9315336;
sh600684:3.310,3.490,3.360,3.300,21706172;
sh600689:8.760,9.080,8.970,8.760,6167969;
sh600693:5.030,5.090,5.070,4.990,3486767;
sh600695:8.690,9.450,9.250,8.690,60459156;
sh600697:15.450,15.780,15.590,15.410,2068520;
sh600706:7.500,7.650,7.680,7.480,1948976;
sh600708:3.140,3.420,3.200,3.130,79752338;
sh600711:4.720,4.790,4.800,4.690,31997731;
sh600712:6.300,6.790,6.570,6.290,60130120;
sh600716:3.950,4.250,4.150,3.950,15389058;
sh600719:4.070,4.140,4.120,4.050,3350558;
sh600724:4.690,4.970,4.970,4.690,27315557;
sh600730:4.980,5.010,5.060,4.940,8756997;
sh600734:5.170,5.240,5.290,5.120,13180436;
sh600736:5.700,5.740,5.850,5.610,38783210;
sh600737:8.600,8.680,8.720,8.570,15853361;
sh600744:2.290,2.380,2.350,2.280,16096436;
sh600746:7.110,7.180,7.150,7.020,4362555;
sh600748:5.210,5.450,5.360,5.210,31576198;
sh603893:68.490,73.700,72.000,66.620,29383606;
sh600755:6.730,6.870,6.860,6.700,21989745;
sh600756:21.180,21.440,21.600,20.950,10428008;
sh600764:28.550,29.640,29.350,28.360,4429100;
sh600770:5.400,5.470,5.510,5.320,16160998;
sh600771:14.800,14.760,14.870,14.550,4203566;
sh600773:6.800,7.060,6.920,6.710,43373470;
sh600777:1.950,1.990,1.970,1.940,81496384;
sh600783:14.540,14.860,15.000,14.510,12103582;
sh600784:4.500,4.600,4.570,4.460,3950613;
sh600785:14.070,14.270,14.070,13.840,634071;
sh600796:5.770,5.820,5.920,5.710,6185086;
sh600800:4.980,5.080,5.090,4.980,6643785;
sh600802:12.120,13.200,12.640,12.000,80458524;
sh600808:2.850,2.870,2.880,2.830,20223618;
sh600818:10.570,10.570,10.680,10.380,1816426;
sh600819:4.960,5.050,5.060,4.940,5949654;
sh600821:4.200,4.240,4.230,4.140,4595401;
sh600822:9.390,9.540,9.450,9.330,4459466;
sh600824:3.160,3.240,3.190,3.140,7334828;
sh600825:4.800,4.850,4.900,4.760,6017912;
sh600828:4.040,4.180,4.100,4.020,7580659;
sh600829:8.060,7.980,8.060,7.870,7445203;
sh600830:5.190,5.320,5.280,5.170,6612800;
sh600831:9.680,9.810,9.930,9.610,32629408;
sh600833:10.140,10.020,10.150,10.020,2310501;
sh600834:6.370,6.450,6.420,6.330,1969141;
sh600836:4.330,4.390,4.390,4.300,5799714;
sh600838:5.460,5.600,5.560,5.460,3858818;
sh600841:6.480,6.750,6.550,6.450,3374104;
sh600843:7.800,7.800,7.950,7.760,2967148;
sh600846:9.520,9.690,9.750,9.500,26126265;
sh600851:7.880,7.830,7.960,7.790,4361812;
sh600853:3.820,4.200,4.200,3.730,136895845;
sh600854:3.800,3.810,3.850,3.780,5531916;
sh600855:11.590,11.800,11.910,11.500,4659816;
sh600857:10.390,10.360,10.490,10.210,2247676;
sh600860:4.520,4.710,4.620,4.400,5238001;
sh600861:10.910,10.900,11.280,10.830,3694400;
sh600862:13.270,14.090,13.860,13.220,37775409;
sh600864:7.550,7.910,7.780,7.550,75085861;
sh600865:6.080,6.140,6.100,6.040,2807682;
sh600866:5.420,5.460,5.500,5.330,24983400;
sh600867:12.010,12.060,12.140,11.920,22053044;
sh600868:3.840,3.810,3.990,3.770,143969988;
sh600869:4.160,4.200,4.210,4.120,24948102;
sh600871:2.220,2.240,2.230,2.200,34173605;
sh600874:7.260,7.270,7.480,7.220,21640630;
sh600876:15.990,16.490,16.440,15.810,17709723;
sh600879:7.330,7.340,7.580,7.260,87096837;
sh600880:3.750,3.780,3.810,3.690,8970693;
sh600882:17.020,17.300,17.170,16.640,3878694;
sh600885:36.130,34.800,36.490,34.600,8479632;
sh600888:4.970,4.920,4.970,4.810,24992812;
sh600889:5.000,5.030,5.090,4.880,7057304;
sh600894:7.070,7.130,7.180,7.020,6051519;
sh600898:6.980,7.060,7.140,6.890,1947500;
sh600917:6.620,6.830,6.690,6.600,9351603;
sh600959:3.920,3.930,3.970,3.890,30902413;
sh600962:7.100,7.250,7.230,7.020,3600564;
sh600965:7.380,7.510,7.450,7.380,3604166;
sh600966:6.670,6.840,6.920,6.670,15388058;
sh600973:4.230,4.290,4.340,4.180,16695424;
sh600976:16.750,17.260,16.930,16.610,2820999;
sh600980:12.650,13.000,12.910,12.650,2093303;
sh600981:3.340,3.670,3.670,3.320,41050191;
sh600982:2.790,2.880,2.860,2.770,8815313;
sh600983:4.410,4.460,4.490,4.410,1491260;
sh600986:4.350,4.440,4.490,4.310,72427412;
sh600988:8.890,8.410,9.050,8.320,183782308;
sh600990:44.880,45.150,45.880,44.210,1707694;
sh600992:6.430,6.530,6.550,6.370,2866314;
sh601002:5.870,6.060,5.990,5.780,20678836;
sh601008:3.660,3.940,3.800,3.660,69296865;
sh601016:2.320,2.380,2.360,2.300,34172467;
sh601069:15.500,15.280,15.600,15.160,23696891;
sh601100:59.500,58.360,59.950,57.830,5960927;
sh601106:2.790,2.840,2.840,2.760,38580713;
sh601118:4.300,4.350,4.340,4.260,14744532;
sh601126:5.510,5.750,5.680,5.500,5249213;
sh601168:6.300,6.450,6.410,6.270,20423946;
sh601199:3.820,3.860,3.880,3.810,7150682;
sh601222:5.500,5.610,5.630,5.450,27031071;
sh601226:4.090,4.150,4.180,4.020,5542242;
sh601233:13.720,13.820,13.950,13.610,26018651;
sh601311:10.000,10.070,10.120,9.860,15246248;
sh601339:3.760,3.830,3.860,3.740,8171602;
sh601388:1.780,1.850,1.810,1.770,47943679;
sh601515:6.450,6.440,6.450,6.330,6649228;
sh601567:8.490,8.560,8.630,8.400,12713751;
sh601608:3.730,3.880,3.910,3.720,46474837;
sh601616:3.040,3.100,3.100,3.030,9601120;
sh601677:11.800,11.930,12.200,11.740,10549343;
sh601689:21.500,21.710,22.180,21.140,16058133;
sh601700:5.890,5.930,6.030,5.800,30202452;
sh601727:4.710,4.730,4.730,4.650,17529979;
sh601789:4.510,4.680,4.690,4.460,142592835;
sh601799:96.030,98.270,97.670,95.240,1559812;
sh601818:3.860,3.870,3.890,3.840,71803607;
sh601866:2.200,2.230,2.230,2.190,49226045;
sh601958:6.610,6.630,6.680,6.530,15399218;
sh601968:4.700,4.750,4.700,4.660,2371621;
sh601996:2.690,2.810,2.730,2.680,18871677;
sh603003:10.510,9.630,10.600,9.440,30983515;
sh603006:11.600,11.830,11.930,11.460,3410239;
sh603009:7.850,7.950,8.050,7.750,14083829;
sh603010:15.530,16.310,16.450,15.310,19177121;
sh603015:6.300,6.200,6.530,6.170,12719596;
sh603017:10.630,11.270,11.460,10.580,10489350;
sh603018:12.010,12.450,12.500,11.800,21842209;
sh603020:7.950,8.140,8.080,7.940,3816037;
sh603021:6.760,6.800,6.830,6.660,2669410;
sh603022:16.180,16.370,16.180,15.900,2618612;
sh603023:5.680,5.330,5.920,5.240,45502327;
sh603025:8.780,9.020,9.030,8.750,3684541;
sh603085:6.900,7.060,7.080,6.900,3826430;
sh603088:9.220,9.290,9.350,9.120,1954311;
sh603099:8.340,8.690,8.630,8.120,2727620;
sh603108:11.160,11.180,11.390,11.070,9185905;
sh603111:6.410,6.490,6.480,6.310,15768070;
sh603116:6.500,6.920,6.700,6.460,16812927;
sh603117:3.720,3.870,3.910,3.720,16065740;
sh603123:7.800,8.190,8.080,7.670,8384431;
sh603126:4.580,4.650,4.760,4.580,12913735;
sh603158:25.000,24.040,25.000,23.220,4201715;
sh603168:8.770,8.800,8.790,8.590,4501476;
sh603222:52.470,52.440,52.900,52.090,448650;
sh603227:4.420,4.570,4.470,4.400,11805877;
sh603268:15.520,15.760,15.580,15.390,1523657;
sh603299:6.240,6.290,6.300,6.180,5348094;
sh603300:7.580,7.600,7.630,7.480,23015965;
sh603308:18.800,19.110,19.250,18.490,8911815;
sh603318:8.820,9.130,9.230,8.810,15432800;
sh603333:6.900,7.040,7.040,6.890,6120220;
sh603366:6.650,7.350,7.190,6.650,59014877;
sh603456:20.350,20.240,20.350,19.860,12157482;
sh603508:61.110,61.350,62.780,60.600,2684827;
sh603519:13.380,13.700,13.530,13.320,1976725;
sh603566:19.740,20.450,21.290,19.400,12972509;
sh603568:30.600,30.560,30.900,29.620,4870684;
sh603600:12.420,12.390,12.550,12.240,4977512;
sh603601:12.700,13.750,13.250,12.390,99123203;
sh603609:11.730,12.050,11.910,11.650,13298468;
sh603611:19.240,19.550,19.650,18.900,4415693;
sh603616:7.350,7.640,7.530,7.320,6202100;
sh603618:5.590,5.820,5.740,5.550,20179673;
sh603688:25.390,25.280,25.920,24.410,8885731;
sh603703:16.000,16.000,16.240,15.810,2363803;
sh603789:13.450,13.780,13.540,13.370,4688252;
sh603800:11.350,11.420,11.440,11.200,1640512;
sh603808:12.690,12.970,12.970,12.630,3515652;
sh603818:7.620,7.570,7.860,7.370,4957114;
sh603838:7.790,7.950,7.950,7.790,840700;
sh603918:12.320,12.760,12.840,12.220,11904654;
sh603936:22.550,22.670,23.250,21.850,10920084;
sh603968:14.670,14.760,14.910,14.580,2353600;
sh603989:28.250,27.350,28.300,26.150,5040483;
sh603997:8.250,8.270,8.400,8.110,7309781;
sh603998:7.390,7.330,7.390,7.250,5600402;
sh603999:6.600,6.780,6.820,6.560,7153760;
sh600127:4.850,4.890,4.890,4.760,36226454;
sh603377:16.030,15.810,16.030,15.720,2244806;
sh601900:10.510,10.660,10.680,10.420,9406823;
sh603919:14.850,15.110,15.070,14.820,3891700;
sh603861:7.970,7.980,8.020,7.860,1788870;
sh603028:10.310,10.740,10.540,10.300,2221351;
sh603798:10.100,10.240,10.270,10.030,1621100;
sh603701:12.120,12.560,12.620,12.120,3903487;
sh603726:25.580,26.000,26.200,25.130,3268592;
sh603528:7.900,8.090,8.180,7.750,8351604;
sh603339:12.970,13.190,13.150,12.860,1510200;
sh603131:21.580,21.330,21.990,20.820,6142280;
sh603016:17.830,17.940,18.200,17.710,2614800;
sh603069:11.680,11.820,11.850,11.470,2973300;
sh600936:3.950,4.010,4.030,3.930,13768248;
sh601997:8.500,8.530,8.570,8.450,24355971;
sh601595:12.720,12.970,12.980,12.700,1398600;
sh603515:25.770,25.920,26.040,25.350,4015048;
sh603843:4.390,4.700,4.590,4.390,26718114;
sh601163:14.380,14.510,14.540,14.330,5158974;
sh603393:36.200,37.870,37.330,36.030,7418565;
sh603738:29.400,29.210,30.300,28.200,10135595;
sh601128:8.070,8.070,8.110,7.980,20137366;
sh603313:26.500,26.560,27.550,26.110,7068897;
sh600926:8.750,8.810,8.820,8.720,17255492;
sh603888:26.360,26.860,26.950,26.150,8114886;
sh603060:21.470,21.600,21.700,21.300,1747329;
sh603633:12.300,12.330,12.420,12.060,3571927;
sh603987:9.940,9.970,10.160,9.820,7517211;
sh603336:14.740,15.090,14.790,14.580,7001909;
sh603660:14.260,14.120,14.300,13.860,15182384;
sh603559:18.390,20.590,20.590,18.390,28711992;
sh603033:21.840,22.340,22.400,21.600,1984834;
sh603389:4.700,4.850,4.840,4.700,2997460;
sh603058:6.800,6.910,6.880,6.730,2051794;
sh603886:15.960,16.380,16.200,15.900,3442605;
sh603239:10.630,10.780,10.840,10.630,1273600;
sh601375:5.660,5.910,5.830,5.660,77162831;
sh603035:14.990,14.840,15.040,14.550,6962375;
sh603032:20.000,20.150,20.530,19.980,3928809;
sh603877:16.340,16.290,16.660,16.120,1919984;
sh603689:10.670,11.050,10.860,10.650,6150857;
sh603579:27.880,28.400,28.470,27.880,663511;
sh603639:27.020,27.440,27.470,26.710,3538151;
sh601858:10.900,11.220,11.300,10.900,3042710;
sh603638:33.260,33.500,33.890,32.510,1538501;
sh603429:40.230,40.600,41.360,39.500,2537592;
sh603966:10.200,10.660,10.440,10.200,3962211;
sh603089:12.790,13.020,13.190,12.730,1302674;
sh603360:30.890,30.560,31.080,29.940,3002733;
sh603677:11.450,11.520,11.560,11.410,668802;
sh603637:14.610,14.540,14.630,14.310,1053236;
sh601212:3.240,3.190,3.250,3.140,34766058;
sh603603:8.100,8.260,8.740,8.100,12426285;
sh603817:6.290,6.370,6.550,6.260,5132100;
sh603717:8.050,8.280,8.250,8.000,5532135;
sh603656:14.090,14.480,14.560,13.880,1037963;
sh603133:24.710,24.170,24.960,23.630,6148800;
sh603811:25.000,25.260,25.400,24.910,1634550;
sh603955:16.040,16.580,16.760,16.030,1918491;
sh603908:23.400,23.890,23.840,23.170,417800;
sh603991:16.050,16.660,16.490,15.930,829186;
sh603578:22.060,21.960,22.090,21.560,1382583;
sh601366:5.370,5.510,5.460,5.350,6261730;
sh603787:14.960,14.540,14.960,14.350,4593269;
sh603320:16.190,16.120,16.230,15.880,1269010;
sh603906:9.790,9.890,9.910,9.720,2790339;
sh603586:17.700,17.940,18.080,17.640,1294200;
sh603538:26.740,27.560,27.670,26.320,14012872;
sh603385:10.100,10.690,10.300,10.100,8072801;
sh603178:9.770,9.930,10.030,9.750,4011409;
sh603238:27.310,26.740,27.930,26.350,4374908;
sh603229:24.500,23.810,24.500,23.650,901708;
sh603728:12.760,12.880,12.960,12.590,6377418;
sh603896:30.300,29.910,30.360,29.800,1725840;
sh603488:8.370,8.490,8.460,8.300,1481000;
sh603197:36.500,35.800,36.770,34.920,4746825;
sh603580:11.320,11.790,11.750,11.280,1757528;
sh603200:41.880,46.300,46.300,41.020,9065698;
sh603042:16.500,17.080,17.100,16.000,8133733;
sh603536:14.450,14.600,14.840,14.140,8449253;
sh603326:18.020,18.790,18.600,18.020,3603326;
sh603316:8.300,9.150,9.150,8.240,10660953;
sh603335:4.390,4.510,4.470,4.380,6574575;
sh603380:17.000,17.370,17.490,16.800,2204934;
sh603286:16.540,16.750,16.750,16.380,1715871;
sh603938:29.840,30.710,31.290,29.600,2833400;
sh603331:15.600,16.000,15.970,15.600,586979;
sh603933:14.340,14.500,14.690,14.090,3141984;
sh603595:38.250,37.470,39.770,36.480,5700808;
sh603612:12.650,13.100,13.450,12.650,5159155;
sh603676:10.120,10.200,10.260,10.090,1501000;
sh603063:9.480,9.480,9.660,9.310,3539127;
sh603233:56.850,57.300,57.140,55.810,2868228;
sh603357:10.880,11.810,11.550,10.830,24435937;
sh603860:26.080,26.920,26.590,26.010,560167;
sh603880:18.080,17.690,18.830,17.630,15524769;
sh603776:20.030,20.290,20.390,19.890,2923562;
sh603976:17.280,17.510,17.750,17.050,2371364;
sh603079:50.500,52.420,52.800,49.000,5893307;
sh603725:6.350,6.600,6.500,6.320,2522040;
sh603813:18.000,17.960,18.000,17.650,895225;
sh603136:22.500,22.780,22.800,22.350,862185;
sh603378:32.970,33.950,35.390,31.330,3716380;
sh603367:17.160,17.260,17.370,17.020,3644205;
sh603103:15.200,15.420,15.500,15.120,2832172;
sh603110:16.410,16.770,16.820,16.380,2436930;
sh603499:15.080,15.220,15.300,15.080,1296688;
sh603829:9.710,9.830,9.840,9.650,929660;
sh603722:35.440,35.760,36.190,34.780,1415704;
sh603659:83.000,80.500,83.100,78.000,5966714;
sh603076:21.410,21.700,21.600,21.150,408300;
sh603661:37.500,38.550,38.410,37.500,777350;
sh601019:6.760,6.790,6.800,6.700,4745492;
sh603890:11.540,11.610,11.720,11.260,6216040;
sh603477:12.400,12.540,12.530,12.220,14955576;
sh603895:19.870,20.000,20.130,19.610,661740;
sh603516:47.020,46.700,47.770,45.330,2965024;
sh603871:29.200,29.410,29.480,29.090,926099;
sh603709:22.880,23.720,23.140,22.880,827397;
sh603712:28.280,28.560,29.390,27.880,10542081;
sh603059:24.160,24.530,24.690,24.050,1109457;
sh600929:5.980,6.050,6.050,5.960,4983296;
sh603897:17.580,17.810,17.850,17.530,1332300;
sh603301:41.000,39.220,41.690,38.920,11352161;
sh603773:36.050,36.520,36.750,35.690,2149543;
sh603666:99.950,99.200,99.950,97.580,615460;
sh601990:14.800,16.240,16.050,14.790,359326227;
sh603713:54.650,56.250,56.960,53.800,1761043;
sh601606:9.770,10.000,10.060,9.730,6918565;
sh603590:36.700,37.480,37.420,36.600,2217253;
sh603192:25.250,25.380,25.570,24.860,873200;
sh601068:4.680,4.930,5.160,4.610,42170221;
sh603297:39.310,38.990,40.900,38.100,1920493;
sh603790:13.500,14.250,14.390,13.500,7192375;
