sh600048:16.190,16.170,16.220,15.840,84757998;
sh600053:30.520,30.580,30.580,29.410,15152500;
sh600061:13.850,13.540,14.100,13.440,43670536;
sh600063:4.380,4.120,4.380,4.120,69507774;
sh600071:10.340,9.930,10.340,10.080,3250881;
sh600076:4.080,3.980,4.110,3.980,16389479;
sh600077:2.950,2.960,3.070,2.940,13072595;
sh600078:5.170,5.020,5.360,4.990,31363579;
sh600079:14.310,13.900,14.380,13.890,15955263;
sh600081:11.820,11.320,11.940,11.280,8795397;
sh600082:3.770,3.670,3.850,3.660,9984468;
sh600090:4.400,4.510,4.530,4.350,44250578;
sh600101:6.450,6.410,6.680,6.390,7558414;
sh600111:9.510,9.290,9.520,9.250,42472555;
sh600113:6.790,6.600,6.830,6.560,10990304;
sh600115:4.820,4.790,4.870,4.700,143287909;
sh600120:10.040,9.950,10.300,10.000,20907723;
sh600146:16.390,15.600,16.390,15.290,16555049;
sh600151:4.930,4.730,4.970,4.730,21801232;
sh600156:6.170,6.180,6.380,5.950,52202770;
sh600160:8.060,7.590,8.180,7.540,86488318;
sh600161:34.750,33.800,34.950,33.750,13009052;
sh600162:2.220,2.170,2.240,2.170,21815039;
sh600169:2.130,2.140,2.140,2.110,32875844;
sh600175:1.470,1.450,1.490,1.440,77979905;
sh600197:14.030,13.690,14.070,13.650,7049099;
sh600199:5.510,5.330,5.510,5.300,9146219;
sh600200:8.470,8.910,8.680,8.300,88077459;
sh600203:12.010,11.750,12.990,11.010,108958340;
sh600206:13.690,13.130,13.960,13.060,43208493;
sh600207:4.710,4.620,4.780,4.610,7442400;
sh600208:3.400,3.290,3.430,3.290,132646113;
sh600213:8.190,7.970,8.240,7.930,6121377;
sh600218:10.150,9.940,10.310,10.010,14446069;
sh600221:1.720,1.750,1.790,1.720,187877748;
sh600223:8.590,8.140,8.590,8.130,51728295;
sh600226:2.880,2.780,2.880,2.770,64240157;
sh600227:2.750,3.030,2.750,2.670,30183411;
sh600235:5.230,5.180,5.440,5.160,32137552;
sh600236:4.470,4.430,4.480,4.350,4742253;
sh600242:7.880,7.570,7.940,7.550,23607304;
sh600246:5.230,5.250,5.230,5.050,7618348;
sh600262:16.440,16.030,16.440,16.000,820877;
sh600266:7.590,7.430,7.590,7.380,19410720;
sh600267:14.880,15.380,14.950,14.540,79421156;
sh600268:6.230,6.500,7.010,6.220,55708230;
sh600278:11.680,10.920,11.990,10.920,29588315;
sh600279:4.040,3.970,4.090,3.960,6754573;
sh600283:9.710,9.600,9.870,9.600,4368502;
sh600285:9.430,9.180,9.520,9.150,9258732;
sh600288:12.650,12.130,12.700,12.080,10292576;
sh600291:7.940,7.730,7.940,7.700,18067391;
sh600293:3.070,3.040,3.160,3.010,20850351;
sh600300:3.100,3.070,3.130,3.060,34449514;
sh600311:3.190,3.000,3.190,2.990,37659352;
sh600313:3.150,3.080,3.180,3.080,42422033;
sh600317:2.280,2.270,2.330,2.270,16231003;
sh600322:2.790,2.730,2.840,2.690,46117901;
sh600323:21.500,20.850,21.530,20.000,10179115;
sh600326:7.090,6.880,7.160,6.860,25177288;
sh600336:6.700,7.070,7.370,6.700,77897212;
sh600337:4.330,4.200,4.330,4.200,16506750;
sh600338:10.480,10.030,10.480,10.100,13279829;
sh600339:2.850,2.870,2.930,2.840,62176683;
sh600351:5.650,5.590,5.680,5.510,10231632;
sh600353:5.890,5.800,6.150,5.750,20525104;
sh600354:4.840,4.690,4.880,4.690,24127987;
sh600355:3.570,3.800,3.830,3.540,41027521;
sh600360:8.480,7.880,8.580,7.880,90965050;
sh600363:15.800,15.760,16.250,15.350,20932886;
sh600366:5.980,5.760,5.990,5.750,29995653;
sh600371:12.560,12.150,12.930,12.120,14111121;
sh600375:4.650,4.470,4.670,4.450,10328844;
sh600381:5.100,5.000,5.190,5.000,5118471;
sh600392:7.300,7.160,7.370,7.130,22847522;
sh600393:2.760,2.720,2.810,2.700,29473700;
sh600398:7.080,6.870,7.080,6.870,13139762;
sh600419:11.880,11.540,11.880,11.480,4630810;
sh600425:4.080,3.980,4.180,3.970,56539526;
sh600429:5.240,5.120,5.250,5.120,3888977;
sh600449:11.080,10.910,11.170,10.820,13447853;
sh600455:27.670,26.580,27.670,26.500,3679600;
sh600463:6.590,6.780,6.730,6.500,3537864;
sh600466:6.680,6.490,6.730,6.470,39254432;
sh600467:2.390,2.330,2.430,2.330,27093802;
sh600476:14.000,13.480,14.050,13.460,4603814;
sh600478:4.620,4.410,4.650,4.400,26091104;
sh600479:9.270,9.170,9.280,9.090,13321883;
sh600480:10.200,9.950,10.400,10.100,13267978;
sh600481:3.370,3.210,3.380,3.210,12546859;
sh600488:4.970,5.100,5.130,4.930,20920761;
sh600495:4.150,4.640,4.440,4.120,128618528;
sh600499:5.140,4.970,5.170,4.960,18266200;
sh600501:9.200,8.710,9.220,8.640,11853239;
sh600503:3.520,3.390,3.570,3.370,46093548;
sh600505:9.500,9.400,10.500,9.380,8336672;
sh600506:9.110,8.940,9.400,8.910,4679514;
sh600517:8.060,8.080,8.610,7.900,71009268;
sh600520:10.110,9.980,10.350,10.010,1979819;
sh600525:5.540,5.500,5.600,5.460,28076213;
sh600526:5.500,5.480,5.660,5.430,11266545;
sh600527:3.260,3.350,3.390,3.150,188869148;
sh600530:4.050,3.910,4.050,3.900,11268317;
sh600533:3.720,3.560,3.770,3.550,81572819;
sh600537:3.500,3.480,3.690,3.480,50309199;
sh600549:12.150,11.930,12.170,11.930,14463589;
sh600559:9.760,9.500,9.760,9.480,23001717;
sh600562:16.500,16.710,17.660,16.500,46163872;
sh600568:1.770,1.710,1.770,1.710,57932939;
sh600573:6.140,6.020,6.170,5.990,4447201;
sh600587:18.820,19.480,19.150,18.500,31478027;
sh600593:38.880,39.100,39.190,38.710,961440;
sh600596:9.490,9.270,9.490,9.210,21089107;
sh600601:3.450,3.420,3.530,3.410,31550954;
sh600602:8.740,8.440,8.830,8.380,19339506;
sh600603:5.510,5.560,5.650,5.460,15653400;
sh600604:8.750,9.130,9.130,8.610,134254105;
sh600613:7.870,8.020,7.870,7.660,13689123;
sh600623:6.150,6.060,6.300,6.030,19609264;
sh600624:10.860,10.790,11.170,10.750,69951697;
sh600626:6.800,6.570,6.800,6.550,31805743;
sh600628:9.920,10.160,10.330,10.130,5682094;
sh600630:9.700,9.930,10.130,9.450,51186979;
sh600638:5.980,5.770,5.980,5.750,5233080;
sh600639:13.150,12.850,13.150,12.750,2894889;
sh600640:20.000,19.200,20.720,19.100,10675056;
sh600641:21.580,20.630,21.880,20.560,23393953;
sh600644:5.220,5.160,5.260,5.140,3046577;
sh600645:23.000,23.670,23.670,22.000,42835468;
sh600647:13.400,13.940,14.270,13.090,4549682;
sh600649:6.500,6.150,6.500,6.050,33131273;
sh600651:3.830,3.750,3.860,3.720,16076795;
sh600661:19.040,18.220,19.170,18.210,5337884;
sh600662:4.120,4.100,4.160,4.050,11232610;
sh600668:15.180,14.700,15.250,14.700,16650248;
sh603179:22.010,21.450,22.690,20.800,4252266;
sh600671:11.990,11.750,12.040,11.730,2362657;
sh600677:4.910,5.030,4.990,4.880,25386674;
sh600678:8.560,8.080,8.790,8.040,49914102;
sh600682:10.070,10.380,10.480,10.070,37420237;
sh600683:4.090,4.180,4.150,4.050,5440063;
sh600684:3.450,3.310,3.450,3.280,11449425;
sh600689:9.070,8.990,9.370,8.910,5806578;
sh600693:5.060,5.000,5.080,4.990,3989200;
sh600695:9.110,9.040,9.420,8.890,35329900;
sh600697:15.810,15.610,15.860,15.600,2122766;
sh600706:7.790,7.650,7.880,7.580,2698936;
sh600708:3.240,3.170,3.270,3.160,27782779;
sh600711:4.850,4.660,4.930,4.640,43505509;
sh600712:6.540,6.320,6.700,6.320,38963156;
sh600716:4.150,4.130,4.280,4.110,9698482;
sh600719:4.310,4.180,4.310,4.000,5032489;
sh600724:4.350,4.190,4.470,4.190,52782192;
sh600730:4.950,4.780,4.990,4.760,11377400;
sh600734:5.260,5.370,5.650,5.220,25951283;
sh600736:5.830,6.060,5.880,5.660,100728480;
sh600737:8.700,8.540,8.840,8.530,27679739;
sh600744:2.460,2.400,2.510,2.400,11838388;
sh600746:7.390,7.490,7.450,7.330,7603511;
sh600748:5.720,5.480,5.780,5.460,30177786;
sh603893:78.000,79.500,84.200,75.510,18771561;
sh600755:6.910,6.800,6.970,6.790,21736049;
sh600756:20.680,19.930,20.750,19.880,13677747;
sh600764:28.680,27.920,28.950,27.750,3615001;
sh600770:5.420,5.250,5.450,5.230,15843571;
sh600771:14.700,14.600,14.710,14.510,5427139;
sh600773:6.410,6.160,6.460,6.150,26693948;
sh600777:1.960,1.920,1.970,1.910,151628169;
sh600783:16.280,16.280,16.280,16.010,21415548;
sh600784:4.700,4.560,4.710,4.550,4095502;
sh600785:14.660,14.170,14.780,14.170,926029;
sh600796:5.700,5.860,5.710,5.550,11851281;
sh600800:5.140,5.100,5.200,5.050,9146439;
sh600802:11.570,11.140,11.920,11.070,35577416;
sh600808:2.800,2.730,2.800,2.720,26924572;
sh600818:10.900,10.670,10.900,10.560,1741320;
sh600819:5.150,4.970,5.220,4.970,8536125;
sh600821:4.260,4.340,4.450,4.220,6782478;
sh600822:9.500,9.370,9.760,9.370,6011450;
sh600824:3.270,3.200,3.310,3.200,7105731;
sh600825:5.000,4.880,5.130,4.850,10323899;
sh600828:4.170,4.080,4.210,4.050,8038851;
sh600829:8.000,8.330,8.150,7.930,15683867;
sh600830:5.810,5.800,6.060,5.600,28592103;
sh600831:9.500,9.200,9.730,9.180,29365101;
sh600833:10.000,10.000,10.150,10.000,2784832;
sh600834:6.690,6.580,6.790,6.580,3853688;
sh600836:4.550,4.520,4.700,4.500,13317340;
sh600838:5.750,5.620,5.820,5.590,6227946;
sh600841:7.660,7.450,7.800,7.170,12304000;
sh600843:8.170,8.640,8.270,8.030,16415997;
sh600846:9.260,9.010,9.370,9.010,21060738;
sh600851:8.040,8.430,8.110,7.820,12303154;
sh600853:4.200,4.150,4.460,4.150,86973078;
sh600854:3.900,3.920,4.030,3.860,10286221;
sh600855:11.910,11.510,12.050,11.500,7041217;
sh600857:10.180,9.710,10.190,9.690,1646952;
sh600860:4.980,4.750,5.130,4.720,6122092;
sh600861:11.500,11.170,11.820,11.110,4509700;
sh600862:12.900,12.280,12.990,12.170,26286981;
sh600864:7.600,7.580,7.850,7.500,56661949;
sh600865:6.200,6.130,6.200,6.120,3725500;
sh600866:5.810,6.030,6.070,5.720,70818478;
sh600867:12.020,12.060,12.330,11.980,38337207;
sh600868:3.800,3.610,3.880,3.600,127214971;
sh600869:5.000,4.790,5.230,4.570,167533290;
sh600871:2.450,2.330,2.450,2.290,183467594;
sh600874:7.130,7.180,7.190,7.020,15021986;
sh600876:15.410,14.900,15.560,14.900,11055601;
sh600879:7.200,6.760,7.270,6.760,95294483;
sh600880:3.820,3.810,3.960,3.790,15781342;
sh600882:18.740,19.000,19.630,18.700,6783390;
sh600885:35.500,34.000,35.500,33.700,10273934;
sh600888:4.850,4.680,4.880,4.460,24686166;
sh600889:5.710,6.060,6.220,5.520,33630859;
sh600894:7.140,6.960,7.140,6.950,9340201;
sh600898:7.210,7.080,7.300,7.010,4703100;
sh600917:6.650,6.560,6.730,6.560,5395584;
sh600959:3.850,3.770,3.870,3.770,25915000;
sh600962:7.430,7.240,7.490,7.230,4133500;
sh600965:7.640,7.850,7.790,7.580,10518252;
sh600966:7.980,8.460,8.060,7.430,65982560;
sh600973:4.370,4.410,4.700,4.310,37254300;
sh600976:17.100,17.190,17.160,16.900,3362095;
sh600980:13.060,12.740,13.180,12.710,2790302;
sh600981:3.780,3.690,4.010,3.680,37734538;
sh600982:2.890,2.820,2.910,2.820,5200050;
sh600983:4.500,4.460,4.560,4.460,2893200;
sh600986:4.300,4.110,4.330,4.100,70537204;
sh600988:8.510,7.640,8.570,7.590,177155084;
sh600990:44.700,42.780,45.280,42.610,3204159;
sh600992:6.680,6.460,6.680,6.460,2774200;
sh601002:6.130,6.470,6.470,6.120,42379074;
sh601008:3.730,3.780,3.920,3.660,25745403;
sh601016:2.390,2.370,2.440,2.340,37222901;
sh601069:15.800,14.840,15.870,14.800,28146572;
sh601100:57.080,55.740,57.450,55.100,4768241;
sh601106:2.830,2.780,2.830,2.780,35608551;
sh601118:4.380,4.450,4.620,4.350,50722678;
sh601126:6.140,6.420,6.740,6.060,22280433;
sh601168:6.370,6.190,6.440,6.180,26567664;
sh601199:3.910,3.790,3.920,3.790,8675200;
sh601222:5.880,5.820,6.130,5.780,51276920;
sh601226:4.100,4.020,4.130,3.990,6757350;
sh601233:14.000,13.730,14.180,13.430,75015041;
sh601311:9.900,9.560,10.000,9.530,17564461;
sh601339:3.870,3.880,4.010,3.870,16181024;
sh601388:1.880,1.830,1.880,1.830,37381095;
sh601515:6.830,7.470,7.280,6.830,44791230;
sh601567:8.800,8.630,8.940,8.620,15414777;
sh601608:3.810,3.700,3.820,3.700,41739104;
sh601616:3.220,3.210,3.400,3.190,39694016;
sh601677:11.510,11.210,11.590,11.180,7898382;
sh601689:21.400,20.820,21.800,20.800,18431232;
sh601700:6.380,6.850,7.080,6.380,115132998;
sh601727:5.000,4.880,5.060,4.870,53288217;
sh601789:4.690,4.460,4.830,4.460,108042330;
sh601799:100.000,97.210,100.000,96.660,1367578;
sh601818:3.850,3.820,3.860,3.800,133675602;
sh601866:2.260,2.240,2.320,2.220,99722393;
sh601958:6.680,6.500,6.680,6.480,24259731;
sh601968:4.820,4.680,4.860,4.670,5320300;
sh601996:2.890,2.800,2.900,2.780,18492049;
sh603003:9.060,8.750,9.200,8.750,23129414;
sh603006:11.800,11.400,11.880,11.380,3323187;
sh603009:8.080,7.520,8.170,7.500,22150400;
sh603010:16.080,15.470,16.080,15.300,9051996;
sh603015:6.450,6.370,6.790,6.370,10287370;
sh603017:10.600,10.540,10.800,10.460,3336847;
sh603018:11.200,10.780,11.310,10.760,16502874;
sh603020:8.330,8.180,8.330,8.110,4117100;
sh603021:6.980,6.700,6.980,6.680,4230001;
sh603022:15.500,15.300,15.950,14.910,4068700;
sh603023:5.010,5.180,5.120,4.980,23753857;
sh603025:8.910,8.830,9.120,8.820,3940563;
sh603085:7.280,7.030,7.280,7.020,5418542;
sh603088:9.350,9.000,9.360,8.990,1869268;
sh603099:8.500,8.460,8.560,8.430,1931880;
sh603108:11.610,11.580,11.980,11.510,16116809;
sh603111:6.850,7.040,7.290,6.800,48457032;
sh603116:7.490,7.160,7.490,7.140,12083579;
sh603117:3.910,3.810,3.970,3.780,11127100;
sh603123:9.090,9.270,9.390,8.750,14991605;
sh603126:4.650,4.560,4.730,4.520,9463319;
sh603158:23.840,23.000,24.540,22.100,6947600;
sh603168:9.240,9.130,9.780,9.120,10090676;
sh603222:52.980,52.820,52.980,52.300,219700;
sh603227:4.610,4.490,4.640,4.480,13057200;
sh603268:15.350,15.370,15.450,15.100,1521441;
sh603299:6.330,6.170,6.340,6.160,7757239;
sh603300:7.810,7.940,8.050,7.750,23509360;
sh603308:18.100,17.310,18.320,16.960,10519117;
sh603318:9.230,8.910,9.240,8.860,13462276;
sh603333:7.680,7.710,8.090,7.650,23129299;
sh603366:6.960,6.600,6.960,6.600,34911900;
sh603456:20.860,21.550,21.380,20.000,21162326;
sh603508:58.880,56.950,59.090,56.800,2679163;
sh603519:14.090,13.480,14.300,13.410,1920400;
sh603566:19.600,19.000,20.050,19.000,6506591;
sh603568:29.120,27.900,29.120,27.880,6156812;
sh603600:12.750,12.500,12.750,12.250,5999752;
sh603601:18.300,18.300,18.300,18.300,1659748;
sh603609:12.110,11.860,12.390,11.850,16433911;
sh603611:19.420,18.930,19.420,18.400,4950956;
sh603616:7.780,7.620,7.920,7.570,5938900;
sh603618:5.700,5.700,6.000,5.620,15673215;
sh603688:26.600,27.350,28.150,26.500,11386044;
sh603703:15.990,15.990,16.400,15.900,2565417;
sh603789:13.020,13.080,13.410,13.020,4213135;
sh603800:11.440,11.350,11.550,11.330,2492100;
sh603808:13.200,13.080,13.350,13.000,6011084;
sh603818:7.800,7.700,7.900,7.560,3595405;
sh603838:7.910,7.820,7.950,7.780,1075700;
sh603918:12.190,11.900,12.340,11.850,5930498;
sh603936:21.560,20.450,21.860,20.360,10824708;
sh603968:14.250,13.950,14.460,13.950,2308881;
sh603989:26.650,25.240,26.660,24.800,3268085;
sh603997:8.200,7.900,8.230,7.870,5761000;
sh603998:7.360,7.230,7.380,7.220,6381100;
sh603999:6.690,6.460,6.750,6.450,9765260;
sh600127:4.810,4.680,4.830,4.660,32696202;
sh603377:15.810,15.200,15.830,14.360,3132433;
sh601900:10.510,10.050,10.510,10.000,11274454;
sh603919:15.110,14.700,15.150,14.690,4004486;
sh603861:8.670,8.630,8.980,8.530,8442905;
sh603028:11.190,10.770,11.190,10.720,2642300;
sh603798:10.480,10.690,10.960,10.420,4944574;
sh603701:12.780,12.140,12.780,12.100,4730837;
sh603726:25.980,24.130,25.980,23.910,4418623;
sh603528:7.810,7.560,7.900,7.520,7378886;
sh603339:13.350,13.200,13.830,13.180,3120135;
sh603131:21.000,20.440,21.600,20.160,7164601;
sh603016:18.400,19.050,19.500,16.790,5633462;
sh603069:12.700,13.170,13.970,12.610,14942730;
sh600936:3.980,3.870,3.980,3.870,9644849;
sh601997:8.470,8.310,8.480,8.290,34996717;
sh601595:13.300,13.200,13.590,13.170,3712000;
sh603515:25.700,25.200,26.080,25.200,3162767;
sh603843:4.480,4.330,4.530,4.320,13479331;
sh601163:14.770,14.340,14.770,14.280,7430500;
sh603393:38.220,37.900,39.030,37.480,5648602;
sh603738:27.830,26.700,28.690,26.430,7184370;
sh601128:8.110,7.850,8.160,7.850,43411067;
sh603313:26.160,24.870,27.000,24.480,7928907;
sh600926:8.780,8.570,8.780,8.560,26117001;
sh603888:25.860,24.600,25.860,24.600,13653410;
sh603060:21.850,21.130,21.860,20.850,2355180;
sh603633:12.850,12.610,13.620,12.490,12119972;
sh603987:11.470,11.480,11.580,10.710,37663792;
sh603336:14.880,14.500,15.150,14.410,8307632;
sh603660:14.390,13.400,14.570,13.400,25071251;
sh603559:25.400,27.410,27.410,25.100,21673210;
sh603033:22.000,21.700,22.980,21.500,2399224;
sh603389:5.070,4.860,5.080,4.850,3090198;
sh603058:7.100,6.970,7.100,6.460,2997400;
sh603886:16.600,16.770,16.950,16.410,4195579;
sh603239:12.200,12.670,12.480,12.000,7576230;
sh601375:5.750,6.160,6.060,5.710,240520235;
sh603035:15.300,15.430,16.540,15.170,13677918;
sh603032:19.700,19.330,19.910,19.310,2851093;
sh603877:16.500,16.180,16.940,16.110,2460731;
sh603689:10.930,10.690,10.930,10.660,3496300;
sh603579:28.600,28.500,29.190,28.200,1064856;
sh603639:26.600,26.320,26.800,25.810,3400747;
sh601858:10.830,10.540,10.900,10.530,4254000;
sh603638:33.490,32.700,33.770,32.680,955484;
sh603429:40.000,37.600,40.000,37.280,3734664;
sh603966:10.740,10.670,10.940,10.410,4696590;
sh603089:13.300,12.650,13.300,12.650,1317335;
sh603360:30.770,29.660,30.860,29.460,2625759;
sh603677:11.500,11.440,11.500,11.340,1498766;
sh603637:14.220,14.090,14.400,14.070,1108768;
sh601212:3.310,3.140,3.310,3.140,36384643;
sh603603:8.320,8.140,8.440,8.140,5485400;
sh603817:6.380,6.370,6.530,6.350,3688900;
sh603717:8.200,8.100,8.330,8.100,4749418;
sh603656:15.150,14.610,15.150,14.600,1011231;
sh603133:23.000,21.230,23.200,21.000,9922279;
sh603811:25.600,24.840,25.770,24.780,2634505;
sh603955:16.430,16.530,16.450,16.110,2317050;
sh603908:24.400,24.160,24.400,23.580,591800;
sh603991:17.350,17.800,17.470,17.220,2372129;
sh603578:22.490,22.400,22.890,22.200,1731063;
sh601366:5.570,5.770,5.590,5.510,17495626;
sh603787:15.030,14.080,15.030,14.020,5003000;
sh603320:17.020,17.160,17.480,16.890,4118858;
sh603906:10.000,9.980,10.260,9.920,3900143;
sh603586:18.480,17.930,18.480,17.870,2478200;
sh603538:30.370,30.150,32.220,29.950,15521231;
sh603385:10.610,10.360,10.670,10.330,4722838;
sh603178:9.920,9.700,10.060,9.650,4125700;
sh603238:30.380,31.000,31.500,28.600,11492289;
sh603229:24.700,24.810,24.790,24.200,1537958;
sh603728:12.760,12.810,13.330,12.730,5835985;
sh603896:29.780,28.950,30.140,28.880,1362960;
sh603488:8.700,8.400,8.700,8.330,2163200;
sh603197:34.520,31.710,34.520,31.710,7079721;
sh603580:12.160,11.820,12.160,11.790,1310876;
sh603200:52.300,54.800,55.500,50.600,4783893;
sh603042:16.350,18.430,18.430,16.350,14416224;
sh603536:14.730,13.580,14.730,13.500,9797863;
sh603326:19.030,18.600,19.030,18.500,2522409;
sh603316:9.110,9.420,9.840,9.070,8034213;
sh603335:4.530,4.410,4.580,4.360,11985660;
sh603380:17.000,16.670,17.250,16.660,1832707;
sh603286:16.890,16.340,16.900,16.310,2009010;
sh603938:29.520,28.400,29.520,27.080,6123300;
sh603331:16.880,17.100,17.470,16.850,4838636;
sh603933:15.000,14.430,15.000,14.380,3348524;
sh603595:37.700,34.990,38.460,34.910,4758573;
sh603612:14.960,13.990,15.190,13.880,16913033;
sh603676:10.300,10.050,10.350,10.050,2141249;
sh603063:9.470,9.050,9.650,9.040,4702700;
sh603233:60.000,58.600,61.300,58.580,3495754;
sh603357:10.840,10.560,10.880,10.520,9664670;
sh603860:26.800,26.930,27.170,26.510,469700;
sh603880:18.600,20.390,19.540,18.190,24542575;
sh603776:20.600,20.600,21.700,20.390,6095746;
sh603976:17.930,17.100,17.930,17.050,3063759;
sh603079:48.610,46.300,48.800,45.980,5026397;
sh603725:6.750,6.630,6.830,6.590,2621320;
sh603813:18.070,17.700,18.350,17.600,1053325;
sh603136:23.180,22.520,23.180,22.510,1211993;
sh603378:30.000,29.000,31.430,28.850,1981399;
sh603367:17.620,17.820,18.390,17.490,10233484;
sh603103:16.100,15.600,16.100,15.500,4576929;
sh603110:16.990,16.340,16.990,16.020,3522526;
sh603499:15.660,16.120,16.480,15.610,2808488;
sh603829:10.060,9.980,10.170,10.000,1650473;
sh603722:35.870,33.550,36.280,33.550,1619008;
sh603659:77.390,75.810,79.670,75.200,6194839;
sh603076:22.290,22.060,22.550,21.920,742781;
sh603661:38.910,37.780,38.940,37.720,1070500;
sh601019:6.700,6.680,6.770,6.650,5053746;
sh603890:11.260,10.830,11.370,10.830,6998175;
sh603477:12.560,12.660,13.160,12.140,18207175;
sh603895:20.100,19.860,20.500,19.760,1567251;
sh603516:45.000,42.260,45.320,42.100,3246802;
sh603871:29.400,28.560,29.580,28.560,1197556;
sh603709:23.900,23.590,24.160,23.510,489300;
sh603712:26.420,25.160,26.800,25.160,8190600;
sh603059:27.000,27.560,27.560,26.500,5183337;
sh600929:6.090,5.970,6.140,5.950,8835826;
sh603897:18.540,18.030,19.150,18.010,3422376;
sh603301:44.800,46.050,45.980,43.000,17505029;
sh603773:36.130,34.300,36.500,34.200,3388245;
sh603666:95.880,91.100,97.470,91.100,857793;
sh601990:16.600,17.490,17.360,16.490,317736525;
sh603713:54.500,53.700,56.400,53.700,1928816;
sh601606:10.080,9.680,10.080,9.650,12082850;
sh603590:38.780,38.700,40.100,38.600,3900037;
sh603192:25.960,25.860,26.550,25.820,1546101;
sh601068:4.900,4.770,4.960,4.760,19903935;
sh603297:37.050,35.000,37.190,35.000,2696849;
sh603790:14.010,13.680,14.220,13.680,3203280;
