sh600048:13.980,14.080,14.090,13.800,52340293;
sh600053:23.680,23.550,23.960,23.220,3222469;
sh600061:12.300,12.300,12.490,12.200,22694717;
sh600063:3.840,3.840,3.950,3.810,25212711;
sh600071:8.900,8.690,8.990,8.590,2506796;
sh600076:3.750,3.710,3.790,3.700,11351537;
sh600077:2.840,2.770,2.840,2.730,6827200;
sh600078:4.870,5.030,5.290,4.830,49962909;
sh600081:10.530,10.400,10.600,10.400,2720845;
sh600082:3.480,3.390,3.530,3.390,9782800;
sh600090:4.050,4.030,4.100,4.010,10101701;
sh600101:5.930,5.920,6.020,5.900,2051530;
sh600111:8.510,8.430,8.580,8.360,24146151;
sh600113:6.060,5.960,6.130,5.960,5075781;
sh600115:4.040,4.030,4.070,4.010,52755149;
sh600120:8.690,8.640,8.840,8.600,8731371;
sh600146:11.090,10.490,11.200,10.460,10170788;
sh600151:4.290,4.220,4.340,4.220,9593841;
sh600156:4.960,4.500,4.960,4.460,20670185;
sh600160:7.690,7.210,7.760,7.210,81061942;
sh600161:34.140,34.650,35.130,33.800,13053580;
sh600162:2.090,2.030,2.090,2.020,8792158;
sh600169:2.030,2.030,2.070,2.010,20903305;
sh600175:1.290,1.280,1.300,1.280,28707552;
sh600197:12.600,12.450,12.640,12.350,4482554;
sh600199:5.010,4.960,5.050,4.910,5910623;
sh600200:7.060,6.930,7.350,6.900,31982078;
sh600203:11.910,11.600,12.430,11.440,39045525;
sh600206:14.010,13.410,14.220,13.410,63425571;
sh600207:4.320,4.250,4.340,4.180,9911835;
sh600208:3.000,2.950,3.010,2.950,71070785;
sh600213:7.110,7.040,7.220,7.000,3049150;
sh600218:8.610,8.410,8.660,8.410,7395467;
sh600221:1.640,1.600,1.640,1.600,81063013;
sh600223:6.700,6.380,6.740,6.350,20308079;
sh600226:2.310,2.270,2.330,2.260,36910489;
sh600227:2.710,2.770,2.880,2.660,12565361;
sh600235:4.480,4.370,4.480,4.350,5977933;
sh600236:4.430,4.430,4.430,4.380,2842974;
sh600242:8.480,8.050,8.640,7.960,49731453;
sh600246:5.280,5.400,5.280,5.150,15208291;
sh600262:15.010,14.650,15.010,14.620,595102;
sh600266:6.890,6.800,6.930,6.790,7654794;
sh600267:16.500,15.430,16.880,15.040,121772874;
sh600268:5.820,6.310,6.230,5.820,50549632;
sh600278:9.850,9.680,9.890,9.610,5418639;
sh600279:3.750,3.670,3.750,3.650,5092686;
sh600283:8.800,8.680,8.800,8.650,1047400;
sh600285:8.330,8.150,8.390,8.130,5620322;
sh600288:11.200,11.190,11.310,11.120,2834000;
sh600291:7.000,7.010,7.080,6.960,7092089;
sh600293:2.840,2.760,2.850,2.730,14804857;
sh600300:2.900,2.830,2.950,2.790,16561113;
sh600310:4.000,3.730,4.000,3.720,15053848;
sh600311:2.630,2.760,2.750,2.630,29706492;
sh600313:3.000,3.200,3.170,2.980,89181493;
sh600317:2.190,2.180,2.190,2.160,7823300;
sh600322:2.560,2.520,2.570,2.500,13426637;
sh600323:20.040,19.770,20.650,19.760,7184067;
sh600326:6.430,6.590,6.590,6.330,19691804;
sh600336:4.890,4.690,4.960,4.600,20167928;
sh600337:4.080,4.020,4.090,4.010,6884760;
sh600338:8.060,7.740,8.060,7.740,11392690;
sh600339:2.650,2.610,2.660,2.590,24140021;
sh600351:5.000,4.990,5.080,4.980,4076700;
sh600353:5.500,5.770,5.720,5.440,22959589;
sh600354:3.780,3.780,3.780,3.780,270400;
sh600355:3.200,3.170,3.270,3.140,17750602;
sh600360:8.800,8.200,8.980,8.140,93470749;
sh600363:13.080,12.310,13.200,12.310,11690578;
sh600366:5.130,5.050,5.150,5.040,11948667;
sh600371:10.530,11.190,11.300,10.400,15996059;
sh600375:4.450,4.250,4.590,4.150,8386801;
sh600381:4.730,4.620,4.750,4.620,2816594;
sh600392:6.420,6.190,6.420,6.170,18415845;
sh600393:2.580,2.500,2.580,2.490,19058195;
sh600398:6.180,6.090,6.210,6.090,10414683;
sh600419:11.130,11.200,11.500,11.050,4180092;
sh600425:3.820,3.800,3.940,3.800,28248255;
sh600429:4.860,4.920,5.070,4.820,4157829;
sh600449:10.710,11.260,11.220,10.610,31519831;
sh600455:23.800,23.640,24.130,23.430,1697598;
sh600463:6.080,5.950,6.170,5.940,2412700;
sh600466:5.720,5.710,5.820,5.700,15006355;
sh600467:2.190,2.170,2.200,2.170,9344469;
sh600476:12.470,12.700,12.590,12.310,3533131;
sh600478:3.870,3.830,3.870,3.780,13159532;
sh600479:8.370,8.410,8.500,8.350,4614001;
sh600480:9.030,8.690,9.160,8.580,8752183;
sh600481:2.980,2.960,3.000,2.950,3436840;
sh600488:4.450,4.520,4.560,4.380,11482344;
sh600495:4.400,4.420,4.690,4.390,48018948;
sh600499:4.450,4.280,4.450,4.250,12899081;
sh600501:8.180,8.000,8.290,7.970,6491402;
sh600503:3.060,3.010,3.070,3.000,23072314;
sh600505:9.530,9.230,9.560,9.180,2606166;
sh600506:8.150,8.120,8.260,8.080,3016400;
sh600517:6.630,6.440,6.740,6.410,21778218;
sh600520:9.700,9.690,9.980,9.690,6778501;
sh600525:5.320,5.260,5.320,5.200,14704702;
sh600526:5.320,5.310,5.370,5.280,3541242;
sh600527:2.420,2.320,2.440,2.320,36375431;
sh600530:3.450,3.380,3.460,3.370,6032367;
sh600533:3.330,3.080,3.350,3.080,40401868;
sh600537:3.240,3.120,3.240,3.110,9702500;
sh600549:11.220,10.970,11.230,10.950,8955587;
sh600559:8.300,8.340,8.450,8.280,8250112;
sh600562:14.370,13.430,14.370,13.260,14292479;
sh600568:1.540,1.620,1.550,1.510,59775997;
sh600573:5.740,5.770,5.780,5.700,2113509;
sh600587:15.450,15.950,16.460,15.450,11181898;
sh600593:38.920,38.690,38.980,38.410,695340;
sh600596:8.310,8.280,8.410,8.260,6245600;
sh600601:3.180,3.170,3.210,3.150,14898609;
sh600602:7.430,7.280,7.510,7.220,8331312;
sh600603:5.610,5.590,5.700,5.530,9097170;
sh600604:7.130,6.990,7.200,6.950,17395776;
sh600613:6.800,6.960,7.180,6.780,6035169;
sh600623:5.410,5.350,5.420,5.330,7565741;
sh600624:8.500,8.240,8.620,8.190,16693216;
sh600626:5.790,5.560,5.790,5.540,10317568;
sh600628:10.150,10.100,10.440,10.080,2773200;
sh600630:7.390,7.170,7.520,7.100,9760810;
sh600638:5.300,5.120,5.300,5.050,2692340;
sh600639:11.600,11.440,11.660,11.380,1613362;
sh600640:16.970,16.500,17.380,16.280,7901450;
sh600641:22.400,21.240,22.980,21.240,29662965;
sh600644:5.000,4.900,5.000,4.880,1936626;
sh600645:18.540,18.070,19.290,18.030,7772278;
sh600647:12.530,12.260,12.650,12.250,1993800;
sh600649:5.180,5.190,5.250,5.110,8247693;
sh600651:3.680,3.520,3.780,3.440,16397499;
sh600661:16.100,15.530,16.180,15.500,2962690;
sh600662:3.880,3.800,3.910,3.770,6310601;
sh600668:13.780,13.780,14.030,13.640,7017062;
sh603179:20.000,18.590,20.220,18.590,2911664;
sh600671:10.760,10.660,10.930,10.630,1106000;
sh600677:4.720,4.610,4.740,4.610,18122302;
sh600678:7.600,7.550,7.890,7.530,21712186;
sh600682:8.650,8.430,8.760,8.370,13092402;
sh600683:3.900,3.770,3.920,3.750,21792575;
sh600684:3.140,3.020,3.150,3.000,8648484;
sh600689:8.110,8.130,8.190,7.910,2009397;
sh600693:5.180,5.020,5.220,5.010,8267287;
sh600695:7.300,7.350,7.550,7.200,18136302;
sh600697:15.100,14.700,15.100,14.660,1519700;
sh600706:8.190,7.850,8.310,7.850,6731153;
sh600708:3.000,2.920,3.020,2.920,27949451;
sh600711:4.090,4.010,4.090,4.010,15628479;
sh600712:5.670,5.500,5.730,5.370,27568100;
sh600716:3.760,3.700,3.820,3.700,4973300;
sh600719:3.890,3.840,3.910,3.820,2313500;
sh600724:3.890,3.700,3.920,3.670,19100006;
sh600730:4.470,4.350,4.480,4.330,4085900;
sh600734:4.490,4.330,4.500,4.320,9326600;
sh600736:5.360,5.120,5.400,5.070,24677736;
sh600737:7.450,7.750,7.620,7.420,21254876;
sh600744:2.250,2.200,2.250,2.200,4089313;
sh600746:6.200,6.000,6.240,6.000,2524598;
sh600748:5.200,4.990,5.300,4.960,38746982;
sh603893:64.790,62.090,64.900,62.090,6477328;
sh600755:6.300,6.260,6.320,6.230,8221429;
sh600756:18.600,18.580,18.950,18.500,4620974;
sh600764:26.860,27.090,27.080,26.620,3229785;
sh600770:4.850,4.700,4.860,4.680,12763797;
sh600771:13.620,13.810,14.060,13.520,4257752;
sh600773:5.480,5.370,5.580,5.360,8544458;
sh600777:1.800,1.770,1.800,1.750,59714976;
sh600783:13.320,13.070,13.430,12.960,7061778;
sh600784:4.300,4.270,4.320,4.260,2269409;
sh600785:14.080,13.720,14.080,13.690,691904;
sh600796:5.600,5.780,5.740,5.530,6677883;
sh600800:5.980,5.680,6.160,5.600,73882074;
sh600802:10.930,11.450,11.700,10.900,35887146;
sh600808:2.620,2.560,2.620,2.550,42385131;
sh600818:9.760,9.570,9.760,9.420,798600;
sh600819:4.660,4.490,4.660,4.460,4899800;
sh600821:4.080,4.040,4.140,4.040,4524985;
sh600822:8.590,8.250,8.600,8.240,3891550;
sh600824:3.090,3.000,3.100,2.980,6701100;
sh600825:4.550,4.550,4.660,4.540,2552500;
sh600828:3.900,3.780,3.900,3.770,6018863;
sh600829:7.250,7.240,7.380,7.110,6134200;
sh600830:5.530,5.390,5.700,5.250,25721940;
sh600831:8.420,8.290,8.570,8.250,16553051;
sh600833:9.210,9.190,9.390,9.130,1585502;
sh600834:6.300,6.220,6.320,6.210,1289900;
sh600836:5.160,5.260,5.450,5.020,32032863;
sh600838:5.920,5.580,6.040,5.580,22420081;
sh600841:6.630,6.520,6.630,6.450,1035299;
sh600843:6.600,6.490,6.670,6.490,3595537;
sh600846:8.380,8.200,8.420,8.180,8669879;
sh600851:7.890,7.760,8.170,7.620,8550160;
sh600853:3.880,3.710,4.000,3.650,38333250;
sh600854:3.540,3.450,3.540,3.430,2535800;
sh600855:12.660,12.660,12.660,12.650,11772120;
sh600857:9.970,10.080,10.150,10.030,1698233;
sh600860:4.200,4.130,4.230,4.020,3815200;
sh600861:9.500,9.330,9.680,9.240,2523301;
sh600862:12.510,12.750,13.070,12.500,20934255;
sh600864:6.600,6.510,6.700,6.500,21917158;
sh600865:6.000,5.790,6.000,5.660,6173356;
sh600866:5.150,4.850,5.180,4.830,30527553;
sh600867:10.260,10.160,10.500,10.100,21663060;
sh600868:3.300,3.190,3.330,3.160,36380775;
sh600869:4.690,4.690,4.850,4.630,62993641;
sh600871:2.030,1.990,2.040,1.980,28193900;
sh600874:7.030,7.080,7.250,7.010,19032070;
sh600876:13.180,13.120,13.350,13.010,4143856;
sh600879:6.510,6.270,6.580,6.230,54675999;
sh600880:3.550,3.550,3.580,3.530,5728698;
sh600882:19.500,19.260,19.600,18.830,6124801;
sh600885:27.300,26.430,27.300,26.300,15688145;
sh600888:4.510,4.420,4.540,4.390,10476794;
sh600889:4.890,4.650,4.930,4.650,5906464;
sh600894:6.420,6.390,6.470,6.380,5074463;
sh600898:6.400,6.090,6.460,6.050,3538677;
sh600917:6.320,6.380,6.410,6.250,3030867;
sh600959:3.690,3.700,3.690,3.630,19660100;
sh600962:7.100,7.000,7.180,6.900,3223700;
sh600965:7.760,8.050,8.140,7.730,16277768;
sh600966:8.070,7.900,8.240,7.750,30346459;
sh600973:4.740,4.550,4.950,4.510,65966143;
sh600976:15.100,15.130,15.320,15.100,1056925;
sh600980:11.510,11.220,11.520,11.200,1422947;
sh600981:3.310,3.200,3.320,3.200,10740217;
sh600982:2.700,2.680,2.720,2.660,2920451;
sh600983:4.140,4.060,4.140,4.050,1025700;
sh600986:3.650,3.650,3.720,3.620,21834512;
sh600988:7.080,7.490,7.670,7.080,176485865;
sh600990:36.600,36.170,37.330,36.100,1549387;
sh600992:6.200,6.130,6.230,6.100,1319216;
sh601002:5.400,5.440,5.600,5.400,9658741;
sh601008:3.480,3.390,3.550,3.380,9500300;
sh601016:2.230,2.210,2.240,2.200,16831433;
sh601069:13.380,13.510,13.760,13.310,10431963;
sh601100:50.600,53.740,53.660,50.180,9213951;
sh601106:2.610,2.580,2.620,2.560,17104411;
sh601118:4.670,4.930,4.950,4.620,80462933;
sh601126:6.850,6.710,7.090,6.500,27674516;
sh601168:5.580,5.480,5.580,5.460,20720436;
sh601199:3.760,3.600,3.780,3.590,26487068;
sh601222:5.490,5.310,5.540,5.290,29658358;
sh601226:3.880,3.840,3.920,3.830,2890900;
sh601233:12.490,12.360,12.500,11.880,31426749;
sh601311:8.720,8.620,8.820,8.600,6881177;
sh601339:3.640,3.820,3.690,3.640,11194402;
sh601388:1.700,1.660,1.710,1.660,23854899;
sh601515:6.250,6.110,6.360,6.110,6743600;
sh601567:7.460,7.350,7.490,7.300,6382719;
sh601608:3.300,3.330,3.370,3.300,13084888;
sh601616:3.120,3.050,3.220,3.010,38378021;
sh601677:10.100,9.950,10.100,10.000,5405174;
sh601689:17.000,16.070,17.130,16.070,16456562;
sh601700:6.800,6.990,7.050,6.750,82048333;
sh601727:4.720,4.610,4.760,4.600,27410598;
sh601789:4.300,4.410,4.540,4.240,66333389;
sh601799:86.000,79.650,86.000,79.000,2619408;
sh601818:3.520,3.500,3.520,3.480,84422162;
sh601866:1.990,1.960,1.990,1.960,43575584;
sh601958:6.000,5.920,6.020,5.900,10529087;
sh601968:4.550,4.360,4.580,4.350,3984300;
sh601996:2.770,2.660,2.770,2.650,18572777;
sh603002:4.830,4.700,4.890,4.700,53415068;
sh603003:7.920,7.890,8.180,7.780,16113011;
sh603006:10.070,9.760,10.070,9.750,2152900;
sh603009:7.100,6.630,7.140,6.540,9365657;
sh603010:13.650,13.170,13.880,12.900,9253845;
sh603015:6.680,6.600,7.020,6.600,6562742;
sh603017:9.890,9.860,10.090,10.000,2135200;
sh603018:11.070,11.130,11.270,11.030,5640538;
sh603020:7.710,7.680,7.800,7.590,2727200;
sh603021:5.890,5.800,5.930,5.700,2005390;
sh603022:16.030,15.560,16.230,15.300,2188400;
sh603023:5.020,4.950,5.290,4.900,17668767;
sh603025:8.990,8.540,9.090,8.420,9473579;
sh603085:6.300,6.100,6.320,6.090,3100177;
sh603088:9.630,9.560,9.750,9.390,3888600;
sh603099:8.120,8.040,8.180,7.920,1505800;
sh603108:9.710,9.720,10.040,9.660,5500607;
sh603111:6.110,5.960,6.180,5.910,17501858;
sh603116:7.080,6.870,7.110,6.790,7320960;
sh603117:3.520,3.490,3.560,3.480,4871680;
sh603123:8.280,8.770,8.980,8.280,6341522;
sh603126:4.480,4.750,4.650,4.480,20471527;
sh603158:18.720,18.490,18.970,18.210,4252971;
sh603168:7.920,7.850,8.010,7.820,2130354;
sh603222:51.690,49.750,51.690,48.500,1169800;
sh603227:4.030,4.110,4.300,4.000,7900490;
sh603268:13.980,14.190,14.150,13.910,786760;
sh603299:5.730,5.630,5.770,5.620,3698400;
sh603300:7.100,7.220,7.420,7.070,14729900;
sh603308:14.770,14.040,15.290,14.000,13961914;
sh603318:7.610,7.370,7.680,7.330,9471687;
sh603333:7.700,7.480,7.800,7.480,20143120;
sh603366:5.590,5.340,5.630,5.310,11193019;
sh603456:19.460,18.790,19.730,18.510,9759839;
sh603508:53.030,55.470,54.300,52.800,3258708;
sh603519:13.360,13.100,13.700,13.100,7371654;
sh603566:16.700,16.040,16.870,16.010,3524191;
sh603568:27.680,27.550,27.880,27.210,2900004;
sh603600:13.670,13.410,13.980,13.060,15178147;
sh603601:11.360,10.290,11.410,10.210,61175232;
sh603609:10.660,10.830,11.060,10.580,6333679;
sh603611:18.100,17.020,18.200,16.900,5213027;
sh603616:8.000,7.750,8.090,7.720,13253475;
sh603618:6.480,6.790,6.800,6.250,41094556;
sh603688:23.350,22.280,23.770,22.100,11256556;
sh603703:18.200,17.700,18.350,17.650,7548179;
sh603789:12.850,12.820,12.930,12.800,1217240;
sh603800:11.000,11.270,11.460,11.000,3294800;
sh603808:11.100,10.970,11.190,10.860,3789850;
sh603818:6.980,6.820,6.980,6.740,1472493;
sh603838:7.350,7.360,7.400,7.210,1016000;
sh603918:10.750,10.500,10.850,10.460,2940310;
sh603936:18.000,17.460,18.220,17.240,7383167;
sh603968:12.800,12.640,12.980,12.640,1139000;
sh603989:23.440,22.610,23.930,22.510,2559287;
sh603997:6.700,6.510,6.780,6.500,3131200;
sh603998:6.800,6.860,7.180,6.710,11706603;
sh603999:5.830,5.740,5.900,5.720,4628980;
sh600127:4.280,4.810,4.650,4.250,70051428;
sh603377:14.740,14.800,15.080,14.400,1935049;
sh601900:9.400,9.430,9.490,9.330,4794503;
sh603919:12.380,12.140,12.380,12.010,2667800;
sh603861:9.390,9.160,9.450,9.090,7059672;
sh603028:10.950,12.120,11.930,10.810,12425857;
sh603798:9.540,9.440,9.550,9.400,1136920;
sh603701:11.200,10.900,11.200,10.840,2057242;
sh603726:25.560,25.100,25.790,25.010,2014852;
sh603528:7.270,7.440,7.530,7.270,5302902;
sh603339:11.700,11.900,12.160,11.630,950594;
sh603131:16.380,15.710,16.390,15.210,4564675;
sh603016:20.010,19.530,20.350,19.530,2259542;
sh603069:11.700,11.750,12.420,11.610,7503700;
sh600936:3.660,3.700,3.710,3.650,4187417;
sh601997:7.630,7.520,7.650,7.500,20159321;
sh601595:12.300,12.300,12.450,12.210,2563000;
sh603515:23.950,23.490,24.100,23.210,2756911;
sh603843:4.540,4.480,4.670,4.450,17806865;
sh601163:13.000,12.660,13.000,12.620,4053000;
sh603393:34.990,35.300,36.250,34.260,4437240;
sh603738:25.000,23.900,25.020,23.750,9127987;
sh601128:6.790,6.580,6.790,6.520,41668744;
sh603313:19.110,18.360,19.150,18.250,5783117;
sh600926:7.660,7.570,7.700,7.550,17539088;
sh603888:22.700,22.140,23.040,21.860,8019597;
sh603060:19.050,18.390,19.190,18.320,2126373;
sh603633:12.400,12.120,12.560,12.000,8043576;
sh603987:10.800,10.710,11.230,10.690,8585571;
sh603336:15.520,15.660,16.940,15.480,23473093;
sh603660:11.500,11.210,11.800,11.140,7458948;
sh603559:23.910,24.900,25.390,23.810,34612988;
sh603033:21.620,22.310,22.720,21.160,3264867;
sh603389:4.430,4.310,4.520,4.290,2902811;
sh603058:6.500,6.560,6.620,6.470,2214710;
sh603886:15.260,15.100,15.340,14.920,2386973;
sh603239:11.000,11.150,11.190,10.900,1713200;
sh601375:5.060,4.860,5.120,4.840,48014908;
sh603035:12.000,11.410,12.230,11.360,8954886;
sh603032:16.750,16.610,17.030,16.580,1954122;
sh603877:15.780,14.980,15.780,14.850,1703000;
sh603689:10.480,10.450,10.530,10.380,2341900;
sh603579:25.530,25.480,25.810,25.120,705744;
sh603639:24.880,25.120,25.390,24.610,1255360;
sh601858:9.870,9.650,9.950,9.600,2536200;
sh603638:27.940,28.270,28.500,27.500,954331;
sh603429:32.580,31.420,33.290,30.970,2746307;
sh603966:9.550,9.250,9.550,9.180,1954321;
sh603089:11.490,11.380,11.990,11.350,1096888;
sh603360:25.900,24.920,25.980,24.600,3652237;
sh603677:10.750,10.390,10.760,10.360,701522;
sh603637:13.010,13.410,13.900,13.010,2303559;
sh601212:2.820,2.800,2.860,2.770,37094500;
sh603603:6.980,6.760,6.980,6.720,2907826;
sh603817:5.850,5.730,5.940,5.710,2267200;
sh603717:7.660,7.500,7.720,7.500,2261220;
sh603656:14.010,13.840,14.050,13.660,543900;
sh603133:19.210,18.460,19.290,18.100,4496619;
sh603811:23.330,23.140,23.700,23.040,1012006;
sh603955:16.630,16.580,16.630,16.280,3214450;
sh603908:22.590,21.890,22.590,21.730,337800;
sh603991:21.010,20.860,22.250,20.100,4297436;
sh603578:20.940,20.540,20.940,20.510,526900;
sh601366:6.760,6.910,6.980,6.720,23923145;
sh603787:11.750,11.470,11.930,11.250,2925302;
sh603320:15.050,14.930,15.470,14.830,960772;
sh603906:9.250,8.820,9.300,8.820,2826652;
sh603586:16.000,16.280,16.270,15.610,1284174;
sh603538:27.600,28.060,29.880,27.480,7034730;
sh603385:10.000,10.010,10.420,10.150,5081595;
sh603178:8.270,7.970,8.270,7.910,3256100;
sh603238:22.550,23.110,23.480,22.510,2555000;
sh603229:23.570,26.300,25.250,23.220,4539396;
sh603728:11.650,11.280,11.780,11.230,3755412;
sh603896:26.340,25.770,26.690,25.710,965570;
sh603488:8.200,8.030,8.230,7.950,1236400;
sh603197:25.550,24.580,25.860,24.360,4426433;
sh603580:11.120,10.910,11.200,10.830,1002492;
sh603200:46.020,43.430,46.020,41.460,3118448;
sh603042:19.560,19.940,20.470,19.520,17186381;
sh603536:12.310,11.780,12.550,11.610,5399932;
sh603326:17.590,17.590,17.640,17.330,1510140;
sh603316:10.790,10.960,11.100,10.700,4179135;
sh603335:4.060,4.000,4.100,4.000,6017154;
sh603380:18.690,18.290,19.170,18.110,7519210;
sh603286:16.580,15.530,16.580,15.520,1875200;
sh603938:28.000,26.190,28.520,26.130,3101100;
sh603331:18.350,17.500,18.870,17.500,1959300;
sh603933:12.930,12.890,13.090,12.870,1830420;
sh603595:29.200,28.630,29.660,28.060,3187758;
sh603612:10.980,10.810,11.280,10.700,3025847;
sh603676:10.100,9.920,10.170,9.840,2599604;
sh603063:8.470,8.270,8.470,8.210,2733300;
sh603233:57.020,57.730,59.480,57.000,3399326;
sh603357:9.800,9.590,9.840,9.570,3862220;
sh603860:24.510,24.500,24.680,24.100,286020;
sh603880:14.050,13.430,14.560,13.210,7034304;
sh603776:18.590,18.270,18.670,18.190,2608816;
sh603976:15.010,15.430,15.400,15.010,2036000;
sh603079:40.760,39.780,42.470,39.260,2234172;
sh603725:6.270,6.130,6.270,6.100,1441386;
sh603813:17.270,17.050,17.390,17.030,387940;
sh603136:21.790,21.350,22.000,21.180,1109805;
sh603378:27.430,27.400,28.780,27.250,889500;
sh603367:15.610,15.590,16.030,15.530,3043800;
sh603103:15.210,15.200,15.700,15.100,4410960;
sh603110:14.890,14.770,15.180,14.710,1881243;
sh603499:14.650,14.640,14.650,14.340,1284477;
sh603829:10.500,10.480,10.660,10.320,4194693;
sh603722:27.540,26.440,27.540,26.330,1399599;
sh603659:63.380,58.950,63.870,58.950,6544964;
sh603076:19.950,19.850,20.260,19.810,283600;
sh603661:33.710,33.550,34.280,33.380,568549;
sh601019:6.490,6.400,6.490,6.390,3450871;
sh603890:13.900,13.100,14.050,13.000,28834741;
sh603477:11.250,10.990,11.380,10.870,3067431;
sh603895:19.300,19.090,19.500,19.060,1070342;
sh603516:43.000,41.550,43.850,41.000,1910301;
sh603871:26.000,25.490,26.180,25.330,550155;
sh603709:25.670,25.900,25.990,25.360,1260608;
sh603712:30.100,29.430,31.860,29.430,33524072;
sh603059:24.030,23.560,24.300,23.450,1455375;
sh600929:5.350,5.390,5.450,5.330,3260302;
sh603897:17.740,18.420,19.150,17.420,9675808;
sh603301:42.370,38.070,43.440,37.700,13291310;
sh603773:33.140,32.130,33.470,32.000,2165800;
sh603666:86.980,85.200,87.510,83.830,568180;
sh601990:14.990,14.310,15.450,14.160,140917762;
sh603713:50.710,47.550,51.420,47.350,1978223;
sh601606:8.580,8.400,8.630,8.380,5293261;
sh603590:39.580,39.170,40.420,38.700,3509428;
sh603192:25.300,25.450,26.260,25.300,1695491;
sh601068:4.250,4.280,4.330,4.220,6171900;
sh603297:35.520,34.420,35.880,34.200,1346790;
sh603790:12.190,12.210,12.250,12.100,1622070;
sh603583:39.390,39.670,41.680,39.010,6225573;
sh601975:2.400,2.370,2.420,2.350,57941259;
sh603629:22.880,21.960,22.880,21.840,864300;
sh603185:36.760,34.400,37.000,34.400,3138656;
sh601298:5.630,5.580,5.680,5.580,5921980;
sh603700:30.900,31.000,31.250,30.300,1532087;
sh601615:10.000,9.710,10.000,9.680,7874717;
sh601865:10.850,10.290,11.000,10.200,13867840;
sh603317:42.480,42.820,44.140,42.200,1329063;
sh603697:12.080,12.540,12.750,12.080,7043362;
sh603982:14.300,14.380,14.800,14.240,2281643;
sh603327:24.960,25.670,26.350,24.700,3833812;
sh603915:12.400,12.510,12.600,12.400,2596200;
sh601236:20.530,20.790,21.510,20.480,41322601;
sh603530:25.990,22.870,27.400,22.870,19382853;
sh603115:17.340,17.440,17.680,17.160,2078265;
sh603992:18.050,18.000,18.700,17.720,4482665;
sh603755:44.900,43.190,44.900,42.000,425100;
sh600000:9.950,9.840,9.950,9.820,28286030;
sh600004:13.000,12.710,13.050,12.510,11621050;
sh600006:4.030,3.920,4.040,3.900,14986100;
sh600007:12.660,12.580,12.660,12.400,1612712;
sh600008:2.990,2.970,3.020,2.960,21346460;
sh600009:60.990,59.310,60.990,58.000,24056874;
sh600011:4.320,4.460,4.420,4.300,32998416;
sh600012:5.180,5.130,5.210,5.130,2124153;
sh600015:6.380,6.330,6.410,6.330,28418930;
sh600016:5.500,5.540,5.520,5.480,67280463;
sh600017:2.540,2.450,2.540,2.430,16286550;
sh600018:4.300,4.260,4.350,4.260,24295703;
sh600019:4.680,4.600,4.700,4.580,78925245;
sh600020:3.790,3.710,3.790,3.660,12954502;
sh600021:7.460,7.600,7.700,7.300,22616388;
sh600023:3.350,3.340,3.360,3.340,13131544;
sh600026:6.660,6.220,6.750,6.220,88437477;
sh600027:3.020,3.080,3.090,3.000,28120853;
sh600028:4.450,4.430,4.450,4.410,86949901;
sh600029:5.100,5.140,5.140,5.050,45568923;
sh600030:21.800,21.890,22.190,21.750,110508212;
sh600031:15.380,15.970,16.260,15.180,143347569;
sh600033:2.730,2.700,2.730,2.690,6278700;
sh600035:3.350,3.320,3.480,3.310,35088134;
sh600036:30.010,30.160,30.470,29.880,92897116;
sh600037:8.810,8.730,8.860,8.620,8570506;
sh600038:40.660,40.250,40.850,39.990,3890402;
sh600050:5.160,5.150,5.280,5.140,105780814;
sh600054:8.450,8.350,8.580,8.300,9270819;
sh600055:12.010,12.270,12.670,11.920,15644102;
sh600056:15.180,15.420,15.670,15.050,56436093;
sh600057:4.480,4.430,4.670,4.390,22210906;
sh600059:7.160,7.060,7.210,7.020,3958772;
sh600060:10.090,9.630,10.160,9.600,19575800;
sh600062:12.410,12.320,12.610,12.280,8502370;
sh600064:8.410,8.310,8.460,8.300,9345445;
sh600066:12.300,11.790,12.380,11.770,20032946;
sh600068:6.510,6.620,6.640,6.450,42037937;
sh600072:10.600,10.300,10.650,10.190,8775545;
sh600073:8.280,8.060,8.780,8.030,39348033;
sh600075:4.730,4.630,4.770,4.610,6769192;
sh600085:24.200,24.130,24.390,24.020,5502230;
sh600089:7.480,7.420,7.860,7.330,115931615;
sh600093:11.880,11.930,12.100,11.800,9210972;
sh600097:8.950,8.800,8.950,8.780,1147149;
sh600098:5.890,5.790,5.930,5.760,2286701;
sh600100:8.180,8.040,8.270,8.020,29927059;
sh600104:18.100,17.700,18.400,17.460,51899054;
sh600105:4.630,4.930,4.940,4.630,61749375;
sh600106:2.690,2.670,2.720,2.670,7521737;
sh600109:9.230,9.130,9.330,9.040,51247222;
sh600114:9.550,9.180,9.610,9.080,25193205;
sh600116:7.660,7.540,7.870,7.520,9153730;
sh600118:29.900,28.960,30.440,28.760,30444464;
sh600125:4.830,4.830,4.850,4.790,9496585;
sh600126:6.320,6.280,6.550,6.220,47117775;
sh600129:11.690,11.250,11.690,11.190,4079415;
sh600131:20.370,19.810,21.220,19.800,15334015;
sh600132:42.180,40.970,42.370,40.830,2990304;
sh600133:5.500,5.170,5.600,5.170,36005107;
sh600138:10.400,10.150,10.470,10.100,20629012;
sh600141:9.310,9.270,9.500,9.210,10482930;
sh600143:7.950,7.690,8.050,7.600,68818622;
sh600150:17.810,17.600,17.950,17.480,8156305;
sh600153:7.210,7.050,7.220,7.050,10244334;
sh600158:9.180,8.780,9.220,8.780,23503248;
sh600170:3.140,3.120,3.150,3.100,27561518;
sh600171:18.850,18.100,19.120,17.770,36460764;
sh600176:7.800,7.610,7.850,7.610,47690169;
sh600177:6.460,6.460,6.560,6.410,16868971;
sh600183:27.880,27.740,29.050,27.050,41533167;
sh600195:12.540,12.710,12.950,12.480,16306505;
sh600196:28.760,27.930,29.270,27.820,49741929;
sh600216:18.890,18.560,19.850,18.480,48468204;
sh600217:5.180,5.090,5.200,5.040,8036631;
sh600219:2.070,2.060,2.080,2.050,51692546;
sh600233:10.520,10.540,10.700,10.290,24281025;
sh600252:3.160,3.240,3.290,3.140,37766939;
sh600256:2.600,2.590,2.620,2.580,30341690;
sh600258:14.150,13.940,14.370,13.800,17152301;
sh600260:14.500,14.510,15.350,14.360,84406670;
sh600261:3.720,3.620,3.730,3.620,12525376;
sh600269:3.510,3.470,3.510,3.450,9745200;
sh600271:20.000,20.030,20.380,19.850,10951564;
sh600276:80.000,82.300,82.380,79.310,41520770;
sh600284:6.150,6.070,6.260,6.050,13377182;
sh601658:5.150,5.080,5.180,5.080,30755312;
sh600969:5.880,5.780,5.900,5.770,2148820;
sh600297:3.920,3.790,3.950,3.720,45295620;
sh600298:30.990,30.410,31.330,30.170,8768020;
sh600299:11.820,11.560,12.100,11.500,30300636;
sh600305:17.470,17.990,18.200,17.310,14351408;
sh600309:38.880,38.450,39.350,37.600,36565724;
sh600312:8.610,8.570,9.080,8.540,67338613;
sh600315:26.270,25.100,26.280,25.010,7053284;
sh600316:11.940,11.720,12.140,11.590,11704710;
sh600320:3.200,3.180,3.200,3.170,4965516;
sh600325:6.120,6.060,6.150,6.020,21345745;
sh600332:29.990,29.800,30.380,29.750,8852939;
sh600340:20.880,20.200,21.100,20.180,16341826;
sh600343:8.100,8.150,8.240,8.010,5121153;
sh600345:21.900,22.630,22.870,21.660,11432405;
sh600350:4.190,4.090,4.220,4.070,11843143;
sh600352:12.500,12.250,12.550,12.220,47576718;
sh600361:3.920,3.820,4.030,3.820,53740163;
sh600362:12.180,12.190,12.280,12.150,14168157;
sh600369:4.580,4.580,4.700,4.550,26120908;
sh600372:12.700,12.600,12.860,12.510,6611451;
sh600376:6.350,6.270,6.360,6.260,6979264;
sh600377:9.100,9.300,9.140,9.000,10290725;
sh600380:10.790,10.740,11.060,10.690,16229644;
sh600383:12.400,12.150,12.550,12.110,21230193;
sh600388:9.800,9.680,9.890,9.620,16325001;
sh600390:7.640,7.460,7.750,7.460,16763436;
sh600391:18.300,17.320,18.480,17.320,21675534;
sh600406:19.320,20.000,20.510,19.200,30283976;
sh600410:11.180,11.220,11.620,11.120,61797791;
sh600418:5.020,4.770,5.060,4.750,25521564;
sh600420:9.320,9.410,9.580,9.200,11213955;
sh600422:9.570,9.880,10.070,9.400,22372677;
sh600428:3.160,3.130,3.200,3.130,9157996;
sh600435:7.490,7.260,7.490,7.200,11655978;
sh600436:117.950,117.010,119.930,116.900,3282149;
sh600439:2.880,2.870,2.920,2.850,7658128;
sh600446:17.500,17.250,17.980,17.180,12986516;
sh600452:16.890,16.390,16.890,16.200,2933696;
sh600460:15.920,15.400,16.010,15.200,36283581;
sh600477:3.870,3.740,3.910,3.740,23693873;
sh600482:15.660,15.650,15.960,15.630,3328464;
sh600483:8.180,8.000,8.240,7.970,5514232;
sh600486:61.110,59.880,61.350,59.330,2880812;
sh600487:19.280,19.350,20.000,19.090,93274985;
sh600489:7.490,7.510,7.680,7.440,28923850;
sh600496:3.640,3.560,3.720,3.540,31674740;
sh600497:3.380,3.390,3.400,3.360,26254716;
sh600498:36.950,37.800,39.700,36.830,87676672;
sh600500:5.160,5.150,5.230,5.090,14136873;
sh600507:7.880,7.870,7.880,7.780,10185846;
sh600511:25.220,25.410,25.650,24.900,4712146;
sh600516:9.000,9.000,9.150,8.960,26895530;
sh600519:1000.000,1019.000,1015.000,1004.020,4847210;
sh600522:11.700,11.300,12.170,11.020,232334065;
sh600529:31.280,30.590,31.280,30.200,4724915;
sh600535:13.610,13.810,14.030,13.510,14303327;
sh600536:78.000,74.120,79.880,72.560,18435720;
sh600545:5.480,5.340,5.480,5.310,8174741;
sh600547:29.030,30.000,30.340,29.030,49084344;
sh600548:8.610,8.580,8.700,8.560,5138048;
sh600557:12.530,12.700,12.730,12.250,5334763;
sh600563:45.860,43.870,46.500,43.620,2138407;
sh600565:2.800,2.760,2.800,2.740,14162280;
sh600566:20.900,20.740,21.490,20.600,6807063;
sh600570:85.800,83.860,86.990,83.500,17449524;
sh600571:9.480,9.330,9.560,9.280,9035093;
sh600572:5.190,5.360,5.570,5.130,59501123;
sh600577:2.780,2.770,2.830,2.750,19069042;
sh600578:2.790,2.770,2.800,2.750,4530802;
sh600580:10.780,10.470,10.920,10.250,26145649;
sh600582:2.960,2.930,3.000,2.920,19220619;
sh600583:4.900,4.710,4.900,4.680,36015883;
sh600584:23.030,21.550,23.700,21.550,63428604;
sh600585:50.500,51.730,53.000,50.480,44988549;
sh600588:42.450,41.730,43.740,41.500,24800405;
sh600590:6.240,6.330,6.510,6.210,39518572;
sh600597:10.000,10.300,10.470,10.240,17419773;
sh600598:13.200,14.890,14.750,13.110,129135201;
sh600600:38.160,39.340,38.790,38.000,7367814;
sh600606:5.200,5.220,5.260,5.180,35758887;
sh600611:3.470,3.410,3.480,3.400,7067800;
sh600612:36.000,36.510,36.540,35.810,2258367;
sh600616:4.350,4.270,4.360,4.260,2805985;
sh600618:7.580,7.390,7.660,7.330,4610301;
sh600619:7.910,7.950,8.210,7.860,2712729;
sh600622:3.700,3.480,3.750,3.450,28882712;
sh600633:9.000,8.980,9.120,8.820,8426966;
sh600635:4.020,3.970,4.030,3.960,15093662;
sh600637:9.200,9.150,9.300,9.020,16201966;
sh600642:5.150,5.150,5.170,5.110,10146728;
sh600643:7.850,7.790,7.880,7.760,11217836;
sh600648:14.400,14.330,14.470,14.180,3110832;
sh600650:8.700,8.620,8.800,8.620,1438401;
sh600655:6.860,6.830,6.910,6.800,6017323;
sh600657:3.450,3.380,3.450,3.360,7372229;
sh600658:4.280,4.220,4.280,4.200,2299260;
sh600660:18.850,17.930,18.850,17.860,35848999;
sh600663:10.850,10.770,11.010,10.710,2634748;
sh600667:11.810,11.780,12.260,11.780,88213449;
sh600674:8.640,8.570,8.640,8.510,6488357;
sh600685:11.880,11.930,12.180,11.880,3555530;
sh600686:6.200,6.100,6.200,6.050,2187100;
sh600688:4.140,3.900,4.140,3.850,46458311;
sh600690:14.050,13.850,14.240,13.800,48747254;
sh600699:20.000,19.200,20.200,19.090,50085513;
sh600702:21.740,21.540,21.960,21.410,4285500;
sh600703:22.600,21.730,23.380,21.390,135197279;
sh600704:4.610,4.620,4.670,4.580,20229583;
sh600705:3.950,3.930,3.990,3.920,26716853;
sh600713:4.370,4.370,4.440,4.340,8621301;
sh600717:5.450,5.350,5.450,5.300,6736796;
sh600718:11.890,11.770,12.020,11.700,10688532;
sh600720:12.230,12.890,13.070,12.180,44739461;
sh600723:5.320,5.270,5.380,5.240,4293801;
sh600728:10.500,10.070,10.680,10.330,85255490;
sh600729:25.540,25.300,25.790,25.290,3747108;
sh600733:5.060,4.830,5.100,4.810,26751861;
sh600741:19.990,18.910,19.990,18.840,28442348;
sh600743:2.150,2.120,2.160,2.120,4722890;
sh600749:8.550,8.410,8.600,8.300,4157369;
sh600750:11.380,11.460,11.760,11.380,7186709;
sh600754:24.800,24.190,24.990,24.160,3095844;
sh600760:26.500,26.600,27.150,26.470,10107089;
sh600761:9.070,9.010,9.150,8.910,4834486;
sh600763:94.000,91.480,95.480,91.480,4275177;
sh600765:8.860,8.780,8.890,8.650,9119314;
sh600775:9.490,9.110,9.720,9.030,27900740;
sh600776:17.800,17.650,18.260,17.590,14807818;
sh600779:39.890,39.030,39.890,38.510,3142120;
sh600787:4.390,4.260,4.390,4.230,11781440;
sh600789:9.830,10.000,10.380,10.050,76324118;
sh600790:3.110,3.060,3.110,3.050,10415635;
sh600794:3.260,3.190,3.280,3.180,12149200;
sh600795:2.000,2.010,2.010,2.000,66193675;
sh600797:8.860,8.810,9.070,8.740,18000356;
sh600798:3.100,3.070,3.140,3.050,10724501;
sh600801:22.360,23.090,23.510,22.360,32423447;
sh600803:8.140,8.070,8.150,7.990,9718969;
sh600804:6.400,6.630,6.840,6.340,84540686;
sh600805:4.530,4.400,4.540,4.390,4982141;
sh600809:82.900,80.990,83.000,80.010,3553805;
sh600812:7.050,7.280,7.450,7.000,35600901;
sh600814:4.980,4.730,4.990,4.700,9415200;
sh600816:2.390,2.500,2.410,2.360,83267464;
sh600820:5.550,5.530,5.600,5.500,10957034;
sh600823:3.740,3.730,3.770,3.700,10626792;
sh600826:10.000,9.770,10.010,9.650,1926200;
sh600827:7.480,7.370,7.480,7.330,4954151;
sh600835:13.650,13.780,13.790,13.530,3125261;
sh600837:12.660,12.800,12.910,12.610,85658288;
sh600839:2.860,2.730,2.890,2.710,100082089;
sh600845:45.010,45.250,46.750,44.350,8470686;
sh600848:18.700,18.650,18.900,18.620,3064761;
sh600850:23.800,23.660,24.200,23.410,5640824;
sh600859:12.050,11.840,12.090,11.770,4483060;
sh600872:40.280,41.500,41.360,40.000,9440205;
sh600873:4.230,4.190,4.260,4.190,17922337;
sh600875:8.850,8.630,8.900,8.550,13471272;
sh600884:10.660,10.230,10.740,10.180,19004815;
sh600886:7.460,7.540,7.480,7.410,23695666;
sh600887:27.270,27.510,27.850,27.260,59706011;
sh603551:16.000,15.740,16.170,15.700,1585489;
sh600893:22.680,22.170,22.850,22.010,13627355;
sh600895:12.390,12.090,12.390,12.070,10876569;
sh600897:17.330,17.170,17.330,17.080,963282;
sh600900:16.170,16.520,16.430,16.060,23149127;
sh600958:9.230,9.120,9.340,9.110,27364828;
sh600967:9.660,9.430,9.670,9.420,9967988;
sh600970:5.810,5.860,5.900,5.790,12122981;
sh600975:7.430,7.470,7.780,7.360,16558226;
sh600987:5.500,5.320,5.520,5.300,7677882;
sh600993:14.570,14.480,14.670,14.410,3067430;
sh600995:7.620,7.740,7.830,7.570,9049698;
sh600998:17.800,16.670,17.800,16.670,10153703;
sh600999:16.220,16.300,16.500,16.220,11651839;
sh601003:4.940,4.920,4.940,4.880,5215349;
sh601006:6.710,6.690,6.750,6.690,22525695;
sh601007:8.750,8.500,8.860,8.480,6996485;
sh601009:7.050,7.060,7.120,7.030,26323093;
sh601010:3.180,3.080,3.180,3.080,10067950;
sh601012:22.900,22.270,23.050,22.090,56629076;
sh601018:3.150,3.200,3.200,3.140,25563274;
sh601021:31.500,31.720,32.900,31.230,9654584;
sh601038:5.630,5.580,5.750,5.550,11443097;
sh601088:14.480,14.780,14.790,14.420,24546212;
sh601099:3.360,3.330,3.410,3.310,96256623;
sh601107:3.430,3.420,3.450,3.390,5609142;
sh601111:6.400,6.350,6.480,6.310,58406878;
sh601116:12.320,11.820,12.600,11.820,12521762;
sh601117:5.900,5.800,5.940,5.770,37396694;
sh601137:11.930,11.410,12.070,11.220,10079720;
sh601139:7.400,7.490,7.660,7.270,29011256;
sh601158:5.220,5.200,5.240,5.170,3339681;
sh601166:15.000,15.010,15.200,14.960,85680516;
sh601169:4.790,4.710,4.790,4.700,63593843;
sh601186:9.550,9.510,9.620,9.450,75849326;
sh601198:10.970,10.880,11.020,10.830,15578575;
sh601211:15.830,15.850,15.980,15.750,32138516;
sh601216:2.500,2.450,2.520,2.440,28871458;
sh601231:17.390,16.740,17.790,16.600,31150139;
sh601238:10.490,10.050,10.520,10.000,21588582;
sh601288:3.310,3.280,3.310,3.280,176363185;
sh601360:19.800,19.360,20.170,19.250,24552920;
sh601318:66.000,66.760,67.090,66.000,68407966;
sh601328:5.040,5.020,5.050,5.000,77865695;
sh601333:2.360,2.350,2.370,2.340,25031314;
sh601336:38.080,37.910,38.500,37.880,13265166;
sh601377:6.240,6.230,6.330,6.210,34691218;
sh601390:5.240,5.220,5.260,5.160,51626144;
sh601398:5.000,4.990,5.010,4.980,139989311;
sh601519:7.500,7.330,7.570,7.250,31224375;
sh601555:8.020,7.810,8.050,7.790,55339522;
sh601579:7.570,7.480,7.570,7.450,797300;
sh601588:2.610,2.580,2.620,2.580,8896136;
sh601600:2.910,2.900,2.930,2.890,55995725;
sh601601:26.000,26.370,26.450,26.000,23672369;
sh601607:19.050,18.850,19.650,18.580,62072352;
sh601618:2.580,2.580,2.600,2.540,53716009;
sh601628:24.480,24.330,24.660,24.000,12891379;
sh601633:8.180,7.800,8.200,7.800,19034622;
sh601636:4.810,4.580,4.820,4.570,36763372;
sh601668:5.080,5.110,5.160,5.070,129137248;
sh601669:4.000,3.910,4.000,3.910,31230981;
sh601688:16.930,17.020,17.170,16.900,54083252;
sh601717:5.600,5.510,5.650,5.480,18004718;
sh601718:4.100,4.060,4.220,4.030,64879177;
sh601766:6.210,6.170,6.230,6.150,48360808;
sh601788:11.030,10.950,11.120,10.950,16740785;
sh601800:8.250,8.110,8.360,8.060,67614306;
sh601801:4.820,4.790,4.820,4.740,3586117;
sh601808:12.100,11.720,12.100,11.560,19142238;
sh601857:4.840,4.810,4.840,4.800,106705582;
sh601872:5.880,5.480,5.950,5.480,120615693;
sh601877:22.710,22.600,22.920,22.500,11393614;
sh600663:10.850,10.770,11.010,10.710,2634748;
sh600667:11.810,11.780,12.260,11.780,88213449;
sh600674:8.640,8.570,8.640,8.510,6488357;
sh600685:11.880,11.930,12.180,11.880,3555530;
sh600686:6.200,6.100,6.200,6.050,2187100;
sh600688:4.140,3.900,4.140,3.850,46458311;
sh600690:14.050,13.850,14.240,13.800,48747254;
sh600699:20.000,19.200,20.200,19.090,50085513;
sh600702:21.740,21.540,21.960,21.410,4285500;
sh600703:22.600,21.730,23.380,21.390,135197279;
sh600704:4.610,4.620,4.670,4.580,20229583;
sh600705:3.950,3.930,3.990,3.920,26716853;
sh600713:4.370,4.370,4.440,4.340,8621301;
sh600717:5.450,5.350,5.450,5.300,6736796;
sh600718:11.890,11.770,12.020,11.700,10688532;
sh600720:12.230,12.890,13.070,12.180,44739461;
sh600723:5.320,5.270,5.380,5.240,4293801;
sh600728:10.500,10.070,10.680,10.330,85255490;
sh600729:25.540,25.300,25.790,25.290,3747108;
sh600733:5.060,4.830,5.100,4.810,26751861;
sh600741:19.990,18.910,19.990,18.840,28442348;
sh600743:2.150,2.120,2.160,2.120,4722890;
sh600749:8.550,8.410,8.600,8.300,4157369;
sh600750:11.380,11.460,11.760,11.380,7186709;
sh600754:24.800,24.190,24.990,24.160,3095844;
sh600760:26.500,26.600,27.150,26.470,10107089;
sh600761:9.070,9.010,9.150,8.910,4834486;
sh600763:94.000,91.480,95.480,91.480,4275177;
sh600765:8.860,8.780,8.890,8.650,9119314;
sh600775:9.490,9.110,9.720,9.030,27900740;
sh600776:17.800,17.650,18.260,17.590,14807818;
sh600779:39.890,39.030,39.890,38.510,3142120;
sh600787:4.390,4.260,4.390,4.230,11781440;
sh600789:9.830,10.000,10.380,10.050,76324118;
sh600790:3.110,3.060,3.110,3.050,10415635;
sh600794:3.260,3.190,3.280,3.180,12149200;
sh600795:2.000,2.010,2.010,2.000,66193675;
sh600797:8.860,8.810,9.070,8.740,18000356;
sh600798:3.100,3.070,3.140,3.050,10724501;
sh600801:22.360,23.090,23.510,22.360,32423447;
sh600803:8.140,8.070,8.150,7.990,9718969;
sh600804:6.400,6.630,6.840,6.340,84540686;
sh600805:4.530,4.400,4.540,4.390,4982141;
sh600809:82.900,80.990,83.000,80.010,3553805;
sh600812:7.050,7.280,7.450,7.000,35600901;
sh600814:4.980,4.730,4.990,4.700,9415200;
sh600816:2.390,2.500,2.410,2.360,83267464;
sh600820:5.550,5.530,5.600,5.500,10957034;
sh600823:3.740,3.730,3.770,3.700,10626792;
sh600826:10.000,9.770,10.010,9.650,1926200;
sh600827:7.480,7.370,7.480,7.330,4954151;
sh600835:13.650,13.780,13.790,13.530,3125261;
sh600837:12.660,12.800,12.910,12.610,85658288;
sh600839:2.860,2.730,2.890,2.710,100082089;
sh600845:45.010,45.250,46.750,44.350,8470686;
sh600848:18.700,18.650,18.900,18.620,3064761;
sh600850:23.800,23.660,24.200,23.410,5640824;
sh600859:12.050,11.840,12.090,11.770,4483060;
sh600872:40.280,41.500,41.360,40.000,9440205;
sh600873:4.230,4.190,4.260,4.190,17922337;
sh600875:8.850,8.630,8.900,8.550,13471272;
sh600884:10.660,10.230,10.740,10.180,19004815;
sh600886:7.460,7.540,7.480,7.410,23695666;
sh600887:27.270,27.510,27.850,27.260,59706011;
sh603551:16.000,15.740,16.170,15.700,1585489;
sh600893:22.680,22.170,22.850,22.010,13627355;
sh600895:12.390,12.090,12.390,12.070,10876569;
sh600897:17.330,17.170,17.330,17.080,963282;
sh600900:16.170,16.520,16.430,16.060,23149127;
sh600958:9.230,9.120,9.340,9.110,27364828;
sh600967:9.660,9.430,9.670,9.420,9967988;
sh600970:5.810,5.860,5.900,5.790,12122981;
sh600975:7.430,7.470,7.780,7.360,16558226;
sh600987:5.500,5.320,5.520,5.300,7677882;
sh600993:14.570,14.480,14.670,14.410,3067430;
sh600995:7.620,7.740,7.830,7.570,9049698;
sh600998:17.800,16.670,17.800,16.670,10153703;
sh600999:16.220,16.300,16.500,16.220,11651839;
sh601003:4.940,4.920,4.940,4.880,5215349;
sh601006:6.710,6.690,6.750,6.690,22525695;
sh601007:8.750,8.500,8.860,8.480,6996485;
sh601009:7.050,7.060,7.120,7.030,26323093;
sh601010:3.180,3.080,3.180,3.080,10067950;
sh601012:22.900,22.270,23.050,22.090,56629076;
sh601018:3.150,3.200,3.200,3.140,25563274;
sh601021:31.500,31.720,32.900,31.230,9654584;
sh601038:5.630,5.580,5.750,5.550,11443097;
sh601088:14.480,14.780,14.790,14.420,24546212;
sh601099:3.360,3.330,3.410,3.310,96256623;
sh601107:3.430,3.420,3.450,3.390,5609142;
sh601111:6.400,6.350,6.480,6.310,58406878;
sh601116:12.320,11.820,12.600,11.820,12521762;
sh601117:5.900,5.800,5.940,5.770,37396694;
sh601137:11.930,11.410,12.070,11.220,10079720;
sh601139:7.400,7.490,7.660,7.270,29011256;
sh601158:5.220,5.200,5.240,5.170,3339681;
sh601166:15.000,15.010,15.200,14.960,85680516;
sh601169:4.790,4.710,4.790,4.700,63593843;
sh601186:9.550,9.510,9.620,9.450,75849326;
sh601198:10.970,10.880,11.020,10.830,15578575;
sh601211:15.830,15.850,15.980,15.750,32138516;
sh601216:2.500,2.450,2.520,2.440,28871458;
sh601231:17.390,16.740,17.790,16.600,31150139;
sh601238:10.490,10.050,10.520,10.000,21588582;
sh601288:3.310,3.280,3.310,3.280,176363185;
sh601360:19.800,19.360,20.170,19.250,24552920;
sh601318:66.000,66.760,67.090,66.000,68407966;
sh601328:5.040,5.020,5.050,5.000,77865695;
sh601333:2.360,2.350,2.370,2.340,25031314;
sh601336:38.080,37.910,38.500,37.880,13265166;
sh601377:6.240,6.230,6.330,6.210,34691218;
sh601390:5.240,5.220,5.260,5.160,51626144;
sh601398:5.000,4.990,5.010,4.980,139989311;
sh601519:7.500,7.330,7.570,7.250,31224375;
sh601555:8.020,7.810,8.050,7.790,55339522;
sh601579:7.570,7.480,7.570,7.450,797300;
sh601588:2.610,2.580,2.620,2.580,8896136;
sh601600:2.910,2.900,2.930,2.890,55995725;
sh601601:26.000,26.370,26.450,26.000,23672369;
sh601607:19.050,18.850,19.650,18.580,62072352;
sh601618:2.580,2.580,2.600,2.540,53716009;
sh601628:24.480,24.330,24.660,24.000,12891379;
sh601633:8.180,7.800,8.200,7.800,19034622;
sh601636:4.810,4.580,4.820,4.570,36763372;
sh601668:5.080,5.110,5.160,5.070,129137248;
sh601669:4.000,3.910,4.000,3.910,31230981;
sh601688:16.930,17.020,17.170,16.900,54083252;
sh601717:5.600,5.510,5.650,5.480,18004718;
sh601718:4.100,4.060,4.220,4.030,64879177;
sh601766:6.210,6.170,6.230,6.150,48360808;
sh601788:11.030,10.950,11.120,10.950,16740785;
sh601800:8.250,8.110,8.360,8.060,67614306;
sh601801:4.820,4.790,4.820,4.740,3586117;
sh601808:12.100,11.720,12.100,11.560,19142238;
sh601857:4.840,4.810,4.840,4.800,106705582;
sh601872:5.880,5.480,5.950,5.480,120615693;
sh601877:22.710,22.600,22.920,22.500,11393614;
sh601880:1.720,1.710,1.730,1.710,16986810;
sh601888:73.150,72.150,74.600,71.500,12042046;
sh601890:5.060,5.010,5.140,5.000,7010200;
sh601899:3.370,3.460,3.540,3.330,315355988;
sh601901:7.070,7.000,7.240,6.980,28726470;
sh601919:3.960,3.960,4.030,3.930,24927057;
sh601928:6.630,6.550,6.680,6.500,5394300;
sh601933:9.180,9.310,9.330,9.090,57709853;
sh601939:6.190,6.170,6.200,6.130,95281504;
sh601965:8.100,7.830,8.130,7.750,5301450;
sh601985:4.400,4.340,4.400,4.330,28134412;
sh601988:3.480,3.440,3.480,3.430,82294152;
sh601989:4.130,4.100,4.130,4.080,52202805;
sh601991:2.080,2.040,2.090,2.040,9930989;
sh601992:3.330,3.340,3.380,3.300,45658646;
sh601998:5.130,5.150,5.160,5.100,20749078;
sh603000:18.600,18.300,18.990,18.100,14185060;
sh603005:85.680,85.000,89.890,83.380,14843332;
sh603008:11.740,11.060,11.740,11.050,4430659;
sh603011:5.110,4.860,5.200,4.850,12295395;
sh603019:46.030,43.250,46.380,43.250,53610348;
sh603026:31.810,30.090,31.880,29.740,5422252;
sh603066:9.090,8.720,9.200,8.640,9030000;
sh603100:8.600,8.420,8.690,8.390,5220428;
sh603118:13.980,13.990,14.630,13.800,26208719;
sh603128:5.110,5.060,5.160,5.050,12984859;
sh603169:4.800,4.580,4.860,4.570,13753827;
sh603198:14.900,15.010,15.100,14.810,3510688;
sh603199:21.000,20.710,21.170,20.700,1137200;
sh603288:97.400,102.380,100.950,102.000,7308960;
sh603306:15.000,14.180,15.000,13.950,3265409;
sh603328:10.650,10.340,10.670,10.310,12530341;
sh603338:57.000,57.800,57.400,54.500,5109218;
sh603355:20.250,20.000,20.250,19.870,923947;
sh603368:31.070,30.970,31.390,30.850,1494567;
sh603369:25.800,25.000,26.200,24.800,14868419;
sh603398:8.320,8.250,8.420,8.200,2148860;
sh603589:37.160,36.400,37.500,36.400,4396417;
sh603598:12.150,11.690,12.240,11.550,8611021;
sh603599:14.510,14.460,14.640,14.400,4792755;
sh603606:12.020,11.820,12.110,11.700,17011542;
sh603636:12.160,11.820,12.370,11.700,20788922;
sh603678:24.000,23.020,24.400,22.970,13877813;
sh603686:14.370,14.980,15.240,14.370,16907704;
sh603696:9.900,9.980,10.800,10.010,21714314;
sh603698:10.810,10.690,10.870,10.670,1431040;
sh603699:12.440,12.190,12.440,12.070,1526571;
sh603718:14.680,14.200,14.680,13.940,4123844;
sh603766:3.310,3.260,3.310,3.210,11148061;
sh603799:30.000,29.140,30.370,28.900,35579198;
sh603806:40.000,40.760,40.980,38.830,4489135;
sh603866:42.350,43.160,43.430,41.740,4440242;
sh603883:71.000,70.590,73.200,69.900,2743665;
sh603885:9.870,9.640,9.960,9.580,17441611;
sh603889:5.040,4.910,5.040,4.910,2621798;
sh603898:14.000,13.980,14.190,13.810,879960;
sh603899:42.500,43.470,44.190,42.360,5264293;
sh603939:81.000,82.180,84.400,81.000,2031627;
sh603993:3.470,3.410,3.500,3.390,131989249;
sh603225:10.700,10.720,11.070,10.580,5382433;
sh603195:148.100,142.000,149.420,141.010,3908666;
sh601816:6.170,6.080,6.210,6.080,82958043;
sh600673:7.080,7.010,7.170,6.970,15566700;
sh601916:4.000,3.970,4.010,3.960,35610901;
sh603027:22.600,22.880,23.180,22.340,3109364;
sh603520:54.500,55.300,56.360,54.000,1544064;
sh603868:37.770,35.500,37.770,35.050,1905994;
sh603737:81.900,79.050,85.290,78.320,1969648;
sh601611:6.200,6.100,6.200,6.070,7518997;
sh601127:8.110,8.110,8.190,7.900,2576764;
sh601966:19.800,18.820,19.800,18.810,6980641;
sh603322:19.000,21.590,20.440,18.800,14792222;
sh600919:5.950,5.900,5.960,5.890,26586787;
sh601811:10.600,10.300,10.600,10.250,1745741;
sh600977:12.380,12.260,12.700,12.170,11028635;
sh603986:261.000,246.420,262.000,246.420,11212803;
sh603658:104.830,100.130,105.820,100.110,1972782;
sh603189:25.300,24.860,26.350,24.710,11625954;
sh600908:5.040,5.010,5.050,4.990,7079842;
sh603421:15.430,15.300,15.790,15.210,3918880;
sh603777:12.390,11.960,12.960,11.880,9348583;
sh603816:35.800,34.770,35.800,34.560,1738962;
sh603160:257.500,250.000,262.800,250.000,4247698;
sh603258:28.010,27.830,28.760,27.390,2470419;
sh603290:122.000,117.460,122.800,117.460,3812795;
sh601229:8.110,8.150,8.160,8.080,16772424;
sh603858:19.900,19.810,20.270,19.800,8361996;
sh603727:14.820,14.460,14.820,14.440,2968457;
sh603900:7.500,7.520,7.640,7.470,1150380;
sh600909:7.590,7.600,7.810,7.520,71592837;
sh603990:47.490,46.000,48.730,45.000,1699185;
sh603708:28.390,28.300,28.900,27.900,2095027;
sh603416:35.100,33.110,35.780,33.040,1694758;
sh600996:7.760,7.700,7.890,7.680,6036006;
sh603298:11.980,11.600,12.100,11.580,4922711;
sh603218:17.100,17.050,17.110,16.880,1750968;
sh603929:14.900,14.800,15.290,14.600,2427025;
sh603186:49.000,48.480,50.880,47.860,2661414;
sh603444:397.000,394.680,410.980,386.860,1178146;
sh603228:46.000,43.760,46.560,43.600,6472881;
sh603690:35.740,34.030,36.290,34.030,7894952;
sh603039:71.500,70.120,72.800,69.020,538191;
sh603337:18.340,17.360,18.340,17.210,2286827;
sh601881:9.560,9.390,9.690,9.360,38149859;
sh603881:51.200,54.380,55.000,51.010,11529264;
sh603208:79.790,74.140,79.790,74.140,1436750;
sh600939:3.890,3.850,3.930,3.810,6281409;
sh603501:141.280,136.000,143.860,134.010,6848315;
sh603517:45.900,46.080,46.840,45.750,3550541;
sh603960:29.300,27.630,29.660,27.510,2152180;
sh603630:13.280,13.300,13.890,13.050,6417400;
sh603138:24.000,21.750,24.000,21.750,12044111;
sh603803:13.580,13.910,14.250,13.530,11617877;
sh603232:41.400,40.950,42.780,40.040,2543352;
sh603920:19.720,19.120,20.090,18.850,6431221;
sh603078:43.000,40.940,44.710,40.940,4246013;
sh601200:11.300,11.690,11.880,11.280,15010572;
sh603303:9.180,9.160,9.310,9.090,2526916;
sh603833:89.000,88.650,90.360,87.670,1714944;
sh601228:3.150,3.110,3.160,3.110,6977002;
sh603345:74.580,76.340,76.700,74.500,1967386;
sh601952:8.500,9.290,9.500,8.450,94091121;
sh603383:60.000,58.300,60.310,58.000,1266369;
sh603496:22.800,21.400,22.870,21.020,5175303;
sh603226:17.300,18.130,18.280,16.940,10995200;
sh603980:7.660,7.480,7.720,7.470,4835442;
sh601878:10.180,9.980,10.370,10.100,42696251;
sh603043:26.780,26.820,27.310,26.500,3465242;
sh603801:19.980,19.100,20.270,18.910,3971245;
sh603387:32.040,32.540,33.750,31.880,6842387;
sh603707:46.500,44.770,47.640,44.090,3281428;
sh603825:23.440,22.350,23.990,22.110,3598064;
sh603978:21.280,20.850,21.650,20.750,2002700;
sh603602:22.450,23.970,23.940,22.010,15172144;
sh601326:2.670,2.660,2.680,2.630,6565100;
sh603129:33.710,32.000,33.730,31.800,2423746;
sh601949:5.240,5.180,5.260,5.180,5141511;
sh603127:64.100,62.660,65.400,62.270,2004232;
sh603183:9.260,9.140,9.410,9.110,2322640;
sh603882:50.990,48.620,50.990,48.300,3388334;
sh603277:8.700,8.800,8.810,8.590,1887014;
sh603386:14.110,13.960,14.310,13.880,1813700;
sh603648:8.110,8.120,8.180,8.070,2053300;
sh603321:7.500,7.910,7.640,7.440,5605500;
sh603106:7.180,6.990,7.240,6.900,4261184;
sh603533:19.820,20.600,20.650,19.620,21352807;
sh603363:19.060,18.430,19.310,18.080,12251838;
sh603466:13.080,13.120,13.150,12.890,3859411;
sh601108:10.120,9.980,10.200,10.020,70469122;
sh603607:17.640,17.550,17.840,17.510,722260;
sh603260:25.800,24.890,25.940,24.880,2596335;
sh603289:7.800,7.650,7.800,7.590,1387479;
sh603912:20.790,20.300,21.840,20.300,13384006;
sh603856:10.500,10.710,10.680,10.450,3212096;
sh600903:11.020,10.770,11.210,10.640,8631260;
sh603083:31.000,30.400,31.970,30.010,5459975;
sh603605:104.000,105.360,108.500,100.220,1671070;
sh603619:12.400,12.360,12.480,12.240,4030400;
sh603365:12.940,12.860,13.240,12.800,1497800;
sh603711:25.560,25.870,26.390,25.350,4096836;
sh603848:11.980,11.860,12.100,11.830,799030;
sh600025:3.500,3.560,3.570,3.480,29459040;
sh603283:44.090,41.460,45.790,41.460,4105500;
sh603329:11.000,10.720,11.080,10.590,1163822;
sh603080:12.530,12.700,13.200,12.530,1824800;
sh601155:27.300,27.030,28.010,27.000,22300860;
sh603180:59.380,57.430,59.380,57.410,590427;
sh603056:10.020,9.730,10.080,9.670,4556500;
sh601828:9.820,9.560,9.860,9.560,7296623;
sh601838:7.420,7.380,7.460,7.380,13181759;
sh603156:24.300,23.960,24.520,23.900,1719267;
sh600901:5.100,5.040,5.130,5.030,12049202;
sh603214:36.400,38.460,39.600,36.390,3103939;
sh603259:88.500,86.600,90.140,85.680,22778457;
sh603486:19.650,18.660,19.980,18.450,4162482;
sh601138:13.100,12.520,13.180,12.510,94143376;
sh601330:9.500,9.240,9.610,9.240,12813000;
sh601066:30.050,29.100,30.700,28.810,31994683;
sh601869:36.120,36.510,38.290,36.010,7183578;
sh601577:7.720,7.660,7.770,7.630,10609927;
sh601162:5.690,5.400,5.770,5.360,115437200;
sh603220:21.220,22.110,22.470,21.020,13751122;
sh601319:6.200,6.180,6.260,6.150,35136966;
sh603187:32.000,32.020,32.330,31.520,1485720;
sh601860:4.490,4.260,4.520,4.260,76241470;
sh603121:15.390,14.940,15.520,14.840,2580720;
sh603739:21.620,21.620,22.150,21.600,1961000;
sh601598:3.430,3.360,3.440,3.340,24066290;
sh600928:5.620,5.500,5.620,5.500,11586614;
sh603068:90.000,86.460,91.500,86.000,2481331;
sh600968:2.310,2.270,2.310,2.270,29967356;
sh601698:15.200,14.720,15.470,14.560,22013112;
sh603236:188.000,186.090,196.500,185.050,1133076;
sh603983:65.480,64.220,66.490,63.900,1548404;
sh603613:100.000,97.280,104.630,100.520,2008402;
sh603267:51.590,48.180,51.600,48.180,4802400;
sh603093:21.880,21.330,22.200,20.750,5472827;
sh603927:60.300,58.120,60.800,57.780,2166511;
sz000006:4.510,4.450,4.560,4.420,9006940;
sz000007:8.200,8.230,8.240,8.080,3809500;
sz000008:3.170,3.080,3.200,3.080,46366408;
sz000009:6.200,5.780,6.200,5.770,106769662;
sz000011:8.100,8.230,8.210,8.050,5842796;
sz000017:3.720,3.570,3.810,3.530,9216679;
sz000023:14.110,14.850,14.800,13.920,8818109;
sz000025:18.030,18.020,18.250,17.660,2429841;
sz000028:38.840,38.450,38.980,38.310,1767467;
sz000036:3.450,3.410,3.460,3.410,5207240;
sz000038:8.510,9.240,9.650,8.510,18140629;
sz000045:7.340,6.920,7.340,6.790,12730716;
sz000050:14.000,13.610,14.140,13.440,19293806;
sz000055:4.000,3.890,4.000,3.880,4406800;
sz000058:6.220,6.110,6.280,6.100,8197662;
sz000059:5.520,5.460,5.540,5.430,10268307;
sz000061:6.000,6.150,6.250,5.920,27077749;
sz000068:3.170,3.090,3.190,3.080,9773400;
sz000078:4.760,4.670,4.940,4.650,80923220;
sz000150:4.820,4.970,5.120,4.770,48167945;
sz000151:8.000,7.900,8.040,7.870,2453018;
sz000155:3.980,3.940,4.020,3.940,7066000;
sz000301:4.750,4.690,4.750,4.670,5928934;
sz000402:6.500,6.410,6.530,6.390,7658548;
sz000415:2.990,2.890,2.990,2.890,22998558;
sz000416:4.520,4.450,4.600,4.380,7968620;
sz000421:4.060,4.070,4.080,4.020,2737320;
sz000430:5.050,4.890,5.080,4.830,7915587;
sz000498:5.150,5.020,5.150,5.000,14158389;
sz000501:11.050,10.680,11.050,10.610,11568676;
sz000503:13.610,13.620,13.800,13.260,13275705;
sz000505:5.780,5.940,6.000,5.650,31221261;
sz000506:2.590,2.580,2.640,2.570,14101445;
sz000507:5.050,5.030,5.120,5.020,6918038;
sz000510:4.020,3.920,4.030,3.920,8533300;
sz000514:3.990,3.970,4.100,3.960,8116886;
sz000517:2.570,2.550,2.610,2.550,10252463;
sz000518:4.900,4.830,5.070,4.810,25736309;
sz000523:6.450,6.210,6.470,6.200,6686734;
sz000525:8.200,8.180,8.350,8.040,13473899;
sz000526:47.660,44.400,48.330,44.070,2568329;
sz000529:6.230,6.130,6.250,6.100,6888871;
sz000530:3.830,3.710,3.840,3.690,8485679;
sz000531:5.850,5.870,5.900,5.780,2587649;
sz000532:10.110,9.990,10.220,10.050,5399889;
sz000533:2.660,2.600,2.680,2.590,13444100;
sz000536:2.120,2.060,2.120,2.040,19701840;
sz000537:6.530,6.490,6.630,6.480,9365007;
sz000540:3.320,3.240,3.360,3.230,47436541;
sz000543:3.870,3.840,3.880,3.830,13841287;
sz000544:5.910,5.800,5.910,5.780,3652800;
sz000548:3.720,3.680,3.740,3.650,3390121;
sz000551:8.050,7.800,8.200,7.800,12822677;
sz000557:2.760,2.700,2.810,2.680,5431000;
sz000565:4.610,4.530,4.610,4.510,3084890;
sz000566:7.820,7.670,7.980,7.640,19994733;
sz000573:2.700,2.610,2.700,2.610,6959736;
sz000576:6.020,5.900,6.060,5.900,3958100;
sz000586:10.840,12.160,12.370,10.800,38969572;
sz000589:3.800,3.770,3.840,3.750,7932607;
sz000590:9.650,10.890,9.890,9.300,7513566;
sz000591:3.320,3.260,3.370,3.260,24720275;
sz000592:2.380,2.310,2.380,2.310,49330529;
sz000593:4.890,4.800,4.910,4.800,2465300;
sz000598:4.770,4.740,4.900,4.730,31278859;
sz000599:3.880,3.750,3.880,3.740,5000200;
sz000607:4.110,4.030,4.110,4.010,2534939;
sz000608:5.110,5.060,5.190,5.010,2414997;
sz000610:9.940,9.770,10.500,10.060,47357515;
sz000612:3.500,3.550,3.540,3.470,5512962;
sz000613:6.630,6.500,7.320,6.410,23879451;
sz000615:4.360,4.360,4.450,4.360,19098500;
sz000616:2.340,2.270,2.350,2.260,8369368;
sz000620:2.850,2.810,2.880,2.800,8156700;
sz000622:4.200,4.160,4.220,4.130,7224400;
sz000623:15.360,15.280,15.470,15.230,8550202;
sz000626:7.200,7.170,7.250,7.100,2494068;
sz000628:9.010,8.800,9.070,8.800,2538301;
sz000629:2.230,2.200,2.240,2.190,24604240;
sz000631:2.530,2.500,2.550,2.490,2501679;
sz000637:4.200,4.130,4.270,4.110,7413797;
sz000639:4.800,4.570,4.820,4.550,15235660;
sz000650:6.270,6.260,6.500,6.210,34921584;
sz000652:10.300,9.030,10.450,9.030,198424353;
sz000655:5.050,4.920,5.060,4.910,9950241;
sz000656:6.950,7.070,7.110,6.890,38282330;
sz000657:5.470,5.330,5.500,5.320,3938287;
sz000659:2.200,2.170,2.210,2.150,7502101;
sz000662:3.340,3.310,3.390,3.300,18517562;
sz000663:4.130,4.040,4.190,4.020,20665335;
sz000665:5.600,5.530,5.690,5.480,12576303;
sz000666:9.850,9.610,9.910,9.590,5130430;
sz000667:2.810,2.830,2.820,2.780,26992010;
sz000668:11.180,11.000,11.320,10.880,1156700;
sz000669:2.450,2.370,2.450,2.360,9214420;
sz000672:19.690,20.020,20.720,19.580,24739085;
sz000673:3.110,2.960,3.110,2.950,14773900;
sz000677:3.260,3.190,3.270,3.180,9052997;
sz000680:3.330,3.270,3.350,3.260,13678141;
sz000682:5.670,5.750,6.120,5.610,75279912;
sz000685:7.500,7.470,7.520,7.450,4186365;
sz000686:8.450,8.300,8.540,8.210,32738213;
sz000687:4.080,3.880,4.090,3.840,12687162;
sz000690:5.240,5.220,5.310,5.210,8220188;
sz000691:3.850,3.950,4.020,3.830,4494353;
sz000695:7.500,7.400,7.590,7.380,792592;
sz000697:9.570,9.240,9.630,9.190,6169506;
sz000700:9.300,8.920,9.400,8.920,76618137;
sz000701:4.350,4.370,4.360,4.260,10460894;
sz000702:4.900,4.850,4.940,4.840,5775941;
sz000703:11.900,11.620,11.900,11.390,10226713;
sz000705:7.040,7.120,7.240,7.000,6432342;
sz000710:36.910,35.960,37.880,35.330,5549963;
sz000711:3.840,3.730,3.840,3.720,8022440;
sz000713:7.850,8.280,8.220,7.810,28203750;
sz000716:3.850,3.710,4.000,3.700,32851109;
sz000718:3.030,3.010,3.030,2.970,8770602;
sz000719:6.860,6.740,6.860,6.720,2247755;
sz000721:5.480,5.310,5.880,5.200,131787513;
sz000722:5.700,5.630,5.710,5.630,2548500;
sz000727:1.730,1.690,1.730,1.680,28724900;
sz000735:10.140,10.080,10.620,10.000,68420312;
sz002324:16.600,16.520,17.560,16.410,20580147;
sz000753:2.680,2.620,2.690,2.610,4070400;
sz000755:3.780,3.700,3.780,3.670,4771212;
sz000756:11.500,11.120,11.900,10.880,41968635;
sz000758:4.270,4.220,4.310,4.200,15876245;
sz000759:6.490,6.140,6.490,6.110,4494578;
sz000762:6.800,6.710,6.900,6.670,7313372;
sz000766:5.630,5.780,5.870,5.630,10174260;
sz000778:3.450,3.400,3.460,3.380,20724309;
sz000779:9.600,9.370,9.740,9.310,1906201;
sz000783:6.400,6.340,6.490,6.270,50164520;
sz000789:11.080,11.350,11.410,11.010,22736927;
sz000790:5.160,5.100,5.350,5.100,15681767;
sz000791:3.560,3.990,3.990,3.500,112681217;
sz000793:3.070,3.000,3.090,2.980,34726269;
sz000795:4.790,4.700,4.830,4.660,14309832;
sz000797:3.390,3.300,3.430,3.280,20245497;
sz000798:5.440,5.520,5.500,5.360,3039688;
sz000799:26.510,26.110,27.050,25.970,8039500;
sz000800:8.410,8.240,8.520,8.220,7551081;
sz000802:10.400,10.100,10.420,10.080,10628465;
sz000807:3.950,3.900,3.960,3.880,28395546;
sz000810:11.680,11.400,11.850,11.300,18255513;
sz000812:2.950,2.910,2.970,2.900,8710750;
sz000813:5.110,5.040,5.150,5.010,16144762;
sz000815:7.410,7.680,7.770,7.410,16049962;
sz000825:3.290,3.240,3.300,3.240,19759594;
sz000828:7.050,6.900,7.050,6.850,4022924;
sz000829:5.130,5.110,5.220,5.070,5974565;
sz000830:7.900,7.710,7.900,7.710,19518990;
sz000831:9.230,9.130,9.320,9.080,11057010;
sz000836:3.800,4.150,4.150,3.800,154583708;
sz000839:3.200,3.120,3.200,3.110,30466349;
sz000851:6.950,7.070,7.320,6.920,64473300;
sz000856:11.100,10.980,11.450,10.910,13397600;
sz000859:4.820,4.750,4.870,4.730,15921537;
sz000863:4.270,4.090,4.270,4.070,7784166;
sz000877:11.160,11.530,11.630,11.030,33296423;
sz000878:9.300,9.420,9.540,9.290,15341064;
sz000880:7.100,7.260,7.330,7.020,2659175;
sz000881:7.400,7.080,7.400,7.040,8432109;
sz000886:4.620,4.610,4.830,4.500,38565888;
sz000889:8.030,9.110,8.670,8.020,9570394;
sz000890:4.190,4.180,4.300,4.170,5069400;
sz000900:3.830,3.790,3.830,3.770,5942786;
sz000901:9.750,9.700,9.950,9.600,10719588;
sz000903:3.390,3.380,3.520,3.310,66222700;
sz000905:6.140,6.010,6.180,5.990,5088918;
sz000908:3.400,3.580,3.650,3.320,48396666;
sz000909:9.050,10.300,10.300,10.300,21320193;
sz000912:4.000,3.990,4.040,3.980,5017300;
sz000913:9.560,9.970,9.740,9.560,4629398;
sz000915:22.110,21.500,22.670,21.000,4656683;
sz000917:6.300,6.110,6.440,6.070,29310310;
sz000929:6.310,6.370,6.380,6.250,1522960;
sz000930:6.500,7.190,7.090,6.400,68472755;
sz000931:8.730,8.580,8.840,8.500,13669849;
sz000935:12.900,12.730,13.090,12.730,5363355;
sz000948:11.580,11.560,11.820,11.520,9562346;
sz000949:3.640,3.390,3.670,3.350,30976509;
sz000950:5.270,5.410,5.400,5.210,12062326;
sz000952:10.180,10.600,10.660,10.010,12177265;
sz000959:2.910,2.900,2.930,2.890,9558087;
sz000975:12.030,12.150,12.590,12.030,31797612;
sz000976:4.660,4.470,4.720,4.440,24770756;
sz000990:12.810,12.460,13.150,12.420,9731631;
sz000996:8.220,8.130,8.260,8.090,6880186;
sz001696:5.440,5.190,5.460,5.120,20094956;
sz001896:3.360,3.420,3.360,3.300,19004123;
sz002004:4.830,4.840,4.930,4.790,17841963;
sz002009:7.680,7.710,7.950,7.620,5501000;
sz002012:5.890,5.960,5.950,5.810,21055200;
sz002016:6.870,6.700,6.870,6.700,4617769;
sz002017:12.500,12.650,12.920,12.410,8571243;
sz002022:16.460,16.680,17.450,16.200,56860954;
sz002023:17.000,16.070,17.300,16.070,64059490;
sz002028:18.850,18.140,19.260,17.900,42593327;
sz002034:13.030,12.940,13.130,12.850,2105313;
sz002037:6.110,6.180,6.130,6.040,3418260;
sz002045:9.630,9.390,9.780,9.300,12003151;
sz002052:2.770,2.700,2.790,2.700,7486300;
sz002053:6.430,6.350,6.430,6.320,1425102;
sz002054:6.540,6.200,6.620,6.160,13230087;
sz002057:6.600,6.500,6.620,6.490,9778913;
sz002058:18.000,17.480,18.000,16.910,1632282;
sz002061:5.050,4.990,5.110,4.970,11773908;
sz002064:4.930,4.890,5.100,4.840,30760873;
sz002066:8.200,8.000,8.360,7.990,3028876;
sz002073:4.240,4.150,4.290,4.100,11647855;
sz002076:2.770,2.820,2.950,2.730,85582428;
sz002077:6.110,5.960,6.220,5.930,14428217;
sz002079:10.750,10.190,10.980,10.080,27369909;
sz002082:10.000,9.460,10.000,9.440,4589228;
sz002083:7.450,7.450,7.500,7.170,16822100;
sz002084:5.150,5.050,5.180,5.040,2603500;
sz002093:10.580,11.810,11.810,10.580,144936955;
sz002098:5.960,6.160,6.320,5.800,9855132;
sz002103:4.300,4.200,4.340,4.160,16143705;
sz002104:6.770,6.670,6.890,6.670,10476519;
sz002107:12.490,11.340,12.850,11.340,14663900;
sz002108:3.460,3.340,3.460,3.300,12384121;
sz002109:3.070,3.020,3.070,3.020,3561200;
sz002112:7.400,7.710,7.990,7.320,25107342;
sz002114:6.530,6.680,6.780,6.530,3579601;
sz002118:5.480,5.420,5.690,5.380,24503684;
sz002119:13.560,12.810,13.750,12.620,18282716;
sz002123:14.300,14.140,14.750,14.050,14225903;
sz002124:10.660,10.190,10.820,10.060,40214756;
sz002127:10.040,10.200,10.190,10.130,21629231;
sz002130:4.700,4.530,4.730,4.520,13966689;
sz002133:3.010,2.960,3.010,2.960,6654340;
sz002134:9.200,8.690,9.300,8.660,9490101;
sz002136:7.840,7.990,8.120,7.790,5366144;
sz002137:7.420,7.320,7.480,7.280,10326505;
sz002145:4.010,3.970,4.050,3.950,12864029;
sz002146:7.210,7.200,7.360,7.170,29795126;
sz002148:4.730,4.720,4.810,4.670,8901845;
sz002149:6.770,6.730,6.890,6.670,5048080;
sz002150:5.800,6.580,6.580,5.690,16525344;
sz002155:6.980,7.030,7.140,6.940,21391713;
sz002159:10.820,10.450,10.820,10.430,2441379;
sz002161:10.010,9.710,10.180,9.650,23382964;
sz002162:3.320,3.210,3.350,3.200,13292040;
sz002166:7.970,7.870,8.300,7.830,16872750;
sz002167:5.750,5.770,5.750,5.610,8436366;
sz002168:7.380,7.370,7.480,7.310,9207120;
sz002170:3.590,3.580,3.600,3.520,12091825;
sz002172:3.460,3.240,3.530,3.200,34413879;
sz002173:5.520,5.250,5.550,5.210,3884811;
sz002174:22.220,22.400,23.080,22.220,36424367;
sz002176:2.320,2.280,2.350,2.280,27804032;
sz002177:4.510,4.430,4.550,4.420,11928233;
sz002178:4.170,4.380,4.530,4.140,55005295;
sz002182:9.890,9.550,9.970,9.530,18378564;
sz002183:4.180,4.120,4.230,4.070,32986652;
sz002184:13.580,14.000,14.390,13.580,28142011;
sz002186:10.030,9.840,10.150,9.800,7499435;
sz002192:15.750,15.340,16.000,15.200,4203700;
sz002196:5.040,4.910,5.040,4.910,3241800;
sz002197:9.000,8.930,9.240,8.680,29602555;
sz002199:8.850,8.660,8.960,8.580,4422511;
sz002201:14.500,13.800,14.560,13.710,6621082;
sz002208:6.680,6.510,6.760,6.510,7639480;
sz002211:5.370,5.240,5.370,5.240,3305800;
sz002212:25.980,25.500,26.630,25.300,12903032;
sz002213:14.550,14.630,14.740,14.300,2294232;
sz002218:3.270,3.120,3.280,3.120,26455900;
sz002219:2.160,2.250,2.170,2.130,32394610;
sz002221:9.100,8.440,9.100,8.350,40959343;
sz002224:6.830,6.730,6.930,6.650,14879707;
sz002225:3.890,3.860,3.940,3.860,2340521;
sz002226:4.650,4.620,4.680,4.610,6673240;
sz002227:13.880,13.500,13.990,13.310,10073541;
sz002228:3.330,3.320,3.390,3.300,6923339;
sz002229:7.060,6.770,7.170,6.730,11071564;
sz002231:7.880,8.440,8.590,7.810,36217372;
sz002232:9.290,8.920,9.600,8.790,8830658;
sz002234:25.700,25.010,25.970,24.880,9545643;
sz002235:8.580,8.390,8.680,8.320,20066308;
sz002239:3.600,3.530,3.690,3.460,154587380;
sz002240:8.670,8.220,8.750,8.110,12473400;
sz002243:12.440,12.550,12.670,12.330,4812918;
sz002245:4.130,4.070,4.170,4.050,12652103;
sz002246:7.230,7.120,7.380,7.110,6815700;
sz002247:2.150,2.100,2.150,2.100,6827600;
sz002248:8.350,8.050,8.470,8.050,3704100;
sz002250:14.070,13.470,14.140,13.360,8775151;
sz002256:2.120,2.040,2.130,2.030,21203220;
sz002261:9.700,9.940,10.400,10.060,91035255;
sz002262:10.190,10.200,10.440,10.120,6454697;
sz002264:4.130,4.040,4.220,4.030,11334700;
sz002265:8.110,7.930,8.240,7.780,11162792;
sz002266:3.700,3.660,3.730,3.640,10191659;
sz002267:5.810,5.760,5.840,5.750,3220500;
sz002270:5.200,5.330,5.690,5.150,43072704;
sz002975:132.000,126.400,133.690,126.400,3154665;
sz002278:6.000,6.010,6.080,5.930,5367000;
sz002280:2.640,2.660,2.640,2.570,70505410;
sz002282:6.910,6.840,7.010,6.820,1661840;
sz002286:8.370,8.370,8.400,8.370,6792700;
sz002288:5.030,4.730,5.110,4.690,37431602;
sz002291:22.670,22.000,22.840,21.500,27491341;
sz002292:6.880,6.760,6.920,6.640,10230749;
sz002295:6.400,6.090,6.440,5.990,6964658;
sz002296:7.810,7.590,7.940,7.570,16616918;
sz002297:5.500,5.320,5.510,5.280,4929545;
sz002298:8.700,8.410,8.770,8.390,12032600;
sz002303:4.750,4.740,4.850,4.700,16003623;
sz002308:6.870,7.110,7.110,6.470,26473730;
sz002309:7.620,8.230,8.230,7.500,59214565;
sz002310:5.800,5.930,5.930,5.730,55337032;
sz002312:4.410,4.250,4.490,4.220,24509095;
sz002313:18.950,18.630,19.350,18.600,6392510;
sz002314:2.670,2.630,2.680,2.620,6918600;
sz002316:7.060,7.180,7.230,7.010,8199451;
sz002317:12.320,12.400,13.230,12.260,56899373;
sz002318:7.480,7.310,7.600,7.300,13074325;
sz002319:7.140,6.970,7.250,6.950,1929902;
sz002320:15.600,16.170,16.780,15.440,40582547;
sz002326:12.700,11.960,12.920,11.960,45978939;
sz002329:4.770,4.960,5.000,4.660,36749509;
sz002330:6.010,5.930,6.090,5.900,4122500;
sz002332:12.500,12.470,13.300,12.370,62655789;
sz002334:4.750,4.600,4.840,4.480,37710314;
sz002335:23.140,24.650,24.500,23.140,14095500;
sz002338:15.110,15.400,15.920,14.840,17074423;
sz002339:8.170,7.860,8.580,7.540,80359670;
sz002341:6.520,6.450,6.730,6.330,49975800;
sz002342:3.500,3.720,3.680,3.450,58242749;
sz002345:3.400,3.350,3.410,3.340,5630800;
sz002346:10.710,10.380,10.780,10.350,2548250;
sz002347:4.230,4.280,4.290,4.200,8469297;
sz002348:3.000,2.960,3.020,2.940,7505140;
sz002349:6.310,6.310,6.310,6.310,17567543;
sz002350:6.060,6.100,6.340,6.060,21524535;
sz002354:2.280,2.230,2.290,2.220,7333180;
sz002358:7.280,7.060,7.440,6.800,38865848;
sz002360:5.070,5.120,5.130,5.060,2788806;
sz002361:4.140,4.080,4.200,4.060,7567800;
sz002362:17.000,17.100,17.400,16.680,4661405;
sz002363:8.690,9.020,8.830,8.500,17449438;
sz002364:14.370,14.470,15.410,14.270,25803329;
sz002366:5.120,5.040,5.130,4.990,12246132;
sz002369:10.960,10.930,11.850,10.800,45904102;
sz002370:5.290,5.110,5.440,5.100,16675830;
sz002378:4.120,4.050,4.120,4.030,5257100;
sz002379:3.570,3.430,3.600,3.410,11890985;
sz002380:13.810,13.940,14.170,13.790,2567500;
sz002381:7.660,7.380,7.680,7.340,7535600;
sz002385:6.990,7.070,7.380,6.890,183578815;
sz002387:11.170,10.860,11.350,10.830,9271420;
sz002389:12.140,11.810,12.300,11.670,15553283;
sz002390:5.090,4.880,5.170,4.860,26040082;
sz002391:8.300,8.370,8.460,8.200,21107177;
sz002392:3.570,3.440,3.580,3.420,9724900;
sz002395:23.500,22.650,23.500,22.470,885239;
sz002397:4.450,4.460,4.620,4.400,6698291;
sz002399:19.890,20.680,21.360,19.630,11507567;
sz002400:2.810,2.770,2.820,2.760,24604738;
sz002401:11.790,12.180,12.560,11.710,18907359;
sz002402:13.330,12.740,13.550,12.590,43486590;
sz002403:8.160,8.000,8.200,7.980,1503071;
sz002406:6.000,6.000,6.200,5.950,23018829;
sz002407:11.000,10.670,11.160,10.500,26383563;
sz002408:5.820,5.670,5.830,5.650,6311923;
sz002409:35.800,33.900,36.430,33.900,16393154;
sz002410:40.200,40.900,40.200,38.820,11202076;
sz002411:9.920,9.690,10.190,9.650,31728074;
sz002412:7.500,7.710,7.680,7.480,3588419;
sz002413:7.700,7.390,7.940,7.270,45210420;
sz002416:6.180,5.980,6.180,5.870,13710597;
sz002417:6.960,6.460,6.960,6.420,14170555;
sz002418:2.360,2.280,2.390,2.270,19174700;
sz002426:2.770,2.780,3.030,2.700,583628398;
sz002429:4.590,4.400,4.680,4.360,91863292;
sz002430:12.000,11.420,12.060,11.310,10590586;
sz002431:2.640,2.590,2.700,2.590,14384783;
sz002433:4.600,4.550,4.650,4.500,10047458;
sz002437:2.440,2.730,2.470,2.400,69059228;
sz002438:7.150,7.020,7.210,7.000,2447882;
sz002446:8.750,8.580,9.010,8.580,48524985;
sz002448:5.160,5.110,5.300,5.060,23427709;
sz002451:10.000,9.710,10.290,10.000,29994784;
sz002452:6.510,6.670,7.100,6.510,19764627;
sz002453:4.510,4.390,4.560,4.350,5359700;
sz002454:4.940,4.800,4.940,4.780,5181856;
sz002457:7.620,7.650,7.870,7.620,6767055;
sz002459:12.680,12.050,12.780,12.020,12481157;
sz002464:5.380,5.280,5.410,5.250,6731219;
sz002466:22.100,20.900,22.200,20.900,62691801;
sz002467:6.790,6.670,6.970,6.630,46620697;
sz002469:4.270,4.220,4.330,4.200,6247902;
sz002471:2.690,2.990,2.860,2.660,166810715;
sz002472:4.930,4.810,4.930,4.800,3971000;
sz002474:8.070,7.740,8.140,7.690,10195700;
sz002476:6.670,6.580,6.790,6.580,5632860;
sz002478:5.080,5.080,5.090,5.020,3952855;
sz002480:4.200,4.100,4.280,4.030,15864537;
sz002481:10.300,10.090,10.830,10.170,38547783;
sz002483:4.860,4.720,5.020,4.650,19091036;
sz002486:3.600,3.530,3.670,3.530,24690300;
sz002489:4.330,4.150,4.330,4.100,40768153;
sz002490:3.500,3.720,3.720,3.450,25496909;
sz002491:6.390,6.640,6.610,6.310,41303689;
sz002492:5.120,5.000,5.180,5.000,11405549;
sz002493:10.400,10.370,10.520,10.230,6342176;
sz002495:2.610,2.560,2.610,2.560,4353091;
sz002496:2.510,2.520,2.590,2.480,14901940;
sz002497:7.210,6.970,7.270,6.900,32681920;
sz002498:3.900,3.900,4.080,3.780,156782395;
sz002502:3.150,3.190,3.300,3.100,17856204;
sz002503:3.850,3.460,3.880,3.460,302481123;
sz002504:2.580,2.530,2.590,2.510,4701686;
sz002505:1.780,1.870,1.830,1.770,141440104;
sz002506:5.000,4.890,5.020,4.870,92599103;
sz002967:34.010,33.270,34.300,33.150,2906973;
sz002512:5.350,5.190,5.400,5.150,18900218;
sz002513:5.250,5.160,5.300,5.140,2672700;
sz002514:4.600,4.670,4.630,4.520,6005698;
sz002515:5.620,5.370,5.810,5.360,52632030;
sz002517:2.890,2.820,2.930,2.810,37938246;
sz002519:4.820,4.610,4.900,4.500,57773305;
sz002520:6.400,6.390,6.500,6.340,1919432;
sz002523:2.520,2.450,2.520,2.450,5954072;
sz002524:7.640,7.900,8.460,7.640,17057853;
sz002526:2.220,2.230,2.290,2.200,43345725;
sz002527:5.520,5.420,5.580,5.410,5834100;
sz002528:4.910,4.800,4.960,4.800,12080910;
sz002530:10.890,10.450,10.920,10.320,11503700;
sz002532:5.470,5.570,5.660,5.450,3299779;
sz002538:4.500,4.540,4.580,4.460,9854341;
sz002540:4.390,4.310,4.420,4.250,9476254;
sz002541:16.230,15.140,16.650,15.140,15631114;
sz002544:15.700,15.010,15.970,15.000,11730060;
sz002545:7.050,7.550,7.600,7.050,36266241;
sz002548:8.500,8.320,8.680,8.200,12721618;
sz002550:4.480,4.430,4.560,4.420,5191919;
sz002551:9.900,8.780,10.100,8.740,113830937;
sz002552:16.080,15.680,16.480,15.510,4561720;
sz002553:4.800,4.710,4.830,4.690,2993000;
sz002554:2.680,2.640,2.680,2.620,6952400;
sz002562:6.440,6.440,6.910,6.330,71409744;
sz002564:4.100,4.280,4.150,4.080,11922204;
sz002575:6.900,6.720,7.000,6.720,5335801;
sz002576:11.700,10.740,12.500,10.480,26311651;
sz002577:9.780,9.740,9.930,9.680,3405795;
sz002581:13.200,13.210,13.630,12.830,55048551;
sz002584:7.130,6.640,7.290,6.640,55977251;
sz002585:5.620,5.490,5.820,5.480,60258571;
sz002587:6.710,6.550,6.750,6.550,8250600;
sz002591:7.670,7.490,7.780,7.450,3616256;
sz002592:9.230,8.970,9.350,8.950,4008600;
sz002596:8.000,7.960,8.610,7.880,69546695;
sz002605:25.480,25.280,26.180,25.000,8832997;
sz002610:1.630,1.660,1.720,1.620,147031883;
sz002615:5.350,5.350,5.350,5.350,3702035;
sz002616:8.570,8.460,8.580,8.430,5366618;
sz002617:5.600,5.340,5.780,5.310,46469940;
sz002618:10.780,10.350,10.920,10.310,10226719;
sz002619:2.350,2.300,2.360,2.290,18783940;
sz002622:3.200,3.080,3.220,3.070,13866100;
sz002623:29.700,27.650,29.700,27.470,5353501;
sz002624:46.700,47.450,48.990,46.500,14495251;
sz002625:7.700,7.530,7.700,7.490,12672028;
sz002627:8.850,8.580,8.900,8.490,1722804;
sz002630:2.240,2.190,2.260,2.180,18602040;
sz002631:7.400,7.190,7.440,7.130,3893180;
sz002634:5.150,5.050,5.150,5.010,6444503;
sz002636:8.070,7.850,8.100,7.800,7084139;
sz002637:11.810,12.090,12.150,11.800,19080423;
sz002638:2.970,2.970,3.030,2.920,21865534;
sz002639:7.800,7.860,7.950,7.720,17902253;
sz002641:5.330,5.230,5.370,5.210,6539039;
sz002644:8.480,8.640,8.720,8.270,18557602;
sz002650:3.560,3.440,3.590,3.420,22020271;
sz002651:4.660,4.740,4.870,4.610,13165627;
sz002652:3.570,3.580,3.590,3.520,4458035;
sz002653:18.450,18.080,19.140,18.000,3704215;
sz002654:4.370,4.270,4.400,4.230,9926700;
sz002656:2.120,2.060,2.120,2.050,6418784;
sz002658:6.320,6.140,6.320,6.120,1862205;
sz002659:5.460,5.450,5.480,5.320,6062973;
sz002660:9.130,8.780,9.280,8.730,9528500;
sz002662:2.700,2.580,2.730,2.510,29439805;
sz002663:2.440,2.380,2.480,2.370,11927685;
sz002664:13.880,13.680,13.940,13.600,2840646;
sz002665:2.990,2.870,3.030,2.850,75334201;
sz002669:13.900,13.370,14.110,13.360,11630553;
sz002670:9.760,9.560,9.860,9.500,11440634;
sz002674:8.560,8.260,8.600,8.140,1554900;
sz002676:4.570,4.190,4.650,4.190,65068973;
sz002678:6.610,6.430,6.730,6.400,680736;
sz002679:13.990,13.270,14.060,12.950,2817402;
sz002685:5.500,5.220,5.530,5.180,5610300;
sz002688:6.750,6.610,6.860,6.560,8820250;
sz002689:3.930,3.720,3.980,3.650,37643259;
sz002693:5.390,5.400,5.590,5.310,10098100;
sz002695:18.800,18.490,19.660,18.450,5792995;
sz002698:8.970,8.720,9.050,8.660,5582293;
sz002700:5.710,5.610,5.720,5.610,2461601;
sz002702:5.000,5.060,5.290,4.940,44986025;
sz002703:4.560,4.400,4.590,4.400,4068500;
sz002708:6.660,6.260,6.660,6.210,6482100;
sz002709:20.300,19.580,20.560,19.390,9838334;
sz002712:6.060,6.160,6.270,6.010,8067226;
sz002713:6.430,6.220,6.530,6.200,3231017;
sz002715:17.510,17.010,17.640,16.900,779093;
sz002717:4.420,4.370,4.470,4.350,16539788;
sz002719:9.100,9.020,9.320,9.020,8459206;
sz002721:4.300,4.180,4.300,4.160,10158000;
sz002722:12.220,12.110,12.230,12.100,1079223;
sz002723:9.260,9.520,10.130,9.110,11167109;
sz002724:6.960,6.670,7.000,6.650,4364535;
sz002725:10.500,10.110,10.700,10.350,13245964;
sz002728:15.370,15.450,15.710,15.210,898800;
sz002729:43.990,41.460,43.990,41.380,354100;
sz002730:7.640,7.600,7.750,7.520,2246320;
sz002732:18.190,18.160,18.630,18.020,1424649;
sz002734:13.650,13.600,13.870,13.440,3074630;
sz002735:17.600,18.000,18.080,17.600,937960;
sz002736:11.100,11.010,11.170,10.950,11751145;
sz002737:13.530,14.100,13.670,13.440,8323009;
sz002738:14.900,14.590,15.120,14.530,2195724;
sz002742:5.720,5.550,5.840,5.540,13050845;
sz002748:6.670,6.620,6.760,6.610,883510;
sz002750:10.070,10.210,10.650,10.110,16423796;
sz002751:22.010,21.960,22.510,21.870,2708404;
sz002753:6.850,6.680,6.850,6.590,1162556;
sz002755:15.130,15.000,15.490,14.800,2670532;
sz002756:16.280,15.530,16.280,15.350,5270448;
sz002758:10.020,10.190,10.580,10.150,3712575;
sz002759:7.640,7.370,7.640,7.330,2162461;
sz002760:19.080,19.500,19.480,18.840,2893900;
sz002761:8.800,8.610,8.800,8.590,4775948;
sz002763:7.590,7.470,7.590,7.410,1851540;
sz002765:4.210,4.150,4.250,4.150,5346315;
sz002767:12.290,11.840,12.290,11.650,1082950;
sz002769:7.000,7.150,7.100,7.000,3861188;
sz002770:2.160,2.110,2.220,2.110,15358801;
sz002771:13.200,12.800,13.400,12.620,5324343;
sz002772:7.200,7.130,7.550,7.130,12680161;
sz002778:24.000,22.830,24.000,22.190,2331783;
sz002780:17.470,17.000,17.770,16.800,2750537;
sz002781:13.730,13.510,13.800,13.400,3947400;
sz002782:10.380,10.010,10.940,10.260,15481645;
sz002783:9.990,9.950,10.030,9.810,5929522;
sz002785:12.200,11.880,12.400,11.810,1910800;
sz002786:7.810,7.710,8.070,7.640,6036219;
sz002787:6.520,6.160,6.520,6.130,4641700;
sz002790:6.500,6.940,6.740,6.480,10331244;
sz002789:13.790,13.780,13.790,13.550,2108340;
sz002792:29.260,30.250,31.500,29.000,14489589;
sz002791:49.110,46.810,50.780,46.550,2459860;
sz002793:13.640,13.250,13.700,13.150,5117526;
sz002795:11.840,11.630,11.950,11.600,1311800;
sz002796:37.800,39.080,40.190,37.500,7422133;
sz002797:6.980,6.830,7.050,6.810,68460959;
sz002800:22.400,21.790,22.440,21.550,1166500;
sz002799:15.170,15.060,15.290,14.600,1701850;
sz002801:32.820,32.580,33.790,32.100,1171400;
sz002802:18.720,18.210,18.740,18.210,578440;
sz002805:12.290,12.150,12.520,11.990,3479043;
sz002803:29.930,28.410,29.930,28.240,4805977;
sz002806:12.290,12.060,12.290,12.050,1131730;
sz002808:8.300,8.080,8.300,8.050,5699055;
sz002809:17.600,18.000,18.610,17.530,5193750;
sz002810:15.700,15.910,16.160,15.690,1973424;
sz002602:14.010,13.870,14.540,13.700,45354580;
sz002807:4.090,4.060,4.100,4.050,13698898;
sz002811:15.310,14.960,15.310,14.810,1494637;
sz002813:22.230,21.680,22.740,21.500,1423200;
sz002816:26.440,25.800,26.440,25.640,948000;
sz002817:23.800,24.260,24.350,23.770,2830983;
sz002819:22.250,22.700,23.340,22.250,2587910;
sz002820:10.300,10.070,10.420,10.060,2117444;
sz002823:10.410,10.230,10.530,10.220,3059653;
sz002825:14.000,13.770,14.320,13.720,3274401;
sz002822:9.010,8.780,9.190,8.460,16992844;
sz002828:9.000,8.840,9.150,8.730,3677124;
sz002826:10.000,10.010,10.300,10.050,1419700;
sz002827:8.500,8.650,8.650,8.410,1779535;
sz002829:24.780,23.510,24.910,23.390,3805392;
sz002830:11.000,11.090,11.130,10.960,1131212;
sz002831:21.930,20.680,21.930,20.580,4080073;
sz002835:10.100,9.930,10.280,10.010,3279900;
sz002833:35.760,34.930,35.760,34.300,876282;
sz002836:10.080,10.050,10.150,10.000,625400;
sz002837:41.180,39.410,42.420,38.900,4707975;
sz002838:40.770,35.600,41.500,35.550,40829965;
sz002824:16.850,16.010,17.020,15.600,5548110;
sz002842:9.170,9.050,9.260,9.020,2771965;
sz002843:8.100,8.260,8.390,8.100,8428299;
sz002839:5.560,5.350,5.620,5.290,56922816;
sz002845:21.190,21.960,22.180,21.180,8059536;
sz002846:25.300,24.560,26.400,24.500,11209303;
sz002848:12.110,12.490,12.700,12.030,7338800;
sz002849:12.730,12.500,12.780,12.470,849550;
sz002868:16.070,15.650,16.070,15.650,703079;
sz002774:6.630,6.890,6.650,6.530,4030483;
sz002840:14.320,14.750,14.600,14.030,2947397;
sz002858:12.940,12.610,12.940,12.410,1511152;
sz002850:46.200,43.520,46.840,43.520,5474588;
sz002857:11.210,11.370,11.470,11.090,966060;
sz002855:11.910,11.760,12.150,11.720,2068900;
sz002856:14.700,14.540,14.940,14.500,946600;
sz002853:15.990,15.470,16.200,15.250,1483082;
sz002863:4.660,4.680,4.700,4.580,3638782;
sz002865:15.410,15.000,15.640,14.680,6506708;
sz002866:13.030,12.440,13.040,12.400,4386235;
sz002861:25.990,25.270,26.330,25.100,1622300;
sz002860:21.650,21.150,22.000,21.010,2621762;
sz002862:24.960,25.350,26.210,24.810,1868981;
sz002859:47.000,41.540,47.210,41.540,4901769;
sz001979:16.410,16.230,16.430,16.100,10305149;
sz002871:17.400,16.960,17.600,16.910,1187860;
sz002870:19.890,19.420,20.090,19.420,983200;
sz002872:5.500,5.500,5.720,5.360,6726859;
sz002873:22.920,21.920,23.290,21.920,7540831;
sz002876:39.600,39.580,40.660,38.990,3017245;
sz002875:12.990,12.830,13.150,12.830,1012359;
sz002877:7.890,7.620,7.890,7.470,10305145;
sz002878:30.210,29.550,31.400,29.010,2539336;
sz002880:63.010,64.510,65.500,62.520,1412776;
sz002883:17.810,17.710,17.950,17.600,478700;
sz002881:22.110,21.840,22.770,21.700,2091990;
sz002886:26.670,27.260,27.180,26.390,9740649;
sz002885:16.490,16.880,17.350,16.290,6975580;
sz002879:18.500,18.020,18.880,17.610,12625276;
sz002882:11.090,10.950,11.270,10.800,11883487;
sz002889:23.910,23.700,24.010,23.480,1537600;
sz002887:16.900,16.910,17.620,16.610,3308114;
sz002890:29.430,28.710,29.830,28.500,880847;
sz002892:22.500,22.910,22.880,22.070,3058850;
sz002891:20.880,20.540,21.060,20.320,2188814;
sz002895:10.920,11.070,11.220,10.880,3050400;
sz002896:20.800,20.540,21.320,20.310,1059300;
sz002897:36.300,36.280,38.690,35.560,12728351;
sz002898:12.620,12.680,13.070,12.600,641400;
sz002893:11.360,11.480,11.890,11.230,14659021;
sz002906:12.650,12.570,13.150,12.520,4013290;
sz002903:12.800,12.500,13.190,12.500,6656540;
sz002905:14.950,15.000,15.680,14.850,10621140;
sz002907:17.440,17.720,18.280,17.080,4475064;
sz002909:10.880,10.940,11.250,10.790,2838620;
sz002910:10.550,11.270,11.600,10.400,16797801;
sz002864:25.970,25.930,26.580,25.840,682700;
sz002912:151.630,150.630,154.940,149.180,1364399;
sz002911:13.380,13.240,13.430,13.210,1120400;
sz002915:23.940,22.980,24.190,22.940,1838300;
sz002917:14.850,14.550,14.850,14.160,2045547;
sz002919:13.900,13.850,14.340,13.450,1291250;
sz002920:32.910,30.800,33.370,30.590,7403952;
sz002921:18.500,18.870,19.560,18.480,3394038;
sz002922:15.400,15.600,15.870,15.280,6899205;
sz002923:16.470,16.720,16.950,16.290,3160675;
sz002927:19.000,18.600,19.700,18.510,13671080;
sz002929:33.660,33.680,33.680,33.010,6401039;
sz002930:14.010,13.130,14.100,13.130,19860608;
sz002931:23.350,23.210,23.510,23.010,538200;
sz002932:37.260,34.970,37.720,34.950,2304702;
sz002935:30.960,29.080,31.190,28.900,5076177;
sz002936:3.900,3.840,3.910,3.840,13311033;
sz002937:13.540,13.130,13.690,13.030,5027038;
sz002940:40.020,42.050,42.510,40.010,3380149;
sz002939:12.300,11.900,12.530,11.810,47582448;
sz002941:15.060,14.650,15.300,14.600,10606263;
sz002943:23.880,22.690,24.090,22.410,2620805;
sz002942:23.510,23.530,23.510,23.020,958100;
sz002952:26.820,26.360,26.990,26.120,715400;
sz002948:5.050,5.030,5.120,5.020,9152500;
sz002945:14.500,13.910,14.790,13.710,36596167;
sz002949:17.150,16.310,17.150,15.590,1995754;
sz002958:5.000,4.880,5.030,4.860,16584340;
sz002955:79.500,74.300,80.020,74.300,3125710;
sz002956:48.000,46.900,48.960,46.800,935400;
sz002957:25.520,25.790,26.250,25.260,1534956;
sz002960:21.760,21.720,22.040,21.590,1298918;
sz002961:28.110,27.600,28.700,27.390,2414800;
sz002962:30.400,29.970,30.840,29.800,1791300;
sz000001:12.000,12.150,12.250,11.930,106595281;
sz000002:24.840,24.550,25.080,24.390,70150295;
sz000012:4.660,4.540,4.750,4.480,25192248;
sz000014:7.950,7.900,7.950,7.780,1724701;
sz000016:8.810,9.060,9.160,8.630,180150646;
sz000019:5.700,5.900,6.000,5.630,11566213;
sz000020:9.200,9.030,9.220,8.980,1143805;
sz000021:18.800,17.880,19.590,17.690,86557371;
sz001872:13.280,13.310,13.470,13.220,1694893;
sz000026:8.860,8.630,8.860,8.580,6037300;
sz000027:5.320,5.330,5.370,5.310,6776126;
sz000031:5.250,5.210,5.310,5.200,7356048;
sz000032:15.920,15.430,16.140,15.200,5675089;
sz000034:30.110,28.270,30.500,28.020,36114079;
sz000035:4.750,4.670,4.750,4.640,7422702;
sz000037:11.800,11.130,11.970,11.100,3309350;
sz000039:7.490,7.360,7.490,7.320,7518165;
sz000040:3.450,3.370,3.520,3.360,29565886;
sz000046:3.980,3.930,4.010,3.910,14945669;
sz000049:35.810,34.690,36.480,34.530,4642387;
sz000060:3.520,3.490,3.550,3.480,22595967;
sz000062:12.020,11.730,12.070,11.580,5397500;
sz000063:40.010,40.830,41.510,39.700,124343504;
sz000065:7.290,7.210,7.310,7.200,2791263;
sz000066:12.700,12.280,13.000,12.230,59760364;
sz000069:5.950,5.880,6.140,5.870,73482438;
sz000070:10.040,10.040,10.300,10.120,22259083;
sz000088:4.490,4.430,4.510,4.420,3843887;
sz000089:7.250,7.300,7.320,7.160,14577615;
sz000090:4.500,4.500,4.540,4.460,11385895;
sz000099:6.290,6.200,6.340,6.180,3377530;
sz000100:4.730,4.580,4.770,4.490,713499437;
sz000156:9.690,9.370,9.790,9.300,18323779;
sz000157:5.500,5.630,5.610,5.430,51536671;
sz000159:4.950,4.860,4.980,4.800,10595810;
sz000166:4.420,4.420,4.550,4.410,54837427;
sz000333:47.500,46.500,47.980,46.300,47595764;
sz000338:12.000,12.010,12.210,11.960,53543846;
sz000400:13.600,13.290,13.990,13.100,32536996;
sz000401:19.510,20.070,20.560,19.510,51474202;
sz000413:3.180,3.120,3.210,3.100,89902494;
sz000423:25.000,24.990,25.560,24.920,6510111;
sz000425:5.050,5.020,5.110,4.990,73838011;
sz000429:6.500,6.460,6.540,6.400,2563426;
sz000488:4.470,4.460,4.470,4.420,13534000;
sz000513:34.410,34.580,35.410,34.390,5985661;
sz000516:4.410,4.360,4.460,4.320,17348778;
sz000519:6.820,6.810,6.960,6.770,14751153;
sz000521:3.170,3.140,3.220,3.130,13923854;
sz000524:6.230,6.110,6.240,6.080,3966300;
sz000528:6.210,6.190,6.280,6.170,14515544;
sz000538:75.880,76.300,77.150,75.400,4345711;
sz000539:3.500,3.430,3.500,3.420,5968233;
sz000541:4.550,4.490,4.550,4.490,3956747;
sz000547:14.090,13.800,14.340,13.670,24953634;
sz000550:11.460,11.240,11.460,11.210,4419314;
sz000553:10.110,10.270,10.460,10.200,7986892;
sz000555:16.200,16.180,16.680,16.060,17074052;
sz000558:2.650,2.600,2.670,2.600,6741381;
sz000559:5.000,4.920,5.070,4.920,10534514;
sz000560:3.300,3.280,3.310,3.260,7690446;
sz000561:6.630,6.540,6.810,6.520,11105917;
sz000563:3.590,3.520,3.610,3.510,31058209;
sz000568:66.250,66.630,67.860,65.970,9466690;
sz000581:18.250,17.950,18.260,17.880,4935436;
sz000582:8.560,8.780,9.080,8.490,6269710;
sz000584:5.800,5.510,5.810,5.480,8751753;
sz000596:102.000,99.500,102.870,99.010,2978416;
sz000603:11.230,11.470,11.690,11.220,19918122;
sz000606:4.160,4.140,4.200,4.100,6924912;
sz000617:9.690,9.340,9.690,9.320,1364000;
sz000625:9.900,9.600,10.070,9.530,34161201;
sz000627:5.900,5.920,5.970,5.870,12812101;
sz000636:19.210,18.230,19.490,18.230,81281138;
sz000651:50.000,49.220,50.310,49.080,48379815;
sz000661:457.000,460.110,469.500,451.000,1948651;
sz000671:6.400,6.360,6.490,6.300,23741733;
sz000676:7.860,7.680,7.990,7.610,15090790;
sz000681:16.290,16.010,16.650,15.900,14101399;
sz000708:25.650,25.170,25.800,25.150,3558671;
sz000723:6.800,6.720,6.890,6.700,45660750;
sz000725:4.010,3.940,4.070,3.870,1185293449;
sz000726:8.500,8.400,8.560,8.360,3446600;
sz000728:8.450,8.310,8.630,8.270,21106060;
sz000729:5.500,5.560,5.540,5.450,10566580;
sz000732:5.000,4.890,5.050,4.890,43754989;
sz000733:21.010,20.230,21.340,19.960,15359785;
sz000738:14.010,13.590,14.110,13.590,36271935;
sz000750:4.390,4.330,4.460,4.310,65146665;
sz000768:16.900,16.740,17.060,16.680,19476699;
sz000776:13.440,13.410,13.560,13.330,25225095;
sz000777:11.500,11.170,11.590,11.110,4140660;
sz000785:8.100,8.000,8.100,7.960,6841700;
sz000788:6.200,6.230,6.330,6.140,7572801;
sz000796:7.540,7.380,7.660,7.200,12091510;
sz000811:6.620,6.470,6.740,6.440,8369074;
sz002194:26.710,27.830,29.090,26.710,45466026;
sz000823:12.330,11.680,12.420,11.600,25048011;
sz000826:8.340,8.250,8.590,8.210,15010271;
sz000848:6.470,6.390,6.480,6.370,5587546;
sz000858:104.000,104.510,106.500,103.040,32774713;
sz000860:52.330,52.900,53.880,51.260,11042965;
sz000869:22.280,21.810,22.390,21.680,2703286;
sz000876:27.280,26.400,27.670,26.090,55117430;
sz000888:6.060,5.910,6.200,5.900,14058656;
sz000895:34.400,34.500,34.970,33.800,12501152;
sz000902:7.460,7.380,7.690,7.300,13718653;
sz000910:10.950,10.400,11.160,10.330,9894750;
sz000921:8.680,8.530,8.680,8.500,9594268;
sz000936:8.400,8.330,8.660,8.290,30551405;
sz000938:36.700,35.400,37.400,35.260,34379399;
sz000951:17.620,17.950,18.450,17.620,4436143;
sz000957:7.060,6.900,7.220,6.840,11279318;
sz000961:7.040,6.910,7.140,6.910,30968941;
sz000963:16.250,16.150,16.660,16.020,22754621;
sz000967:5.770,5.740,5.770,5.650,10036068;
sz000970:8.970,8.860,9.040,8.800,20427260;
sz000977:37.950,38.660,40.280,37.810,43883580;
sz000978:5.120,4.970,5.190,4.890,16906950;
sz000987:7.950,7.820,7.950,7.780,6835894;
sz000988:21.940,21.970,22.800,21.780,37032744;
sz000989:7.760,7.780,7.910,7.750,3938599;
sz000993:6.370,6.240,6.400,6.200,3411300;
sz000998:15.200,15.000,15.850,14.700,44131152;
sz000999:28.100,27.570,28.550,27.300,6955457;
sz002001:26.860,25.480,27.770,24.880,47240437;
sz002002:3.870,3.770,3.890,3.760,35675318;
sz002003:5.900,5.830,5.900,5.780,3834670;
sz002007:42.160,43.750,44.370,41.990,26574351;
sz002008:28.330,27.440,28.650,27.150,24982864;
sz002010:6.100,6.000,6.140,5.990,16018657;
sz002013:7.170,7.120,7.300,7.080,25637170;
sz002014:8.930,9.070,8.930,8.560,6334961;
sz002019:16.180,15.260,16.180,15.180,20168767;
sz002020:10.280,10.290,10.640,10.230,18955073;
sz002024:8.820,8.790,8.890,8.750,43531834;
sz002025:24.100,23.620,24.450,23.430,4410992;
sz002027:4.170,4.240,4.270,4.140,170846942;
sz002030:16.380,16.650,17.280,16.260,62717229;
sz002032:64.280,62.950,64.860,62.660,2397667;
sz002033:6.350,6.430,6.710,6.300,29448939;
sz002035:10.290,10.190,10.460,10.020,16592757;
sz002036:14.500,14.000,14.900,13.850,27228636;
sz002038:11.900,11.850,12.180,11.780,9258529;
sz002040:6.030,6.020,6.130,6.000,3694000;
sz002041:9.070,9.780,9.640,9.070,34165450;
sz002042:5.500,5.410,5.500,5.340,5253924;
sz002043:7.510,7.290,7.540,7.190,13897060;
sz002044:11.090,10.820,11.240,10.800,28008200;
sz002049:53.700,51.500,54.650,51.000,20401003;
sz002050:16.750,15.740,16.750,15.710,49701854;
sz002051:8.260,8.170,8.310,8.120,5192812;
sz002055:12.940,12.480,13.080,12.350,13612710;
sz002056:11.290,10.670,11.460,10.660,63070271;
sz002059:4.800,4.960,5.200,4.760,29984813;
sz002060:2.860,2.810,2.860,2.800,10321208;
sz002063:13.900,13.420,14.150,13.160,59349166;
sz002065:13.940,13.460,14.170,13.410,72854927;
sz002074:17.600,16.970,17.950,16.850,38097299;
sz002080:11.190,10.970,11.230,10.810,15002144;
sz002081:8.100,7.950,8.140,7.940,12852692;
sz002085:6.760,6.680,6.760,6.570,7383638;
sz002090:10.450,10.810,11.090,10.310,35614211;
sz002091:6.220,6.030,6.220,6.000,11417294;
sz002092:5.000,4.940,5.020,4.920,23958383;
sz002094:3.980,3.900,4.010,3.880,7591342;
sz002095:19.160,18.950,19.280,18.850,2297079;
sz002097:6.100,5.820,6.190,5.770,24240095;
sz002099:6.170,6.100,6.250,6.090,14795800;
sz002101:7.260,7.170,7.280,7.120,4916180;
sz002106:9.000,8.870,9.130,8.820,14564202;
sz002110:7.790,7.740,7.810,7.720,16887841;
sz002111:14.490,14.420,14.580,14.130,3771230;
sz002115:9.740,9.930,10.260,10.000,20634659;
sz002116:7.400,7.330,7.420,7.220,1293615;
sz002117:10.850,10.620,11.090,10.600,9458208;
sz002120:26.800,27.700,27.700,26.800,8338819;
sz002121:3.960,3.940,4.090,3.920,18651538;
sz002126:8.490,8.040,8.550,8.010,31836258;
sz002129:16.290,15.410,16.680,15.350,128762208;
sz002135:7.310,7.430,7.420,7.250,10910800;
sz002138:21.150,20.430,21.480,20.310,20368270;
sz002139:6.600,6.280,6.690,6.270,76877310;
sz002142:22.580,22.290,22.950,22.000,27939724;
sz002151:27.380,25.790,27.750,25.790,21906305;
sz002152:8.850,9.090,9.440,8.810,70379948;
sz002153:31.140,30.270,31.600,29.790,7881006;
sz002156:21.410,19.850,21.600,19.800,48539740;
sz002157:17.250,16.600,17.500,16.560,71530787;
sz002158:12.510,12.000,12.740,11.760,27632425;
sz002169:10.010,9.560,10.280,9.560,79504902;
sz002179:33.080,32.800,33.360,32.160,11387344;
sz002180:31.100,29.390,31.150,29.390,27145234;
sz002181:4.670,4.500,4.670,4.480,6947795;
sz002185:11.200,10.530,11.450,10.460,219280216;
sz002187:7.550,7.500,7.600,7.450,1326487;
sz002189:18.480,18.080,18.870,17.900,4395437;
sz002191:8.360,8.260,8.440,8.240,12614032;
sz002195:2.910,2.900,2.940,2.880,76814764;
sz002202:9.280,9.130,9.320,9.080,16643411;
sz002203:8.750,8.810,8.770,8.670,1877629;
sz002206:3.680,3.650,3.700,3.640,8302180;
sz002214:18.540,17.870,19.350,17.810,25687543;
sz002215:5.850,5.980,5.930,5.770,19788304;
sz002216:17.690,17.680,18.170,17.570,4373390;
sz002217:6.120,5.990,6.220,5.920,84894851;
sz002222:10.950,10.810,11.070,10.760,9631378;
sz002223:30.560,30.960,31.200,30.090,59755277;
sz002230:35.000,34.740,35.660,34.310,46487882;
sz002233:12.300,12.630,12.780,12.280,50847634;
sz002236:16.560,16.180,16.780,16.050,46057751;
sz002238:7.300,7.250,7.360,7.210,3320136;
sz002241:16.200,15.340,16.200,15.320,106325494;
sz002242:27.020,26.870,27.300,26.360,5075673;
sz002244:4.080,4.020,4.100,4.010,12664664;
sz002252:7.940,7.850,8.140,7.820,48737475;
sz002253:13.020,12.880,13.090,12.830,2708711;
sz002258:12.300,12.540,12.580,12.300,6058660;
sz002268:24.500,23.860,25.060,23.450,15933784;
sz002271:31.790,32.650,33.380,31.600,28524499;
sz002273:13.900,13.330,14.000,13.080,55887737;
sz002275:12.670,12.510,12.790,12.470,1108729;
sz002277:3.560,3.640,3.820,3.520,81751181;
sz002279:6.790,6.520,6.900,6.420,18672741;
sz002281:31.700,33.740,34.690,31.310,38591028;
sz002285:2.860,2.810,2.860,2.800,12149253;
sz002293:8.200,8.330,8.440,8.200,1870223;
sz002294:17.170,17.130,17.400,17.010,3257184;
sz002299:20.100,19.820,20.350,19.780,14501611;
sz002300:7.500,7.700,8.020,7.300,39320907;
sz002301:13.660,13.430,14.070,13.250,10669567;
sz002302:10.030,10.080,10.330,10.000,13907502;
sz002304:81.050,80.910,82.500,80.560,4917890;
sz002307:5.550,5.640,5.770,5.450,41163537;
sz002311:34.310,34.850,34.990,34.280,14397816;
sz002315:16.220,15.570,16.290,15.450,7099151;
sz002327:6.350,6.400,6.360,6.280,3231622;
sz002331:11.000,10.580,11.180,10.550,12369799;
sz002340:4.590,4.480,4.640,4.450,80923274;
sz002344:3.800,3.800,3.860,3.790,9290213;
sz002351:16.200,15.310,16.310,15.130,16302999;
sz002352:43.600,44.530,44.750,43.060,11694417;
sz002353:24.660,23.050,24.690,23.050,30226641;
sz002365:11.690,11.090,11.930,11.010,24109464;
sz002367:8.250,8.860,8.880,8.190,38935828;
sz002368:42.200,40.050,42.670,40.050,14125730;
sz002371:137.500,129.610,141.850,129.610,12950817;
sz002372:10.750,10.750,10.850,10.630,6286450;
sz002373:23.300,22.070,23.700,21.880,42102770;
sz002376:11.080,10.910,11.100,10.900,6067938;
sz002382:16.430,15.600,16.700,15.580,35561815;
sz002383:11.890,11.510,12.130,11.340,27819764;
sz002384:22.100,20.830,22.430,20.830,70994993;
sz002394:8.730,8.710,8.870,8.690,1547398;
sz002396:39.610,40.010,41.260,39.300,15147861;
sz002404:5.580,5.440,5.630,5.400,6431497;
sz002405:16.500,15.770,16.760,15.770,101296832;
sz002414:35.440,34.000,35.750,33.730,10546627;
sz002415:28.020,27.180,28.180,27.170,68062352;
sz002419:9.010,9.070,9.100,8.840,11709048;
sz002421:3.330,3.750,3.580,3.310,103832100;
sz002422:20.390,20.700,21.250,20.320,23117774;
sz002423:7.970,7.970,7.970,7.830,3410048;
sz002425:4.930,4.880,4.960,4.850,10787820;
sz002432:8.760,8.870,9.080,8.600,50692128;
sz002434:7.970,7.810,7.980,7.700,5763866;
sz002436:12.290,11.700,12.640,11.620,85352235;
sz002439:36.270,35.630,36.900,35.290,13009174;
sz002440:10.060,9.940,10.060,10.000,7821681;
sz002444:10.360,9.620,10.360,9.520,26198121;
sz002449:12.000,11.480,12.220,11.270,22901062;
sz002456:14.750,14.250,15.000,13.920,132263621;
sz002458:15.990,14.960,16.200,14.960,43839483;
sz002460:38.860,36.380,38.860,36.330,49117058;
sz002461:6.160,6.030,6.170,6.020,4963505;
sz002462:14.930,14.750,15.040,14.710,1854319;
sz002463:25.000,25.200,26.250,24.900,53609542;
sz002465:11.700,11.090,11.800,10.900,60009346;
sz002468:16.620,16.140,16.650,16.130,4528813;
sz002475:36.130,34.400,36.800,34.400,131481504;
sz002479:5.640,5.760,5.640,5.500,12403749;
sz002482:3.710,3.650,3.730,3.590,7955250;
sz002484:9.200,8.700,9.300,8.680,27134660;
sz002500:7.290,7.190,7.370,7.170,17581712;
sz002507:28.000,27.370,28.550,26.900,10014699;
sz002508:25.900,24.570,25.900,24.450,9459844;
sz002510:5.120,4.980,5.210,4.930,39055640;
sz002511:14.870,15.370,15.700,14.870,19295154;
sz002516:3.030,2.930,3.040,2.930,14327500;
sz002518:13.630,13.200,14.030,12.970,12346652;
sz002531:5.430,5.400,5.490,5.330,15040008;
sz002533:6.050,6.000,6.270,5.960,37447690;
sz002534:7.190,7.000,7.190,6.940,1675600;
sz002537:5.290,5.040,5.300,4.970,14898793;
sz002543:7.920,7.780,7.920,7.750,1490676;
sz002546:4.920,5.000,5.180,4.850,60440193;
sz002547:8.660,8.890,9.140,8.630,58264885;
sz002555:34.210,34.470,35.220,33.720,20294226;
sz002557:38.960,38.730,39.500,38.000,3185932;
sz002558:17.300,16.730,17.480,16.660,6938360;
sz002559:6.580,6.580,6.580,6.540,22429276;
sz002561:7.560,7.360,7.580,7.350,2947984;
sz002563:6.540,6.350,6.570,6.330,10118485;
sz002565:4.950,4.960,5.250,4.930,55461569;
sz002567:7.420,7.170,7.450,7.110,20162376;
sz002568:27.960,28.300,27.960,27.010,4341570;
sz002570:5.090,4.950,5.090,4.900,15477483;
sz002572:16.640,16.250,16.660,16.200,9103018;
sz002573:5.600,5.570,5.660,5.540,6266911;
sz002579:13.200,12.990,13.390,12.890,6459493;
sz002582:8.830,8.600,8.860,8.550,7252402;
sz002583:6.840,6.600,6.950,6.540,30188809;
sz002589:5.300,5.290,5.460,5.260,19550653;
sz002594:50.250,48.150,50.800,47.890,24220176;
sz002595:17.940,17.630,18.300,17.150,2862076;
sz002600:8.780,8.290,8.860,8.190,126881456;
sz002601:13.800,13.370,14.010,13.210,17661709;
sz002603:17.540,18.910,18.150,17.230,77878802;
sz002607:23.660,23.510,24.470,23.400,16978928;
sz002608:6.400,6.420,6.400,6.320,2437451;
sz002609:10.180,9.830,10.330,9.700,6430425;
sz002614:11.690,12.130,11.980,11.450,52891431;
sz002626:18.950,19.700,20.680,18.900,15300667;
sz002628:4.000,3.990,4.030,3.950,10445162;
sz002632:7.240,7.360,7.610,7.230,9498900;
sz002635:19.040,18.600,19.550,18.580,16939166;
sz002640:5.930,5.990,6.110,5.870,46864165;
sz002643:14.000,13.150,14.220,13.130,17820542;
sz002645:9.430,9.140,9.500,9.110,3979873;
sz002646:9.100,8.990,9.100,8.930,1398900;
sz002647:23.670,23.460,23.850,23.120,4717051;
sz002648:13.900,13.580,14.130,13.470,18187564;
sz002649:9.960,9.830,10.050,9.660,13050082;
sz002655:10.040,9.750,10.140,10.010,12797600;
sz002657:14.990,14.740,15.090,14.690,5708374;
sz002661:13.940,14.150,14.170,13.900,7334551;
sz002666:5.250,5.140,5.370,5.120,10284700;
sz002668:4.600,4.430,4.610,4.390,23474967;
sz002672:9.610,9.140,9.640,9.120,9293550;
sz002673:8.550,8.810,8.980,8.470,54915525;
sz002675:12.900,12.810,13.040,12.700,6041389;
sz002677:11.010,10.970,11.110,10.900,2629309;
sz002681:3.480,3.350,3.490,3.340,28903967;
sz002690:33.210,34.780,35.290,33.190,6588311;
sz002696:6.530,6.150,6.750,6.040,13287164;
sz002697:8.460,8.490,8.700,8.360,8996955;
sz002701:4.010,3.950,4.030,3.940,13121608;
sz002705:19.100,17.900,19.190,17.580,8167939;
sz002706:10.520,10.460,10.950,10.350,11414485;
sz002707:5.430,5.260,5.510,5.200,17165987;
sz002714:111.600,111.500,114.360,109.500,21113769;
sz002718:16.090,17.520,16.830,15.910,4795380;
sz002726:6.020,5.910,6.020,5.860,8821928;
sz002727:22.080,22.650,22.990,21.760,38990566;
sz002733:20.790,20.340,21.000,20.170,7802923;
sz002739:16.040,16.410,16.990,16.030,20362210;
sz002741:13.120,12.400,13.350,12.400,12882794;
sz002743:6.900,7.000,7.190,6.860,15761452;
sz002745:11.000,10.500,11.000,10.470,11077359;
sz002746:14.300,14.400,14.760,14.180,12810805;
sz002747:10.190,9.950,10.390,10.090,9942536;
sz002757:22.500,22.600,23.280,22.300,5404522;
sz002762:5.160,5.150,5.230,5.110,3406233;
sz002768:37.200,33.360,37.790,33.360,25627442;
sz002773:35.500,35.950,36.940,35.300,3418132;
sz002775:5.260,5.160,5.260,5.150,3111344;
sz002777:41.000,41.980,42.750,40.580,3273082;
sz002788:7.860,7.970,7.970,7.810,4236529;
sz002798:22.070,21.430,22.800,21.330,2825648;
sz002812:45.270,43.220,46.250,42.970,14386252;
sz002815:17.350,16.780,17.880,16.730,19752898;
sz002821:164.990,160.000,169.900,158.180,4990143;
sz002832:19.000,18.150,19.000,18.030,3364110;
sz002841:77.800,76.300,77.870,76.180,1644110;
sz002847:48.690,47.190,50.000,47.150,1618300;
sz002852:11.530,11.660,11.920,11.510,1902936;
sz002851:20.800,19.950,21.010,19.850,5137700;
sz002867:18.010,18.000,18.310,17.820,2594004;
sz002869:68.000,65.690,68.900,65.400,2126680;
sz002888:18.300,17.960,18.370,17.720,1389950;
sz002899:14.010,14.250,14.250,13.880,4367694;
sz002901:61.780,60.560,62.700,59.990,1148200;
sz002900:11.060,11.200,11.430,11.050,1576720;
sz002902:20.950,21.110,21.960,20.820,4902483;
sz002908:11.690,11.430,11.980,11.350,3601100;
sz002913:53.990,51.660,54.390,51.460,4021136;
sz002916:199.000,191.820,208.000,189.000,7816469;
sz002918:21.000,20.800,21.480,20.590,2951029;
sz001965:6.650,6.800,6.730,6.600,5860093;
sz002925:46.800,44.330,47.000,44.330,8989444;
sz002926:10.800,10.690,10.960,10.600,42424864;
sz002818:11.300,11.330,11.410,11.220,1524748;
sz002928:11.110,11.580,11.580,11.110,10295050;
sz002933:34.450,34.500,35.570,34.290,974800;
sz002938:32.780,30.530,32.970,30.530,16916763;
sz002946:10.150,10.130,10.330,10.080,2144496;
sz002947:45.890,43.930,46.010,42.800,1546215;
sz002950:35.540,32.860,35.890,32.030,14276543;
sz002959:75.000,73.900,75.840,73.150,1460376;
sz002966:8.640,8.380,8.720,8.360,17242607;
sz003816:2.910,2.900,2.930,2.890,45766911;
