sh600048:16.790,16.610,16.900,16.240,147133654;
sh600053:28.180,27.450,28.400,27.190,6863673;
sh600061:14.000,13.920,14.140,13.690,42701023;
sh600063:4.850,4.730,4.930,4.630,132318414;
sh600071:10.140,10.020,10.270,10.020,2389576;
sh600076:3.910,3.940,4.000,3.890,20860607;
sh600077:2.880,2.880,2.910,2.860,9987800;
sh600078:4.880,4.910,5.010,4.830,23944373;
sh600079:14.370,14.610,14.450,14.260,26632480;
sh600081:12.330,12.230,12.630,12.030,10548950;
sh600082:3.610,3.650,3.630,3.580,8439398;
sh600090:4.360,4.350,4.450,4.320,17923049;
sh600101:6.200,6.150,6.230,6.080,3676728;
sh600111:9.520,9.480,9.660,9.400,37473841;
sh600113:6.500,6.470,6.590,6.420,5864582;
sh600115:4.690,4.660,4.750,4.640,51331990;
sh600120:10.000,9.900,10.180,9.800,23303763;
sh600146:15.480,15.300,15.530,14.520,22064912;
sh600151:4.850,4.890,4.900,4.780,32136808;
sh600156:5.770,5.800,5.810,5.610,45078817;
sh600160:8.580,8.720,9.070,8.500,119082801;
sh600161:35.300,35.450,35.870,34.930,19965234;
sh600162:2.190,2.220,2.200,2.150,27884403;
sh600169:2.130,2.090,2.160,2.070,31513409;
sh600175:1.600,1.550,1.610,1.530,139690762;
sh600197:13.700,13.810,13.880,13.700,5872145;
sh600199:5.320,5.260,5.350,5.220,6400877;
sh600200:8.470,8.650,8.470,8.230,67368339;
sh600203:9.190,9.190,9.190,9.190,4815800;
sh600206:14.600,14.250,14.880,14.100,58462285;
sh600207:4.610,4.630,4.770,4.610,7268100;
sh600208:3.350,3.370,3.420,3.290,136608928;
sh600213:8.380,8.420,8.560,8.260,7275421;
sh600218:10.390,10.270,10.530,10.160,16268088;
sh600221:1.800,1.780,1.840,1.750,341988131;
sh600223:7.970,8.150,8.360,7.900,38220094;
sh600226:2.790,2.760,2.820,2.730,46990469;
sh600227:2.680,2.660,2.690,2.660,8967401;
sh600235:5.050,4.940,5.110,4.900,12831498;
sh600236:4.460,4.470,4.490,4.450,5607628;
sh600242:7.850,7.860,8.150,7.690,28777980;
sh600246:5.450,5.410,5.570,5.360,8662830;
sh600262:15.960,15.780,16.070,15.600,818840;
sh600266:7.760,7.550,7.760,7.490,21525447;
sh600267:15.160,15.250,15.250,14.950,62095644;
sh600268:6.680,6.120,6.880,6.020,77817004;
sh600278:9.730,9.830,9.870,9.690,5717124;
sh600279:3.890,3.990,4.110,3.890,13911215;
sh600283:9.210,9.280,9.260,9.150,2303121;
sh600285:9.200,9.200,9.270,9.150,11131165;
sh600288:12.980,12.820,13.200,12.710,9694201;
sh600291:7.670,7.570,7.760,7.530,16034067;
sh600293:3.040,3.020,3.130,2.980,19391715;
sh600300:3.020,3.020,3.070,3.000,25747907;
sh600310:4.000,3.980,4.040,3.950,7772310;
sh600311:3.080,3.040,3.080,3.030,28960082;
sh600313:3.090,3.160,3.140,3.060,51719152;
sh600317:2.240,2.310,2.370,2.230,39272067;
sh600322:2.710,2.720,2.730,2.680,27974127;
sh600323:20.450,19.950,20.580,19.810,10518591;
sh600326:7.450,7.320,7.490,7.160,55071716;
sh600336:5.570,5.740,5.920,5.450,35592302;
sh600337:4.360,4.330,4.380,4.280,14378152;
sh600338:10.390,10.210,10.590,10.090,9747037;
sh600339:2.900,2.870,2.930,2.830,63729838;
sh600351:5.520,5.600,5.740,5.510,15256075;
sh600353:5.880,5.810,5.980,5.720,19086642;
sh600354:4.790,4.880,4.900,4.760,27692018;
sh600355:3.660,3.810,3.770,3.610,77537767;
sh600360:9.000,8.790,9.260,8.710,109040701;
sh600363:15.500,15.370,15.680,15.200,14396891;
sh600366:6.050,5.990,6.160,5.930,23279902;
sh600371:12.220,12.560,12.460,12.100,17290518;
sh600375:4.460,4.520,4.630,4.430,12520785;
sh600381:4.970,4.970,5.000,4.930,3596794;
sh600392:7.490,7.370,7.560,7.330,20033226;
sh600393:2.770,2.830,2.790,2.730,48755686;
sh600398:6.990,6.920,7.030,6.910,10447430;
sh600419:11.560,11.560,11.730,11.440,3338681;
sh600425:4.300,4.150,4.370,4.020,148713629;
sh600429:5.190,5.180,5.220,5.130,4002361;
sh600449:11.760,11.450,11.850,11.120,33159693;
sh600455:27.000,27.180,27.450,26.900,3403404;
sh600463:6.400,6.890,6.400,6.250,5619702;
sh600466:7.050,6.820,7.100,6.730,35795999;
sh600467:2.300,2.300,2.320,2.270,17941304;
sh600476:13.900,14.030,14.200,13.710,4430903;
sh600478:4.590,4.530,4.720,4.510,31176796;
sh600479:9.090,9.060,9.140,9.020,10591225;
sh600480:11.250,10.700,11.630,10.550,23714009;
sh600481:3.190,3.160,3.230,3.150,6751104;
sh600488:5.180,5.100,5.180,5.060,24383927;
sh600495:3.980,3.910,4.010,3.860,22613033;
sh600499:5.380,5.330,5.500,5.270,23688325;
sh600501:8.860,8.890,9.120,8.780,11145980;
sh600503:3.480,3.450,3.530,3.420,45485789;
sh600505:9.200,9.030,9.230,9.000,2828300;
sh600506:8.970,8.970,9.070,8.860,2021100;
sh600517:7.450,7.360,7.550,7.280,24878585;
sh600520:10.250,10.310,10.490,10.200,2489333;
sh600525:5.790,5.990,6.090,5.680,87482120;
sh600526:5.120,5.160,5.160,5.100,3808224;
sh600527:3.130,3.150,3.190,3.090,129706288;
sh600530:3.900,3.840,3.930,3.820,17604837;
sh600533:3.370,3.250,3.380,3.210,31011762;
sh600537:3.450,3.500,3.650,3.440,45046326;
sh600549:12.530,12.240,12.570,12.150,16426902;
sh600559:9.850,9.790,9.850,9.690,22570749;
sh600562:14.160,14.060,14.550,13.870,9077169;
sh600568:1.870,1.840,1.880,1.830,91329996;
sh600573:6.040,5.990,6.070,5.940,2819443;
sh600587:17.900,18.360,18.880,17.900,19653220;
sh600593:39.450,39.380,39.890,39.170,1067654;
sh600596:9.390,9.450,9.480,9.300,18435219;
sh600601:3.580,3.610,3.800,3.580,50880030;
sh600602:8.650,8.750,8.900,8.580,20664194;
sh600603:5.380,5.270,5.410,5.220,10495659;
sh600604:8.250,7.900,8.250,7.810,47034519;
sh600613:7.700,7.730,7.760,7.680,8084543;
sh600623:5.990,5.960,6.020,5.920,13807463;
sh600624:10.590,11.230,10.670,10.410,109701351;
sh600626:6.840,6.780,6.870,6.700,32557010;
sh600628:10.400,10.400,10.650,10.200,12438495;
sh600630:9.210,9.360,9.360,9.060,39520539;
sh600638:5.800,5.700,5.820,5.620,8726920;
sh600639:13.060,12.930,13.100,12.780,3450277;
sh600640:21.330,21.120,22.100,20.770,15985611;
sh600641:23.100,23.010,24.440,22.690,26384814;
sh600644:5.110,5.080,5.150,5.070,2209533;
sh600645:19.390,19.230,20.150,19.100,20744258;
sh600647:12.570,12.720,12.950,12.510,1522703;
sh600649:5.480,5.530,5.540,5.450,20030107;
sh600651:3.870,3.840,3.940,3.810,18021167;
sh600661:21.100,20.410,21.190,20.210,9898169;
sh600662:4.060,4.050,4.110,4.020,7357960;
sh600668:15.880,15.390,15.970,15.010,33180669;
sh603179:23.450,23.600,24.600,23.300,3001160;
sh600671:11.880,11.850,12.030,11.800,1760801;
sh600677:4.650,4.670,4.750,4.640,21863037;
sh600678:8.310,8.680,8.480,7.940,92006330;
sh600682:9.390,9.430,9.630,9.380,17817889;
sh600683:3.960,4.090,4.110,3.960,6013540;
sh600684:3.300,3.360,3.320,3.260,13733772;
sh600689:8.710,8.970,8.740,8.610,7705352;
sh600693:5.000,5.030,5.050,4.970,4498421;
sh600695:8.980,8.780,9.060,8.660,35473101;
sh600697:15.630,15.560,15.680,15.480,1853820;
sh600706:7.540,7.550,7.630,7.460,2187680;
sh600708:3.260,3.170,3.290,3.110,50392138;
sh600711:4.790,4.720,4.840,4.670,50417081;
sh600712:6.300,6.350,6.420,6.210,34118535;
sh600716:3.970,3.990,3.990,3.920,6375444;
sh600719:4.100,4.090,4.130,4.040,3930300;
sh600724:4.520,4.520,4.520,4.420,47242612;
sh600730:5.010,5.080,5.090,4.950,18275285;
sh600734:5.350,5.240,5.460,5.180,18214662;
sh600736:5.500,5.590,5.550,5.420,29489911;
sh600737:8.670,8.650,8.700,8.540,25693142;
sh600744:2.320,2.310,2.350,2.290,8962999;
sh600746:7.200,7.140,7.250,7.090,5282587;
sh600748:5.400,5.280,5.460,5.250,26579493;
sh603893:70.510,70.510,70.510,66.660,20495911;
sh600755:6.760,6.730,6.790,6.700,18850728;
sh600756:21.340,21.230,21.780,21.010,14512375;
sh600764:28.380,28.730,29.300,28.350,4700199;
sh600770:5.500,5.450,5.590,5.400,20789628;
sh600771:14.880,14.880,15.100,14.780,5119076;
sh600773:7.090,7.000,7.450,6.820,57180705;
sh600777:1.990,1.960,2.000,1.950,94457966;
sh600783:15.500,14.750,15.580,14.710,21473221;
sh600784:4.590,4.530,4.590,4.510,3645400;
sh600785:13.990,14.070,14.150,13.970,490340;
sh600796:5.740,5.850,5.760,5.650,9539617;
sh600800:5.090,5.060,5.170,4.990,9130652;
sh600802:12.700,12.630,12.930,11.870,95975246;
sh600808:2.920,2.850,2.930,2.840,33658256;
sh600818:10.800,10.570,10.880,10.450,1237907;
sh600819:5.110,5.000,5.150,4.960,8895167;
sh600821:4.190,4.250,4.450,4.190,5854235;
sh600822:9.390,9.390,9.570,9.290,5491927;
sh600824:3.170,3.160,3.200,3.150,5939792;
sh600825:4.860,4.840,4.900,4.800,7938483;
sh600828:4.080,4.070,4.120,4.030,6468890;
sh600829:8.060,8.140,8.110,8.000,8907225;
sh600830:5.210,5.240,5.300,5.150,6970065;
sh600831:10.400,9.910,10.400,10.050,77837172;
sh600833:10.090,10.130,10.170,10.080,2648475;
sh600834:6.360,6.380,6.400,6.300,2739993;
sh600836:4.430,4.350,4.450,4.290,7417390;
sh600838:5.530,5.520,5.540,5.450,3901106;
sh600841:6.480,6.510,6.610,6.450,1778799;
sh600843:7.750,7.870,7.970,7.670,4713650;
sh600846:9.680,9.600,9.760,9.480,42404134;
sh600851:7.910,7.950,8.100,7.870,4392980;
sh600853:3.820,3.820,3.820,3.770,80639710;
sh600854:3.780,3.860,3.970,3.730,9991559;
sh600855:11.670,11.640,11.900,11.550,6068010;
sh600857:10.420,10.580,10.620,10.190,4687145;
sh600860:4.660,4.540,4.700,4.460,5215500;
sh600861:10.970,10.910,11.040,10.710,5720652;
sh600862:13.480,13.580,14.100,13.410,36670427;
sh600864:7.680,7.590,7.780,7.520,56981439;
sh600865:6.140,6.080,6.160,6.050,3380492;
sh600866:5.520,5.520,5.640,5.430,32031828;
sh600867:11.870,12.100,11.990,11.750,51083217;
sh600868:3.750,3.910,3.860,3.680,251438721;
sh600869:4.210,4.190,4.310,4.160,39357644;
sh600871:2.220,2.230,2.240,2.200,60358180;
sh600874:7.140,7.190,7.160,7.030,19017545;
sh600876:16.050,15.960,16.300,15.660,15054019;
sh600879:7.560,7.460,7.830,7.410,99293604;
sh600880:3.800,3.760,3.840,3.720,10111985;
sh600882:17.110,16.880,17.450,16.690,2694051;
sh600885:35.500,35.660,36.990,35.390,10107613;
sh600888:4.920,4.950,5.080,4.850,45630503;
sh600889:5.080,5.070,5.120,4.980,10615894;
sh600894:7.180,7.080,7.230,7.020,9323679;
sh600898:7.100,7.000,7.200,6.930,2816925;
sh600917:6.600,6.650,6.810,6.580,6099146;
sh600959:4.140,3.980,4.150,3.940,56538275;
sh600962:7.200,7.160,7.210,7.100,3027108;
sh600965:7.480,7.460,7.520,7.420,4408516;
sh600966:6.840,6.720,7.090,6.700,23127664;
sh600973:4.330,4.280,4.450,4.180,25983424;
sh600976:17.060,16.770,17.140,16.710,3373469;
sh600980:12.830,12.780,13.050,12.610,2031102;
sh600981:3.360,3.340,3.410,3.330,9184654;
sh600982:2.780,2.790,2.850,2.770,7239111;
sh600983:4.450,4.440,4.480,4.390,2218361;
sh600986:4.430,4.410,4.520,4.230,116463270;
sh600988:8.550,8.600,8.740,8.320,157788725;
sh600990:45.250,45.010,46.780,44.530,2822088;
sh600992:6.400,6.440,6.470,6.340,3091336;
sh601002:6.150,5.890,6.170,5.840,25896764;
sh601008:3.510,3.820,3.820,3.450,67340818;
sh601016:2.350,2.340,2.370,2.300,31743967;
sh601069:14.760,15.060,15.010,14.730,19899515;
sh601100:63.700,59.980,63.700,59.350,6376857;
sh601106:2.850,2.790,2.860,2.760,38951149;
sh601118:4.340,4.320,4.380,4.290,23571434;
sh601126:5.630,5.580,5.710,5.510,5312790;
sh601168:6.440,6.300,6.470,6.290,27692009;
sh601199:3.820,3.830,3.860,3.800,8797984;
sh601222:5.560,5.540,5.660,5.450,41010241;
sh601226:4.250,4.090,4.370,4.060,11864041;
sh601233:14.090,13.830,14.140,13.760,36170985;
sh601311:9.750,10.030,10.210,10.100,29229077;
sh601339:3.710,3.790,3.730,3.680,10481667;
sh601388:1.790,1.790,1.810,1.770,30740300;
sh601515:6.250,6.430,6.360,6.240,11156575;
sh601567:8.780,8.630,8.960,8.540,19282747;
sh601608:3.900,3.770,3.960,3.720,48569908;
sh601616:3.170,3.080,3.200,3.030,16692703;
sh601677:11.760,11.920,11.840,11.580,13699774;
sh601689:22.510,21.930,22.860,21.500,27405516;
sh601700:6.260,5.990,6.330,5.850,56795026;
sh601727:4.730,4.720,4.770,4.680,24384900;
sh601789:4.820,4.560,4.820,4.470,156125405;
sh601799:100.900,97.450,101.300,96.350,3080521;
sh601818:3.880,3.870,3.900,3.860,99835866;
sh601866:2.220,2.220,2.290,2.190,76627775;
sh601958:6.690,6.610,6.770,6.570,18678300;
sh601968:4.630,4.700,4.760,4.630,3252160;
sh601996:2.700,2.700,2.730,2.680,17698455;
sh603002:4.670,4.790,4.830,4.650,22788450;
sh603003:9.410,10.000,10.000,10.000,19079255;
sh603006:11.560,11.890,12.350,11.560,5985834;
sh603009:8.010,8.060,8.350,7.710,25781017;
sh603010:15.420,15.620,16.320,15.420,16542731;
sh603015:6.150,6.400,6.400,6.150,12908253;
sh603017:10.780,10.830,11.150,10.480,12608324;
sh603018:12.790,12.230,13.000,12.030,54242621;
sh603020:8.010,7.990,8.100,7.920,3487016;
sh603021:6.950,6.760,6.970,6.650,3209792;
sh603022:15.480,16.180,16.130,15.440,4084441;
sh603023:5.230,5.600,5.350,4.920,56414523;
sh603025:8.700,8.860,9.000,8.700,5026477;
sh603085:7.130,6.960,7.180,6.910,4478594;
sh603088:9.120,9.230,9.190,9.040,2550329;
sh603099:8.480,8.410,8.530,8.390,1791092;
sh603108:10.970,11.140,11.220,10.950,9463599;
sh603111:6.880,6.500,6.980,6.450,31160434;
sh603116:6.500,6.610,6.530,6.390,5932205;
sh603117:3.800,3.760,3.820,3.720,11227680;
sh603123:7.680,7.800,7.960,7.670,6347153;
sh603126:4.500,4.530,4.550,4.460,7966701;
sh603158:24.300,25.230,25.390,24.010,5558656;
sh603168:8.860,8.780,8.990,8.690,6122425;
sh603222:52.560,52.440,53.390,52.370,372669;
sh603227:4.500,4.470,4.550,4.400,15013517;
sh603268:15.900,15.550,15.900,15.510,1500140;
sh603299:6.260,6.240,6.350,6.190,7280954;
sh603300:7.720,7.620,7.780,7.520,21062600;
sh603308:19.150,19.100,19.600,18.810,13871098;
sh603318:9.490,8.990,9.780,8.910,29406928;
sh603333:7.050,6.980,7.110,6.930,9590350;
sh603366:6.600,6.680,6.900,6.530,29406620;
sh603456:19.960,20.460,20.960,19.720,19015591;
sh603508:63.380,61.760,64.780,61.290,5283508;
sh603519:13.260,13.470,13.560,13.200,2626479;
sh603566:18.220,19.920,19.420,18.210,16309776;
sh603568:29.880,30.400,30.460,29.110,7777491;
sh603600:12.220,12.410,12.350,12.070,8728331;
sh603601:12.120,12.500,12.670,12.100,92601855;
sh603609:11.990,11.800,12.000,11.670,9389448;
sh603611:20.120,19.280,20.500,19.000,5388103;
sh603616:7.580,7.440,7.780,7.360,7332702;
sh603618:5.620,5.620,5.780,5.520,19661730;
sh603688:26.010,25.330,26.780,25.150,12370630;
sh603703:15.910,16.060,16.500,15.880,2951332;
sh603789:13.800,13.690,13.940,13.540,4936113;
sh603800:11.560,11.300,11.570,11.230,2039100;
sh603808:12.750,12.760,12.940,12.680,4113491;
sh603818:7.510,7.430,7.560,7.370,2407176;
sh603838:7.960,7.880,8.070,7.840,1183400;
sh603918:12.160,12.300,12.420,12.020,10413886;
sh603936:22.980,22.960,23.670,22.550,14329589;
sh603968:14.650,14.620,14.740,14.530,3999113;
sh603989:27.590,28.590,28.330,27.550,4153201;
sh603997:8.600,8.530,9.110,8.470,6398483;
sh603998:7.270,7.370,7.420,7.270,8915500;
sh603999:6.770,6.690,6.880,6.610,8933831;
sh600127:4.740,4.900,4.880,4.710,49356559;
sh603377:16.280,16.020,16.350,15.950,2765018;
sh601900:10.750,10.680,10.790,10.580,12795607;
sh603919:15.030,14.950,15.160,14.810,4224860;
sh603861:8.060,7.990,8.160,7.930,2137298;
sh603028:10.620,10.400,10.620,10.300,1730603;
sh603798:10.230,10.160,10.340,10.020,2498400;
sh603701:12.700,12.400,12.700,12.220,4737985;
sh603726:24.700,25.670,25.200,24.220,7666753;
sh603528:7.810,7.970,8.180,7.810,11856884;
sh603339:13.180,13.050,13.370,13.000,2800315;
sh603131:21.630,21.530,22.620,21.340,7773200;
sh603016:18.530,18.080,18.960,18.010,5675403;
sh603069:11.840,11.880,12.090,11.560,5406030;
sh600936:4.280,4.080,4.280,4.010,35411872;
sh601997:8.630,8.540,8.700,8.520,29789095;
sh601595:13.050,12.860,13.150,12.720,2527083;
sh603515:25.560,25.750,26.550,25.520,6002580;
sh603843:4.780,4.510,4.880,4.500,39369825;
sh601163:14.220,14.420,14.570,14.180,8350557;
sh603393:36.330,36.500,36.340,35.380,5685180;
sh603738:31.290,29.880,31.300,29.530,9610305;
sh601128:8.170,8.100,8.190,8.070,24901230;
sh603313:27.790,27.400,28.360,26.590,6963289;
sh600926:8.850,8.800,8.870,8.750,23029774;
sh603888:26.970,26.590,27.480,26.340,13455621;
sh603060:21.730,21.640,22.140,21.360,2553612;
sh603633:12.320,12.350,12.450,12.110,8694022;
sh603987:9.680,10.120,10.010,9.680,14280158;
sh603336:14.870,14.900,15.000,14.650,7818427;
sh603660:14.390,14.450,15.080,14.170,20082020;
sh603559:19.500,18.720,19.750,18.400,17771782;
sh603033:21.970,21.850,22.650,21.520,2205952;
sh603389:4.860,4.770,4.910,4.690,3933390;
sh603058:6.900,6.780,6.940,6.730,1914116;
sh603886:16.330,16.020,16.340,15.900,3696400;
sh603239:10.990,10.780,11.100,10.630,1858346;
sh601375:5.640,5.690,5.820,5.590,66569851;
sh603035:15.530,15.120,15.610,14.810,9921526;
sh603032:21.270,20.450,21.270,20.140,8956589;
sh603877:16.140,16.350,16.460,16.020,2360368;
sh603689:10.900,10.730,10.930,10.680,5007000;
sh603579:28.590,28.160,28.770,28.100,942902;
sh603639:26.530,27.370,26.570,26.110,5701895;
sh601858:11.100,11.030,11.280,10.970,4557035;
sh603638:34.760,33.450,34.860,33.330,2109469;
sh603429:41.690,40.720,42.960,40.020,3688920;
sh603966:10.400,10.300,10.550,10.160,3707642;
sh603089:12.820,12.920,13.150,12.710,1363203;
sh603360:31.690,30.590,31.710,30.090,2798651;
sh603677:11.850,11.480,11.850,11.370,912610;
sh603637:14.850,14.680,14.950,14.540,1224595;
sh601212:3.200,3.140,3.220,3.100,34654124;
sh603603:8.030,8.040,8.120,7.940,6529910;
sh603817:6.160,6.250,6.230,6.160,4612585;
sh603717:8.140,8.060,8.170,7.920,4227059;
sh603656:14.010,14.100,14.420,13.940,910080;
sh603133:25.400,24.770,26.340,24.400,9661440;
sh603811:25.270,25.190,25.470,24.980,2316925;
sh603955:16.130,16.350,16.860,16.030,2650859;
sh603908:23.900,23.440,23.900,23.300,522400;
sh603991:16.250,16.080,16.490,16.010,690538;
sh603578:22.250,22.000,22.560,21.900,2108054;
sh601366:5.460,5.420,5.470,5.400,5699833;
sh603787:14.800,14.880,14.800,14.520,6164800;
sh603320:16.330,16.190,16.640,16.120,2864720;
sh603906:9.770,9.850,9.900,9.680,4154271;
sh603586:17.760,17.700,18.070,17.520,1775483;
sh603538:24.300,26.700,24.890,24.280,12201394;
sh603385:10.400,10.210,10.400,10.120,5291163;
sh603178:10.040,9.930,10.380,10.000,4265100;
sh603238:26.260,27.480,26.990,26.200,8008568;
sh603229:24.100,24.480,24.470,24.090,1343991;
sh603728:13.280,12.980,13.640,12.930,8879345;
sh603896:29.280,30.480,29.670,29.080,1857840;
sh603488:8.370,8.420,8.550,8.300,1603600;
sh603197:36.750,36.500,38.480,36.010,7534261;
sh603580:11.420,11.370,11.640,11.250,1077308;
sh603200:38.990,42.090,40.850,38.010,10547879;
sh603042:16.790,16.600,17.440,16.380,11546190;
sh603536:15.250,15.010,15.550,14.910,10361598;
sh603326:18.520,18.490,18.700,18.250,3272840;
sh603316:8.400,8.320,8.440,8.190,1746800;
sh603335:4.470,4.430,4.500,4.370,7299033;
sh603380:17.190,17.230,17.730,17.010,3576326;
sh603286:16.580,16.610,16.880,16.270,2511971;
sh603938:31.200,30.230,32.350,29.880,4178491;
sh603331:15.800,15.820,16.000,15.710,634554;
sh603933:14.180,14.370,14.670,14.180,3834712;
sh603595:39.060,39.810,41.000,37.800,7118416;
sh603612:12.500,12.850,12.660,12.260,5657029;
sh603676:10.190,10.220,10.260,10.130,2403700;
sh603063:9.740,9.510,9.890,9.450,5515175;
sh603233:55.900,56.850,56.840,55.810,4331136;
sh603357:11.530,11.150,11.700,10.910,27997682;
sh603860:26.040,26.240,26.460,25.830,473492;
sh603880:17.030,18.700,17.780,17.030,23714486;
sh603776:20.670,20.150,20.950,20.030,4067692;
sh603976:17.200,17.520,17.480,17.200,3339188;
sh603079:52.020,50.250,54.000,49.030,4292785;
sh603725:6.430,6.390,6.550,6.310,2482094;
sh603813:18.130,17.740,18.230,17.610,856200;
sh603136:23.000,22.680,23.300,22.630,1412648;
sh603378:30.490,33.420,31.330,29.720,2984127;
sh603367:17.130,17.270,17.280,17.010,5792000;
sh603103:15.720,15.310,15.720,15.250,4061154;
sh603110:17.100,16.670,17.180,16.520,4562120;
sh603499:15.150,15.230,15.430,15.040,2028421;
sh603829:9.750,9.720,9.890,9.580,894772;
sh603722:36.000,35.910,37.450,35.800,2079252;
sh603659:83.670,82.070,85.620,81.110,7704502;
sh603076:21.430,21.460,21.800,21.070,570900;
sh603661:38.450,37.860,38.450,37.710,958346;
sh601019:6.870,6.770,6.870,6.720,7316821;
sh603890:11.910,11.640,12.080,11.450,8609858;
sh603477:12.200,12.460,12.340,11.900,16555808;
sh603895:19.880,19.870,20.180,19.510,1070470;
sh603516:49.500,47.720,50.260,47.210,3485117;
sh603871:29.460,29.290,29.810,29.180,1252412;
sh603709:23.000,23.000,23.220,22.870,519736;
sh603712:27.800,28.750,29.960,27.800,15797434;
sh603059:24.330,24.180,24.440,23.900,1295699;
sh600929:6.050,6.000,6.100,5.970,7732789;
sh603897:17.840,17.710,18.130,17.550,1923975;
sh603301:39.500,41.000,40.870,39.190,18755549;
sh603773:36.670,36.310,37.670,36.130,3218784;
sh603666:101.880,99.600,103.930,100.110,841714;
sh601990:14.360,14.760,14.470,14.110,215164329;
sh603713:56.000,55.620,57.000,53.550,3098391;
sh601606:9.810,9.930,10.250,10.070,10876958;
sh603590:37.400,36.960,37.640,36.540,2761602;
sh603192:25.380,25.400,25.580,25.150,1225407;
sh601068:4.890,4.700,4.910,4.650,24765448;
sh603297:39.380,39.550,41.300,38.720,4121387;
sh603790:13.630,13.420,13.750,13.300,3006760;
