sh600010:1.200,1.190,1.210,1.190,208559045;
sh600010:1.200,1.190,1.210,1.190,208559045;
sh600048:16.450,16.250,16.660,16.180,74638194;
sh600053:29.980,28.660,30.700,28.380,13010120;
sh600061:14.050,13.710,14.210,13.700,31095047;
sh600063:4.250,4.120,4.270,4.120,38477618;
sh600071:10.060,9.920,10.210,10.050,3018882;
sh600076:4.090,4.040,4.110,4.040,17320900;
sh600077:3.040,2.970,3.050,2.970,7778285;
sh600078:5.130,5.020,5.270,5.010,21584802;
sh600079:14.600,14.120,14.600,14.090,21875598;
sh600081:11.970,11.790,12.200,11.750,7723473;
sh600082:3.700,3.700,3.750,3.700,9256470;
sh600090:4.510,4.540,4.610,4.500,37098513;
sh600101:6.460,6.350,6.500,6.350,3792770;
sh600111:9.390,9.270,9.440,9.270,25966690;
sh600113:6.880,6.950,7.060,6.830,12980057;
sh600115:4.840,4.870,4.880,4.780,114199711;
sh600120:10.160,9.920,10.310,10.020,23002364;
sh600146:15.070,14.480,15.680,14.430,15684638;
sh600151:4.880,4.890,5.110,4.860,23504362;
sh600156:5.550,5.610,5.650,5.440,23453509;
sh600160:7.850,7.580,7.930,7.540,64615146;
sh600161:34.160,33.510,34.520,33.510,7233973;
sh600162:2.190,2.200,2.280,2.170,20543604;
sh600169:2.190,2.390,2.410,2.180,120091850;
sh600175:1.440,1.450,1.490,1.430,71676036;
sh600197:13.840,13.700,13.930,13.690,4836143;
sh600199:5.440,5.380,5.450,5.370,7676886;
sh600200:8.200,8.130,8.250,8.030,39945720;
sh600203:14.220,12.460,14.220,12.150,59160363;
sh600206:14.210,13.660,14.270,13.660,44638836;
sh600207:4.710,4.640,4.780,4.630,9417140;
sh600208:3.360,3.270,3.380,3.270,84540309;
sh600213:8.150,8.030,8.260,8.000,4425441;
sh600218:10.120,9.910,10.240,10.080,9225736;
sh600221:1.750,1.870,1.900,1.730,572138659;
sh600223:8.470,8.000,8.480,7.950,31401568;
sh600226:2.810,2.820,2.860,2.790,101160237;
sh600227:2.910,3.070,3.000,2.910,49678224;
sh600235:5.100,5.100,5.200,5.070,15970300;
sh600236:4.480,4.520,4.540,4.480,3007434;
sh600242:7.800,7.560,7.880,7.530,15956800;
sh600246:5.280,5.550,5.360,5.200,25355508;
sh600262:16.290,16.250,16.740,16.250,869800;
sh600266:7.550,7.400,7.560,7.400,12870391;
sh600267:14.200,13.670,14.210,13.630,50853659;
sh600268:6.480,6.300,6.790,6.270,40467500;
sh600278:10.790,10.370,10.790,10.370,10589007;
sh600279:4.040,4.020,4.100,4.010,8377036;
sh600283:9.510,9.290,9.520,9.290,2278891;
sh600285:9.360,9.260,9.410,9.260,7008862;
sh600288:12.430,12.180,12.610,12.110,6430165;
sh600291:7.930,7.750,7.960,7.750,13774069;
sh600293:3.510,3.670,3.670,3.510,27223483;
sh600300:3.100,3.130,3.140,3.070,28288750;
sh600311:2.990,3.000,3.020,2.940,23509851;
sh600313:3.110,3.190,3.150,3.100,64090400;
sh600317:2.330,2.320,2.350,2.290,17577209;
sh600322:2.760,2.750,2.800,2.740,39157165;
sh600323:20.730,20.630,21.210,20.400,9887343;
sh600326:7.040,6.910,7.070,6.890,17874391;
sh600336:6.220,5.910,6.290,5.900,47270190;
sh600337:4.250,4.200,4.260,4.180,8847182;
sh600338:10.200,9.990,10.320,10.000,8622066;
sh600339:2.920,2.990,2.940,2.890,66219556;
sh600351:5.540,5.460,5.570,5.440,7396448;
sh600353:6.520,6.120,6.790,6.100,60260592;
sh600354:4.690,4.710,4.720,4.610,31521699;
sh600355:4.600,4.600,4.600,4.600,12419902;
sh600360:8.950,9.010,9.280,8.810,160384982;
sh600363:16.240,16.490,16.530,15.930,27667304;
sh600366:5.880,5.850,5.940,5.830,18859672;
sh600371:12.250,12.300,12.340,12.150,14282695;
sh600375:4.740,4.670,4.820,4.640,11820545;
sh600381:5.050,5.090,5.180,5.040,6498864;
sh600392:7.300,7.250,7.390,7.210,16048397;
sh600393:2.720,2.740,2.740,2.700,24590600;
sh600398:6.940,6.920,6.970,6.900,9039965;
sh600419:11.700,11.960,11.720,11.580,5788383;
sh600425:4.140,4.050,4.150,4.040,40175822;
sh600429:5.120,5.120,5.160,5.110,3328264;
sh600449:11.300,11.050,11.340,11.040,11646695;
sh600455:27.380,27.120,27.940,27.110,2856208;
sh600463:6.810,6.730,7.050,6.700,4030260;
sh600466:6.700,6.730,6.730,6.590,26745783;
sh600467:2.450,2.420,2.560,2.420,48463017;
sh600476:13.950,13.940,14.180,13.720,4814496;
sh600478:4.550,4.440,4.630,4.430,25115390;
sh600479:9.150,8.990,9.150,8.990,8172484;
sh600480:10.920,10.610,11.280,10.420,21641751;
sh600481:3.260,3.240,3.310,3.230,8373302;
sh600488:4.900,4.770,4.920,4.760,11219161;
sh600495:4.700,4.500,4.980,4.460,107208873;
sh600499:5.130,5.090,5.200,5.080,17359134;
sh600501:8.960,9.150,9.550,8.900,15157990;
sh600503:3.470,3.390,3.490,3.380,26538674;
sh600505:9.700,9.790,10.000,9.670,5876705;
sh600506:9.080,9.130,9.360,9.030,5321354;
sh600517:8.200,7.840,8.280,7.810,42560521;
sh600520:10.170,10.120,10.400,10.020,2715887;
sh600525:5.600,5.490,5.720,5.480,19049209;
sh600526:5.480,5.450,5.560,5.450,4372359;
sh600527:3.090,3.070,3.090,3.020,87217957;
sh600530:3.900,3.960,4.000,3.860,10105072;
sh600533:3.610,3.460,3.630,3.460,50361876;
sh600537:3.530,3.440,3.660,3.430,27215266;
sh600549:12.180,12.100,12.230,12.070,9958300;
sh600559:9.580,9.460,9.600,9.460,14817314;
sh600562:17.020,16.080,17.260,16.060,26528001;
sh600568:1.720,1.710,1.740,1.710,34310774;
sh600573:6.090,6.100,6.200,6.070,5135132;
sh600587:18.630,18.850,18.640,18.170,17780082;
sh600593:39.430,39.280,39.690,39.060,679604;
sh600596:9.350,9.190,9.350,9.170,12395435;
sh600601:3.520,3.490,3.590,3.470,28537321;
sh600602:8.670,8.400,8.800,8.390,16217343;
sh600603:5.700,5.600,5.880,5.600,37462832;
sh600604:8.660,8.400,8.940,8.370,59802414;
sh600613:7.880,7.700,7.890,7.690,5727600;
sh600623:6.080,6.000,6.120,5.980,10944513;
sh600624:10.390,10.110,10.460,10.110,33172263;
sh600626:6.470,6.390,6.500,6.380,18127054;
sh600628:10.310,10.430,10.850,10.250,6701648;
sh600630:9.180,8.970,9.200,8.860,25576208;
sh600638:5.910,5.780,5.920,5.780,4008557;
sh600639:13.090,12.750,13.090,12.750,2958110;
sh600640:20.160,19.900,21.050,19.770,13824998;
sh600641:22.150,20.980,22.390,20.900,23712902;
sh600644:5.220,5.150,5.230,5.150,2460955;
sh600645:22.950,23.850,23.980,22.510,44642597;
sh600647:13.890,14.250,14.250,13.720,4558256;
sh600649:6.200,6.070,6.250,5.980,18257197;
sh600651:3.840,3.780,3.850,3.770,10688606;
sh600661:18.550,17.950,18.650,17.900,3423821;
sh600662:4.160,4.180,4.240,4.130,14607953;
sh600668:15.120,14.700,15.180,14.690,10009068;
sh603179:21.950,23.870,23.870,21.950,3133813;
sh600671:11.790,11.910,11.960,11.710,2579329;
sh600677:5.090,5.330,5.360,5.090,40383850;
sh600678:8.400,8.180,8.480,8.180,33248344;
sh600682:10.240,10.510,10.340,10.050,47633829;
sh600683:4.190,4.160,4.200,4.150,4524243;
sh600684:3.350,3.430,3.390,3.340,20831977;
sh600689:8.900,8.870,9.120,8.850,3253020;
sh600693:5.120,5.100,5.120,5.050,3441934;
sh600695:9.210,8.780,9.310,8.760,33537378;
sh600697:15.900,15.730,15.920,15.720,1517800;
sh600706:7.830,8.000,8.000,7.800,5043998;
sh600708:3.230,3.190,3.250,3.180,17784813;
sh600711:4.700,4.630,4.730,4.630,25335906;
sh600712:6.440,6.590,6.650,6.420,42198644;
sh600716:4.260,4.180,4.290,4.180,6876778;
sh600719:4.210,4.190,4.260,4.170,3872781;
sh600724:4.340,4.150,4.380,4.150,34813247;
sh600730:4.830,4.850,4.900,4.780,9831844;
sh600734:5.480,5.380,5.640,5.370,25410907;
sh600736:5.780,6.160,6.190,5.770,85029088;
sh600737:8.620,8.670,8.960,8.550,27248182;
sh600744:2.430,2.450,2.500,2.420,15041439;
sh600746:7.340,7.280,7.480,7.270,4305229;
sh600748:5.510,5.520,5.550,5.460,25995555;
sh603893:78.010,72.510,79.300,72.200,13699081;
sh600755:6.860,6.860,6.870,6.800,29471814;
sh600756:20.500,20.080,20.750,20.050,8355824;
sh600764:29.000,29.310,30.650,28.900,6994199;
sh600770:5.500,5.400,5.610,5.380,20791422;
sh600771:14.600,15.200,14.800,14.600,14023403;
sh600773:6.300,6.100,6.400,6.070,17133105;
sh600777:1.950,1.940,1.970,1.930,76963957;
sh600783:16.610,16.270,16.880,16.250,37547946;
sh600784:4.720,4.650,4.730,4.640,3838129;
sh600785:14.600,14.290,14.600,14.250,271327;
sh600796:5.740,5.700,5.820,5.690,5454530;
sh600800:5.190,5.100,5.240,5.100,10044427;
sh600802:11.730,11.680,11.780,11.500,29746770;
sh600808:2.800,2.890,2.870,2.750,81489549;
sh600818:10.650,10.600,10.760,10.500,1227205;
sh600819:5.060,4.940,5.080,4.920,6247900;
sh600821:4.520,4.710,4.650,4.450,14290009;
sh600822:9.560,9.450,9.630,9.430,5870600;
sh600824:3.230,3.210,3.280,3.210,5024729;
sh600825:4.960,4.980,5.030,4.920,6783862;
sh600828:4.140,4.100,4.170,4.100,7183419;
sh600829:7.970,7.880,7.980,7.880,6296300;
sh600830:6.750,7.020,7.020,6.700,48395368;
sh600831:9.530,9.410,9.700,9.400,29661223;
sh600833:9.990,10.030,10.110,10.050,2110700;
sh600834:6.650,6.620,6.760,6.600,3368325;
sh600836:4.560,4.530,4.600,4.520,6684900;
sh600838:5.700,5.790,5.750,5.690,7121365;
sh600841:7.230,7.100,7.350,7.100,4025400;
sh600843:8.280,8.560,8.630,8.270,29335575;
sh600846:9.200,9.030,9.300,9.020,16005431;
sh600851:8.310,8.590,8.650,8.230,12816295;
sh600853:4.130,4.000,4.230,3.990,64002907;
sh600854:3.900,4.030,4.080,3.880,16603328;
sh600855:11.710,11.950,12.150,11.630,11188243;
sh600857:9.800,9.800,9.980,9.740,763300;
sh600860:4.830,4.750,5.020,4.750,5582800;
sh600861:11.430,10.970,11.430,10.950,3017944;
sh600862:12.810,12.810,13.260,12.710,23992159;
sh600864:7.950,7.720,8.080,7.710,57078344;
sh600865:6.290,6.240,6.290,6.220,4320423;
sh600866:5.810,5.900,5.880,5.700,42247937;
sh600867:12.040,11.860,12.140,11.840,27298959;
sh600868:3.570,3.450,3.590,3.450,64911473;
sh600869:4.790,4.570,4.850,4.560,82731701;
sh600871:2.260,2.200,2.270,2.190,67138031;
sh600874:7.190,7.110,7.220,7.100,11103447;
sh600876:15.680,15.310,16.200,15.280,12689614;
sh600879:7.300,7.360,7.870,7.240,161431143;
sh600880:3.900,3.860,4.020,3.860,18509177;
sh600882:20.010,19.700,20.600,19.510,6744269;
sh600885:34.800,34.190,34.990,34.010,5986266;
sh600888:4.990,4.920,5.120,4.910,26901650;
sh600889:5.300,5.370,5.330,5.110,20181397;
sh600894:7.100,7.060,7.250,7.050,7574700;
sh600898:7.130,7.060,7.330,7.030,3335336;
sh600917:6.690,6.650,6.770,6.640,4204300;
sh600959:3.850,3.830,3.880,3.830,23590920;
sh600962:7.350,8.030,8.030,7.350,4597543;
sh600965:8.100,7.850,8.150,7.790,10092928;
sh600966:8.880,8.810,9.310,8.550,45381506;
sh600973:4.550,4.550,4.850,4.510,51876120;
sh600976:17.680,17.440,17.890,17.440,2946674;
sh600980:13.130,12.870,13.180,12.870,2103488;
sh600981:3.630,3.770,3.640,3.580,27076926;
sh600982:2.890,2.900,2.980,2.880,6020100;
sh600983:4.500,4.480,4.500,4.440,2019200;
sh600986:4.290,4.140,4.330,4.140,45610687;
sh600988:7.460,7.830,7.700,7.360,122123577;
sh600990:44.280,44.060,45.580,44.060,2064130;
sh600992:6.700,6.620,6.750,6.610,2485038;
sh601002:6.510,6.360,6.780,6.350,36544661;
sh601008:3.850,3.890,4.030,3.820,29612136;
sh601016:2.400,2.410,2.440,2.380,44575300;
sh601069:14.700,14.920,14.930,14.630,15383970;
sh601100:56.590,54.810,56.830,54.810,3270324;
sh601106:2.840,2.810,2.900,2.810,41012203;
sh601118:4.540,5.010,5.010,4.490,161629256;
sh601126:6.960,6.670,7.090,6.660,29501058;
sh601168:6.340,6.250,6.380,6.250,18447463;
sh601199:3.850,3.830,3.870,3.820,5987010;
sh601222:5.910,6.120,6.180,5.910,71654503;
sh601226:4.080,4.110,4.240,4.050,6835901;
sh601233:14.320,13.880,14.330,13.850,31577199;
sh601311:9.950,10.080,10.230,10.040,32934326;
sh601339:3.840,3.810,3.850,3.790,6347719;
sh601388:1.920,1.870,1.920,1.860,36228860;
sh601515:7.200,7.220,7.290,7.110,20358915;
sh601567:8.650,8.380,8.730,8.380,10172860;
sh601608:3.750,3.760,3.940,3.720,42933321;
sh601616:3.370,3.340,3.500,3.340,59683468;
sh601677:11.400,11.310,11.590,11.310,5466775;
sh601689:22.910,22.330,23.190,22.180,20036786;
sh601700:6.920,7.290,7.420,6.880,117656937;
sh601727:5.160,5.020,5.190,5.000,50710154;
sh601789:4.600,4.510,4.750,4.460,79525389;
sh601799:104.000,101.840,104.490,100.220,1764297;
sh601818:3.870,3.820,3.880,3.820,97590639;
sh601866:2.220,2.270,2.320,2.210,128278928;
sh601958:6.600,6.530,6.610,6.520,13098576;
sh601968:4.720,4.690,4.780,4.690,3945601;
sh601996:2.870,2.880,2.880,2.840,28038752;
sh603003:9.030,9.230,9.460,9.000,16389315;
sh603006:11.810,11.480,11.860,11.450,1765300;
sh603009:7.880,7.430,7.900,7.400,12890303;
sh603010:15.240,14.500,15.450,14.480,11525621;
sh603015:6.550,6.640,6.810,6.490,10078722;
sh603017:10.780,10.520,10.840,10.520,2548882;
sh603018:11.200,11.190,11.400,11.070,11823459;
sh603020:8.240,8.170,8.270,8.160,4296900;
sh603021:6.740,6.680,6.850,6.610,3094600;
sh603022:16.450,17.030,17.000,16.430,4627900;
sh603023:6.200,6.270,6.270,6.010,16204761;
sh603025:9.350,9.010,9.440,8.980,6778132;
sh603085:7.260,7.170,7.420,7.150,5620245;
sh603088:9.270,9.250,9.470,9.250,2048549;
sh603099:8.560,8.600,8.670,8.510,2470135;
sh603108:11.380,11.300,11.470,11.230,7832638;
sh603111:7.680,7.600,8.100,7.590,59062598;
sh603116:7.020,7.040,7.200,6.860,6858621;
sh603117:3.860,3.880,3.940,3.850,10194920;
sh603123:9.190,8.880,9.190,8.870,4929900;
sh603126:4.670,4.740,4.870,4.620,12579701;
sh603158:23.130,22.510,24.800,22.450,3464900;
sh603168:9.250,9.100,9.480,9.090,6507484;
sh603222:52.550,53.370,52.850,52.200,970030;
sh603227:4.610,4.600,4.630,4.560,16539381;
sh603268:15.300,15.320,15.740,15.230,1434260;
sh603299:6.410,6.280,6.420,6.280,8653348;
sh603300:8.120,8.340,8.330,8.080,39704903;
sh603308:17.880,17.700,18.550,17.500,14535500;
sh603318:9.250,9.070,9.360,9.050,14065971;
sh603333:7.710,7.480,7.780,7.440,12276154;
sh603366:6.600,6.430,6.760,6.410,19336421;
sh603456:20.870,20.750,21.360,20.610,10379061;
sh603508:58.580,59.680,61.440,58.500,3359921;
sh603519:14.060,13.830,14.340,13.800,2308332;
sh603566:19.750,19.700,20.490,19.570,5089962;
sh603568:28.590,28.030,28.680,27.990,3072939;
sh603600:12.410,12.130,12.420,12.090,5454929;
sh603601:15.280,16.110,16.150,14.920,129634807;
sh603609:11.770,11.870,12.140,11.700,11190199;
sh603611:20.640,19.870,20.720,19.810,4894236;
sh603616:7.770,7.800,7.820,7.680,5019326;
sh603618:6.100,6.060,6.660,6.040,38438572;
sh603688:27.820,25.360,28.000,25.360,12936849;
sh603703:16.550,17.030,17.440,16.510,6643362;
sh603789:13.440,13.620,13.440,13.320,3404702;
sh603800:11.400,11.330,11.530,11.330,3090200;
sh603808:13.140,13.050,13.340,13.040,3752807;
sh603818:7.710,7.600,7.800,7.530,2078500;
sh603838:8.080,7.900,8.080,7.900,1134604;
sh603918:12.480,12.350,12.820,12.260,8773322;
sh603936:21.700,20.810,21.940,20.690,10304275;
sh603968:13.950,13.840,14.120,13.830,1562000;
sh603989:25.670,25.280,26.180,25.190,2083883;
sh603997:7.900,7.850,8.100,7.840,3789568;
sh603998:7.270,7.130,7.270,7.120,4960700;
sh603999:6.620,6.470,6.670,6.460,7942560;
sh600127:4.700,4.670,4.730,4.630,29664179;
sh603377:15.670,15.370,15.700,15.310,2057040;
sh601900:10.200,10.120,10.350,10.100,7062738;
sh603919:14.990,14.780,15.040,14.750,3280251;
sh603861:9.030,8.870,9.280,8.860,6362066;
sh603028:10.990,10.830,11.070,10.820,1464784;
sh603798:10.670,10.440,10.690,10.410,2522539;
sh603701:12.400,12.130,12.680,12.110,4624893;
sh603726:24.900,25.000,25.540,24.100,3366090;
sh603528:7.880,8.000,8.350,7.860,9937250;
sh603339:13.420,13.210,13.630,13.210,2134835;
sh603131:21.320,20.550,23.280,20.550,15978295;
sh603016:19.970,21.430,21.180,19.750,8723059;
sh603069:14.170,14.750,15.270,13.850,21372834;
sh600936:3.960,3.930,4.000,3.930,10523881;
sh601997:8.410,8.310,8.430,8.310,19284590;
sh601595:13.620,13.990,13.680,13.400,9275300;
sh603515:25.810,25.360,25.840,25.350,2353233;
sh603843:4.460,4.550,4.630,4.390,14829011;
sh601163:14.550,14.320,14.600,14.300,4319905;
sh603393:38.830,39.210,40.510,38.830,5661964;
sh603738:28.060,27.800,28.760,27.650,9510209;
sh601128:8.030,7.870,8.060,7.870,26822181;
sh603313:25.620,24.740,25.960,24.730,4777684;
sh600926:8.700,8.610,8.710,8.600,14982831;
sh603888:25.130,24.600,25.630,24.500,9948450;
sh603060:21.240,20.940,21.600,20.800,1671073;
sh603633:12.670,12.130,12.900,12.010,7782894;
sh603987:11.360,12.040,12.100,11.060,31118544;
sh603336:14.650,14.750,14.780,14.560,7330661;
sh603660:13.510,13.160,13.960,13.110,12100965;
sh603559:33.170,31.000,33.170,31.000,44497771;
sh603033:21.800,22.400,23.170,21.800,4791938;
sh603389:5.090,5.090,5.240,5.050,3335433;
sh603058:7.090,7.020,7.200,7.020,3176953;
sh603886:17.250,17.330,17.290,17.080,4381193;
sh603239:12.810,12.950,13.370,12.770,5384526;
sh601375:6.060,5.900,6.120,5.900,117491634;
sh603035:16.190,16.850,16.880,15.920,19386554;
sh603032:19.510,20.090,19.750,19.300,5217338;
sh603877:15.740,15.480,15.880,15.430,1418371;
sh603689:10.970,10.860,11.060,10.860,2670324;
sh603579:28.770,28.390,29.200,28.300,808027;
sh603639:26.200,25.800,26.320,25.770,1968193;
sh601858:10.720,10.600,10.880,10.590,2154283;
sh603638:33.380,32.100,33.570,32.010,1120564;
sh603429:38.290,37.270,39.170,37.190,2048604;
sh603966:10.770,10.380,10.770,10.290,3649014;
sh603089:12.850,12.860,13.050,12.680,1237695;
sh603360:30.100,29.380,30.550,29.300,2014987;
sh603677:11.900,11.690,11.900,11.670,1673290;
sh603637:14.230,14.070,14.270,14.010,1080880;
sh601212:3.160,3.140,3.190,3.140,20404720;
sh603603:8.180,8.320,8.440,8.180,6687772;
sh603817:6.390,6.430,6.500,6.390,4043000;
sh603717:8.280,8.170,8.390,8.160,4333202;
sh603656:15.150,14.870,15.290,14.870,950287;
sh603133:22.200,21.720,22.450,21.700,5096574;
sh603811:24.970,24.570,25.040,24.550,1431727;
sh603955:17.180,16.610,17.300,16.500,1986558;
sh603908:24.580,24.480,25.150,24.270,653548;
sh603991:19.880,21.540,21.540,19.540,7191710;
sh603578:22.590,21.960,22.590,21.900,975396;
sh601366:6.000,6.160,6.180,5.940,26263421;
sh603787:14.910,14.110,14.910,14.080,3329862;
sh603320:16.780,16.380,17.150,16.380,2667708;
sh603906:10.250,10.100,10.420,10.070,4542303;
sh603586:18.160,17.680,18.300,17.660,1812100;
sh603538:30.920,29.370,32.150,29.370,9571447;
sh603385:10.490,10.490,10.650,10.450,3177907;
sh603178:9.940,9.640,10.020,9.620,3480200;
sh603238:26.810,26.480,27.600,26.000,5141452;
sh603229:24.660,23.850,24.660,23.800,799183;
sh603728:13.290,12.890,13.520,12.840,6007944;
sh603896:29.250,28.880,29.450,28.830,692200;
sh603488:8.570,8.630,8.670,8.570,3142000;
sh603197:32.830,31.400,32.840,31.180,4170996;
sh603580:11.990,12.160,12.150,11.950,1753645;
sh603200:47.590,44.390,47.730,44.390,6186019;
sh603042:22.300,22.300,22.300,22.300,723165;
sh603536:13.770,13.540,13.940,13.530,6461837;
sh603326:18.700,18.560,18.890,18.230,2993080;
sh603316:10.530,10.280,10.700,9.800,11206010;
sh603335:4.510,4.460,4.580,4.440,8582505;
sh603380:17.960,17.780,18.260,17.680,4588123;
sh603286:16.850,16.830,17.080,16.770,2080929;
sh603938:31.650,31.510,32.480,31.170,4446773;
sh603331:16.350,16.720,16.540,16.310,2942129;
sh603933:15.100,14.450,15.100,14.450,3417465;
sh603595:36.650,34.820,37.210,34.480,3078129;
sh603612:14.240,13.650,14.500,13.620,7008390;
sh603676:10.120,11.010,10.200,10.110,12654761;
sh603063:9.660,9.220,9.690,9.200,5023507;
sh603233:59.180,58.130,59.180,57.510,2793007;
sh603357:10.960,10.670,10.960,10.630,6659529;
sh603860:27.540,27.350,27.760,27.160,486380;
sh603880:17.800,18.740,18.390,17.100,17605550;
sh603776:21.150,20.660,21.470,20.550,5158717;
sh603976:17.150,16.990,17.480,16.960,2151880;
sh603079:47.470,45.880,47.490,45.010,4025386;
sh603725:6.700,6.720,6.840,6.650,3568060;
sh603813:18.150,17.880,18.240,17.500,1385825;
sh603136:22.990,23.320,23.610,22.990,2032368;
sh603378:29.700,30.700,29.900,29.330,1125076;
sh603367:17.600,17.650,17.850,17.400,6263063;
sh603103:16.240,16.790,16.500,16.100,13280143;
sh603110:16.710,17.150,17.500,16.620,8550567;
sh603499:16.350,15.660,16.370,15.600,1909424;
sh603829:10.220,10.130,10.350,10.100,1238279;
sh603722:35.440,32.990,35.440,32.550,2559600;
sh603659:78.940,77.900,80.180,77.300,4575108;
sh603076:22.780,22.300,23.680,22.300,1481505;
sh603661:38.250,38.140,38.920,38.140,820838;
sh601019:6.800,6.760,6.830,6.760,5514040;
sh603890:11.300,11.210,11.740,11.150,6976682;
sh603477:12.170,11.990,12.450,11.950,9610900;
sh603895:20.700,19.970,20.700,19.960,1177900;
sh603516:44.690,43.380,45.940,43.290,3428244;
sh603871:29.000,28.660,29.250,28.560,704488;
sh603709:24.160,24.170,24.340,24.020,437054;
sh603712:27.160,27.280,28.250,27.090,8926721;
sh603059:27.200,27.620,29.000,26.620,4852230;
sh600929:6.060,6.030,6.100,6.000,7250867;
sh603897:18.300,17.910,18.640,17.910,2163800;
sh603301:40.490,46.550,46.000,40.120,18724473;
sh603773:35.760,35.790,36.630,35.700,2608720;
sh603666:96.230,93.240,96.230,92.510,525211;
sh601990:18.530,18.150,18.880,18.020,254377588;
sh603713:56.770,57.370,59.300,55.520,2042744;
sh601606:9.820,9.850,10.140,9.820,10656008;
sh603590:39.300,39.690,40.210,38.880,3800775;
sh603192:27.970,26.930,28.100,26.870,4101495;
sh601068:4.870,4.830,5.050,4.820,14770112;
sh603297:36.690,36.300,37.440,36.220,1337600;
sh603790:13.840,13.620,13.920,13.620,2424140;
sh603583:46.510,45.190,47.330,44.930,2547610;
sh601975:2.600,2.680,2.750,2.570,185541108;
sh603629:25.300,25.090,25.800,25.030,1173500;
sh603185:46.740,46.930,48.850,46.000,3055140;
sh601298:6.130,6.130,6.300,6.110,14515825;
sh603700:35.730,33.310,35.770,33.020,4039300;
sh601615:11.500,11.720,11.790,11.400,29998262;
sh601865:12.830,12.620,13.200,12.460,11395775;
sh603317:43.760,43.190,43.840,43.000,1690012;
sh603697:12.920,12.900,12.930,12.730,6353902;
sh603982:17.000,16.570,17.250,16.560,3164900;
sh603327:29.560,28.760,29.920,28.730,3553223;
sh603915:14.610,15.250,15.240,14.600,13172209;
sh601236:25.500,24.330,25.500,24.310,59782268;
sh603530:22.600,21.680,23.490,21.680,12105837;
sh603115:19.200,19.090,19.790,19.050,3073199;
sh603992:19.600,18.920,19.800,18.720,7591207;
sh603755:48.960,46.790,49.400,46.200,620600;
sh600000:10.930,10.770,10.930,10.770,31688826;
sh600004:15.800,15.610,15.850,15.560,10348510;
sh600006:4.300,4.230,4.340,4.200,45513983;
sh600007:14.070,13.920,14.130,13.920,2357010;
sh600008:3.280,3.320,3.300,3.250,47867311;
sh600009:71.400,70.090,71.520,70.010,7233053;
sh600011:4.810,4.850,4.870,4.810,23426425;
sh600012:6.520,5.910,6.520,5.870,34378090;
sh600015:7.130,7.070,7.130,7.060,16240875;
sh600016:5.850,5.810,5.860,5.800,60740648;
sh600017:2.690,2.710,2.730,2.660,22821579;
sh600018:4.720,4.820,4.850,4.690,61728590;
sh600019:5.290,5.250,5.300,5.240,56159406;
sh600020:4.170,4.200,4.260,4.130,57066272;
sh600021:7.250,7.200,7.270,7.180,6880731;
sh600023:3.530,3.500,3.540,3.500,19496095;
sh600026:6.750,6.950,6.950,6.660,68842566;
sh600027:3.400,3.360,3.420,3.360,21863300;
sh600028:4.810,4.750,4.810,4.750,150508927;
sh600029:6.130,6.190,6.220,6.070,111626338;
sh600030:24.980,24.340,24.990,24.300,179069040;
sh600031:18.000,17.410,18.040,17.370,62175162;
sh600033:2.930,2.940,2.980,2.920,21135071;
sh600035:3.500,3.570,3.830,3.460,136423552;
sh600036:34.760,34.450,34.840,34.410,56655064;
sh600037:9.780,9.660,9.880,9.660,16321485;
sh600038:43.590,44.580,45.260,43.570,17152864;
sh600050:5.750,5.670,5.850,5.660,205452440;
sh600054:8.510,8.570,8.630,8.460,9753842;
sh600055:14.550,14.800,14.980,14.100,18452486;
sh600056:14.580,14.470,14.850,14.360,17667956;
sh600057:4.780,4.610,4.830,4.610,28706693;
sh600059:7.850,7.750,7.850,7.750,4520301;
sh600060:13.250,13.130,13.300,13.010,14888735;
sh600062:13.410,13.350,13.540,13.320,8560376;
sh600064:9.510,9.330,9.540,9.320,17011725;
sh600066:14.700,14.500,14.830,14.500,10170866;
sh600068:6.810,6.710,6.920,6.700,57472604;
sh600072:12.250,12.220,12.550,12.210,16371216;
sh600073:8.100,8.200,8.250,8.070,31594487;
sh600075:5.600,5.450,5.650,5.440,21533318;
sh600085:26.320,26.310,26.550,26.210,7245463;
sh600089:7.700,7.660,8.090,7.550,158096038;
sh600093:13.740,13.360,13.980,13.360,18455785;
sh600097:9.750,9.750,10.060,9.700,1874000;
sh600098:6.100,6.170,6.120,6.020,4645621;
sh600100:9.140,8.910,9.250,8.900,37978959;
sh600104:23.420,22.900,23.720,22.860,29577826;
sh600105:5.390,5.140,5.580,5.140,86408472;
sh600106:2.950,2.930,2.970,2.900,9925484;
sh600109:10.700,10.400,10.730,10.400,65042592;
sh600114:12.130,11.860,12.420,11.760,20686111;
sh600116:8.490,8.400,8.700,8.400,16868809;
sh600118:39.000,39.590,41.700,38.600,114099201;
sh600125:5.420,5.370,5.530,5.360,23750630;
sh600126:6.590,6.720,6.970,6.510,112754785;
sh600129:12.830,12.530,12.850,12.530,4742856;
sh600131:20.260,19.180,20.770,19.160,19871251;
sh600132:50.460,50.170,50.500,49.280,4127835;
sh600133:6.580,6.580,6.580,6.580,8401153;
sh600138:10.840,11.070,10.970,10.770,44256780;
sh600141:10.710,10.670,10.830,10.610,20613281;
sh600143:10.540,10.210,10.540,10.090,144277930;
sh600150:19.470,19.390,19.900,19.360,12970433;
sh600153:8.070,7.950,8.070,7.940,13526249;
sh600158:9.770,9.900,10.100,9.620,29232955;
sh600170:3.490,3.450,3.510,3.440,37757693;
sh600171:19.300,18.500,19.390,18.500,36062686;
sh600176:9.280,9.160,9.340,9.160,23698409;
sh600177:6.700,6.650,6.730,6.650,15399081;
sh600183:33.110,33.000,34.300,32.210,65006453;
sh600195:13.880,13.560,14.220,13.350,22213811;
sh600196:27.970,27.390,28.060,27.360,26784184;
sh600216:17.460,17.200,17.960,17.150,64376300;
sh600217:5.940,5.810,5.950,5.810,17161204;
sh600219:2.160,2.130,2.160,2.130,59189387;
sh600233:13.700,13.310,13.720,13.300,18172317;
sh600252:3.610,3.690,3.880,3.610,148093907;
sh600256:2.910,2.870,2.930,2.850,43141890;
sh600258:17.350,17.500,17.370,16.990,16626924;
sh600260:14.670,14.860,15.600,14.570,113949408;
sh600261:4.160,4.090,4.190,4.090,11893060;
sh600269:3.800,3.780,3.840,3.780,16133351;
sh600271:22.860,22.320,23.160,22.300,21145558;
sh600276:91.790,89.030,91.790,88.810,16010243;
sh600284:6.610,6.470,6.640,6.470,12395922;
sh601658:5.490,5.510,5.490,5.470,40526422;
sh600969:6.280,6.240,6.350,6.230,4202707;
sh600297:4.390,4.520,4.790,4.340,54944351;
sh600298:32.100,33.130,32.800,32.020,18331591;
sh600299:10.990,11.070,11.300,10.960,10574098;
sh600305:18.530,18.220,18.750,18.200,19856004;
sh600309:49.590,48.570,49.610,48.500,13835996;
sh600312:9.010,8.750,9.570,8.700,127642516;
sh600315:27.200,27.290,27.200,26.910,6232404;
sh600316:13.980,14.280,14.490,13.880,33707594;
sh600320:3.440,3.420,3.510,3.410,13344972;
sh600325:6.960,6.970,6.970,6.880,28170135;
sh600332:34.550,34.030,34.640,34.030,7871638;
sh600340:24.720,24.740,24.900,24.570,12960200;
sh600343:9.190,9.380,9.570,9.140,21077176;
sh600345:28.820,28.820,28.820,28.820,9737614;
sh600350:4.450,4.440,4.500,4.380,14862066;
sh600352:14.260,13.830,14.270,13.810,72721909;
sh600361:3.840,3.860,3.900,3.810,12815070;
sh600362:14.100,13.970,14.150,13.970,16982628;
sh600369:5.300,5.150,5.310,5.150,47138110;
sh600372:14.070,14.130,14.500,14.070,15997779;
sh600376:7.160,7.130,7.200,7.080,10950526;
sh600377:10.400,10.350,10.410,10.300,7196954;
sh600380:11.910,11.930,12.250,11.790,24389340;
sh600383:14.900,14.830,15.200,14.720,26075880;
sh600388:11.270,11.030,11.390,11.020,11161356;
sh600390:8.180,8.000,8.180,7.990,16787274;
sh600391:21.400,21.150,22.880,21.150,28517986;
sh600406:22.190,21.390,22.330,21.300,31619903;
sh600410:13.130,12.420,13.580,12.420,179336287;
sh600418:5.590,5.470,5.590,5.470,36621791;
sh600420:9.650,9.610,9.730,9.600,6294057;
sh600422:10.580,10.390,10.630,10.390,12766539;
sh600428:3.480,3.570,3.620,3.470,37354754;
sh600435:8.120,8.190,8.460,8.080,36869181;
sh600436:125.990,124.250,126.500,124.010,2590102;
sh600439:3.220,3.180,3.250,3.180,14014209;
sh600446:20.200,19.490,20.270,19.480,24427280;
sh600452:18.660,18.360,18.970,18.230,3002195;
sh600460:17.030,16.430,17.280,16.390,58751588;
sh600477:4.390,4.350,4.520,4.340,42523484;
sh600482:17.390,17.300,17.780,17.280,6486468;
sh600483:8.710,8.450,8.720,8.450,9700230;
sh600486:73.600,71.000,73.600,71.000,3387087;
sh600487:20.830,20.350,21.520,20.210,283417915;
sh600489:8.160,8.260,8.250,8.130,36388004;
sh600496:3.850,3.740,3.880,3.730,41017817;
sh600497:3.800,3.740,3.810,3.730,42554364;
sh600498:38.200,37.900,40.880,37.620,130504328;
sh600500:6.260,6.050,6.300,6.050,32083196;
sh600507:8.860,8.850,8.900,8.800,12352153;
sh600511:26.880,26.720,27.260,26.620,4649309;
sh600516:10.470,10.260,10.560,10.260,42731352;
sh600519:1155.500,1158.520,1161.000,1141.000,3554757;
sh600522:10.590,10.330,11.120,10.210,428959482;
sh600529:35.960,34.910,35.960,34.860,3154874;
sh600535:15.190,15.090,15.330,15.080,11750337;
sh600536:85.560,81.840,86.180,81.600,19919477;
sh600545:6.270,6.270,6.290,6.130,30468141;
sh600547:34.010,34.800,34.590,33.670,44823935;
sh600548:9.750,9.680,9.820,9.670,5343001;
sh600557:13.830,13.670,13.840,13.610,5052192;
sh600563:52.060,50.750,52.580,50.680,2068943;
sh600565:3.120,3.120,3.170,3.100,23014893;
sh600566:23.530,23.790,23.870,23.420,6624922;
sh600570:96.780,93.580,97.300,93.380,15000593;
sh600571:11.120,10.680,11.290,10.650,20539824;
sh600572:5.990,5.920,6.020,5.900,31708389;
sh600577:3.030,3.040,3.140,3.020,35935837;
sh600578:2.990,2.930,3.000,2.930,8783083;
sh600580:13.840,13.650,14.290,13.550,59709422;
sh600582:3.490,3.420,3.510,3.370,54297128;
sh600583:5.740,5.620,5.880,5.600,32971887;
sh600584:25.760,24.500,25.990,24.460,68154329;
sh600585:57.530,56.140,57.550,56.050,25089185;
sh600588:45.270,42.600,45.270,42.520,44253272;
sh600590:6.290,6.180,6.470,6.150,27501968;
sh600597:11.050,10.850,11.050,10.830,11144258;
sh600598:12.690,13.010,12.890,12.570,58607011;
sh600600:44.450,44.720,44.990,44.300,8081172;
sh600606:6.060,6.010,6.080,6.000,44442973;
sh600611:3.770,3.800,3.840,3.750,16357293;
sh600612:43.700,43.440,44.240,43.300,1281288;
sh600616:4.610,4.570,4.640,4.570,4754189;
sh600618:8.450,8.190,8.480,8.190,7672548;
sh600619:8.280,8.160,8.420,8.140,2507402;
sh600622:4.410,4.240,4.450,4.210,44293895;
sh600633:9.760,9.460,9.820,9.450,17073126;
sh600635:4.620,4.570,4.630,4.560,47686747;
sh600637:10.310,10.130,10.380,10.130,17337334;
sh600642:5.350,5.320,5.370,5.310,11955425;
sh600643:8.960,8.790,9.000,8.790,16701002;
sh600648:15.630,15.480,15.680,15.330,5443195;
sh600650:9.360,9.520,9.460,9.290,6018264;
sh600655:7.430,7.350,7.490,7.340,5832621;
sh600657:3.730,3.720,3.760,3.700,12456871;
sh600658:4.800,4.760,4.830,4.750,5139527;
sh600660:23.100,22.960,23.240,22.930,16244843;
sh600663:11.890,11.900,11.990,11.850,4367468;
sh600667:12.760,12.120,12.870,12.080,103386931;
sh600674:9.140,9.200,9.240,9.120,6478105;
sh600685:13.570,13.550,13.930,13.450,7108780;
sh600686:6.780,6.720,6.830,6.720,2863524;
sh600688:4.960,4.900,5.100,4.800,129972022;
sh600690:17.700,17.350,17.750,17.330,32456685;
sh600699:24.580,23.660,24.810,23.620,38335536;
sh600702:25.190,24.880,25.470,24.870,8290143;
sh600703:24.200,23.050,24.280,22.880,130376283;
sh600704:4.900,4.910,5.050,4.870,41856363;
sh600705:4.440,4.340,4.440,4.330,38780216;
sh600713:4.740,4.720,4.810,4.720,10847753;
sh600717:5.830,5.870,5.920,5.780,19331054;
sh600718:13.810,13.300,13.860,13.300,19881278;
sh600720:13.170,12.840,13.190,12.810,20503429;
sh600723:5.630,5.580,5.650,5.570,5336534;
sh600728:10.600,10.420,10.940,10.360,70702553;
sh600729:26.950,26.790,27.020,26.740,4253972;
sh600733:6.220,6.090,6.290,6.070,17664976;
sh600741:26.500,25.680,26.720,25.650,19096745;
sh600743:2.340,2.330,2.350,2.320,14378768;
sh600745:128.850,120.300,128.850,120.060,22290060;
sh600749:9.020,9.040,9.090,8.960,3990809;
sh600750:12.790,12.620,12.790,12.620,4436390;
sh600754:28.810,29.580,29.240,28.500,4833119;
sh600760:29.360,31.050,31.050,29.230,58284407;
sh600761:9.630,9.500,9.760,9.500,4153165;
sh600763:111.270,109.750,112.260,108.810,2881580;
sh600765:10.240,10.260,10.550,10.180,18853601;
sh600775:10.400,10.580,10.790,10.310,58498954;
sh600776:20.880,19.990,21.300,19.960,46885639;
sh600779:46.810,46.420,46.900,46.280,3669516;
sh600787:5.010,5.050,5.140,4.960,24953348;
sh600789:12.200,12.370,12.480,12.020,119143349;
sh600790:3.320,3.280,3.330,3.270,13643574;
sh600794:3.680,3.790,3.820,3.680,51253651;
sh600795:2.130,2.120,2.140,2.110,69799475;
sh600797:10.110,9.870,10.280,10.000,42980164;
sh600798:3.450,3.640,3.660,3.410,59346845;
sh600801:25.550,25.020,25.760,25.000,24891028;
sh600803:10.190,10.060,10.280,10.020,7177495;
sh600804:8.140,7.970,8.790,7.970,173213942;
sh600805:5.180,4.980,5.190,4.980,9702747;
sh600809:94.000,93.800,95.170,92.100,6604138;
sh600812:9.200,9.040,9.350,9.010,23796231;
sh600814:5.000,4.950,5.030,4.920,3171100;
sh600816:3.080,3.030,3.120,3.030,45763936;
sh600820:6.030,5.930,6.040,5.920,18771514;
sh600823:4.270,4.210,4.270,4.200,9903156;
sh600826:10.960,10.680,10.970,10.670,2246843;
sh600827:7.880,7.860,7.910,7.830,6340937;
sh600835:15.200,14.920,15.290,14.900,4837273;
sh600837:14.720,14.320,14.720,14.280,104315813;
sh600839:3.210,3.230,3.260,3.180,166292269;
sh600845:48.310,48.390,49.780,48.010,10468375;
sh600848:20.910,21.030,21.500,20.900,6671465;
sh600850:25.740,25.380,26.280,25.300,7488971;
sh600859:13.180,12.900,13.180,12.890,7842952;
sh600872:42.910,43.490,44.190,42.040,9084896;
sh600873:4.790,4.680,4.830,4.670,34373048;
sh600875:9.810,9.570,9.870,9.570,15924711;
sh600884:13.630,13.370,13.650,13.310,14697067;
sh600886:7.790,7.770,7.840,7.740,16947988;
sh600887:29.800,29.260,29.810,29.240,51209474;
sh603551:17.210,17.060,17.580,17.050,2334439;
sh600893:24.320,24.530,25.220,24.260,24728897;
sh600895:14.100,13.640,14.130,13.630,22646086;
sh600897:19.720,19.900,19.970,19.600,1268495;
sh600900:17.760,17.590,17.780,17.520,17664235;
sh600958:10.720,10.500,10.790,10.500,40890109;
sh600967:10.570,10.620,10.850,10.520,23131637;
sh600970:6.370,6.210,6.390,6.200,24975547;
sh600975:8.750,8.730,9.160,8.670,45459990;
sh600987:6.340,6.230,6.340,6.220,5941688;
sh600993:16.200,16.010,16.250,16.010,5438415;
sh600995:7.600,7.500,7.650,7.490,5772607;
sh600998:18.320,18.180,18.710,18.160,13659754;
sh600999:18.860,18.590,18.920,18.590,24901165;
sh601003:5.460,5.340,5.470,5.340,13377991;
sh601006:7.190,7.120,7.190,7.110,32941471;
sh601007:8.400,8.550,8.580,8.350,3766746;
sh601009:7.850,7.800,7.880,7.790,36756509;
sh601010:3.270,3.210,3.290,3.210,7747600;
sh601012:29.480,29.750,31.080,29.480,70324023;
sh601018:3.440,3.510,3.530,3.430,43265889;
sh601021:37.870,38.100,38.480,37.450,10502542;
sh601038:6.650,6.820,6.830,6.620,23783597;
sh601088:16.520,16.420,16.650,16.420,18357018;
sh601099:3.830,3.720,3.840,3.710,203499926;
sh601107:3.710,3.690,3.750,3.680,9168132;
sh601111:7.950,8.160,8.200,7.920,128620574;
sh601116:12.610,12.350,12.690,12.300,3979401;
sh601117:7.050,6.900,7.080,6.900,26253791;
sh601137:14.070,13.550,14.430,13.510,12792857;
sh601139:6.740,6.840,6.950,6.690,21041494;
sh601158:5.470,5.450,5.480,5.430,3623274;
sh601166:17.610,17.350,17.610,17.340,64169722;
sh601169:5.200,5.150,5.210,5.150,53013626;
sh601186:10.660,10.540,10.820,10.470,105891936;
sh601198:12.480,12.220,12.600,12.200,23572475;
sh601211:18.340,17.800,18.370,17.800,39491152;
sh601216:2.780,2.740,2.810,2.740,32611074;
sh601231:21.470,20.620,21.800,20.470,29742246;
sh601238:11.930,11.960,12.100,11.820,24805604;
sh601288:3.470,3.430,3.470,3.430,158365714;
sh601360:22.620,21.750,22.620,21.750,48983351;
sh601318:79.180,78.150,79.250,78.150,59140393;
sh601328:5.360,5.280,5.360,5.280,75986610;
sh601333:2.690,2.660,2.700,2.660,35487135;
sh601336:45.200,44.350,45.200,44.310,9713502;
sh601377:7.140,6.960,7.170,6.950,71640872;
sh601390:5.770,5.700,5.840,5.690,79909918;
sh601398:5.350,5.320,5.370,5.320,169406955;
sh601519:8.630,8.300,8.640,8.300,51497502;
sh601555:9.840,9.490,9.840,9.480,101069673;
sh601579:8.040,8.000,8.080,7.970,856730;
sh601588:2.910,2.910,2.970,2.900,20031401;
sh601600:3.130,3.100,3.150,3.090,53603578;
sh601601:31.650,30.970,31.650,30.970,21509461;
sh601607:18.750,18.550,18.830,18.540,16684228;
sh601618:2.770,2.740,2.780,2.730,83876672;
sh601628:29.600,29.260,29.710,29.230,14488917;
sh601633:8.960,9.160,9.170,8.920,31432447;
sh601636:5.490,5.310,5.530,5.310,35194965;
sh601668:5.620,5.500,5.620,5.500,196637207;
sh601669:4.270,4.240,4.310,4.220,44924268;
sh601688:19.550,19.070,19.570,19.020,74183453;
sh601717:6.280,6.110,6.320,6.100,33146033;
sh601718:4.580,4.740,4.660,4.580,110953062;
sh601766:6.560,6.660,6.880,6.520,137486359;
sh601788:12.630,12.390,12.700,12.370,27678383;
sh601800:9.400,9.180,9.490,9.160,91813943;
sh601801:5.260,5.200,5.280,5.180,7814036;
sh601808:14.670,14.690,15.510,14.670,27293781;
sh601857:5.150,5.120,5.170,5.110,85888083;
sh601872:6.400,6.730,6.730,6.300,253654487;
sh601877:26.680,26.200,26.860,26.180,6742027;
sh601880:1.850,1.860,1.870,1.830,31920920;
sh601888:81.120,82.660,82.500,80.120,18367495;
sh601890:5.600,5.580,5.770,5.570,21184564;
sh601899:4.050,4.020,4.110,4.020,223741044;
sh601901:8.190,7.960,8.220,7.960,120712949;
sh601919:4.360,4.440,4.590,4.360,68415340;
sh601928:6.960,6.870,6.990,6.870,8264900;
sh601933:9.950,10.010,10.130,9.800,84457916;
sh601939:6.540,6.520,6.570,6.510,77763752;
sh601965:9.430,9.380,9.550,9.250,6477057;
sh601985:4.740,4.680,4.770,4.680,28370701;
sh601988:3.600,3.590,3.620,3.580,90647927;
sh601989:4.510,4.490,4.600,4.490,93455868;
sh601991:2.230,2.210,2.230,2.210,12964210;
sh601992:3.560,3.510,3.590,3.510,48324952;
sh601998:5.530,5.460,5.530,5.450,21104594;
sh603000:20.900,20.550,21.060,20.500,20662004;
sh603005:115.000,103.000,115.790,102.010,32831430;
sh603008:13.480,13.040,13.480,13.020,4321302;
sh603011:6.320,6.390,6.650,6.160,32585972;
sh603019:45.560,43.850,45.960,43.850,33413550;
sh603026:36.840,36.160,36.840,35.880,7636747;
sh603066:11.180,10.620,11.460,10.600,22830176;
sh603100:10.040,10.140,10.450,10.100,8042931;
sh603118:17.880,17.180,18.370,17.000,85583024;
sh603128:5.840,5.950,5.950,5.810,38259495;
sh603169:5.160,5.120,5.320,5.120,15224506;
sh603198:16.790,16.850,17.040,16.790,4615480;
sh603199:21.780,21.720,21.880,21.620,1133151;
sh603288:104.850,105.580,106.430,104.320,5084968;
sh603306:16.200,16.260,17.000,16.020,9918197;
sh603328:12.130,11.780,12.340,11.770,20991125;
sh603338:68.090,65.500,68.090,65.380,4776056;
sh603355:24.000,24.130,24.250,23.800,2482047;
sh603368:33.840,33.140,34.040,33.020,2328698;
sh603369:32.330,32.410,32.860,32.070,13297210;
sh603398:9.300,9.230,9.500,9.200,4605356;
sh603589:44.210,43.650,44.290,43.630,5409272;
sh603598:14.200,13.710,14.370,13.470,13866601;
sh603599:15.270,15.570,15.450,15.070,8381815;
sh603606:13.930,13.180,14.380,13.180,40933322;
sh603636:13.970,13.640,14.440,13.590,19062118;
sh603678:27.790,26.800,28.190,26.730,14352691;
sh603686:15.860,15.290,15.870,15.250,14661008;
sh603696:8.380,8.540,8.650,8.330,7666191;
sh603698:12.170,11.900,12.380,11.900,4835953;
sh603699:13.770,13.370,13.950,13.350,3124000;
sh603718:16.200,16.230,16.370,16.010,4409982;
sh603766:3.630,3.690,3.680,3.600,21839892;
sh603799:41.000,38.780,41.280,38.710,45407140;
sh603806:47.600,46.970,47.770,46.750,2034443;
sh603866:47.940,48.000,49.800,47.420,3602699;
sh603883:76.180,76.220,76.860,74.600,1769778;
sh603885:11.920,12.110,12.120,11.750,35944980;
sh603889:5.730,5.710,5.800,5.670,5205430;
sh603898:15.240,15.240,15.510,15.160,926191;
sh603899:45.720,46.040,46.270,45.550,3482302;
sh603939:87.000,86.110,87.460,84.530,2607789;
sh603993:4.230,4.080,4.230,4.080,178124621;
sh603225:11.540,11.310,11.580,11.300,3443108;
sh603195:166.570,160.100,166.600,159.510,4784636;
sh601816:6.920,6.940,6.930,6.870,166856669;
sh600673:8.000,7.820,8.050,7.820,18053380;
sh601916:4.240,4.220,4.260,4.220,42363618;
sh603027:24.580,24.370,24.920,24.370,3840648;
sh603520:61.000,58.600,61.090,57.760,2179025;
sh603868:37.800,36.740,37.810,36.670,1580251;
sh603737:94.990,94.210,94.990,93.550,1091907;
sh601611:6.820,6.750,6.910,6.750,12320191;
sh601127:10.650,9.980,10.660,10.150,8151792;
sh601966:21.720,21.230,21.850,21.200,6638318;
sh603322:26.340,26.430,26.440,25.510,17720188;
sh600919:6.460,6.410,6.480,6.410,28571610;
sh601811:11.680,11.520,11.730,11.510,2627660;
sh600977:13.780,14.130,13.900,13.690,24390311;
sh603986:312.480,293.420,313.600,292.510,11721055;
sh603658:127.900,125.880,129.900,125.020,1222664;
sh603189:25.620,24.500,25.940,24.490,8222026;
sh600908:5.370,5.290,5.390,5.290,14091900;
sh603421:18.600,17.800,18.930,17.800,12238972;
sh603777:11.360,11.610,11.610,11.340,6861478;
sh603816:43.210,42.200,43.210,42.010,2495965;
sh603160:308.000,294.300,309.000,293.850,4066535;
sh603258:31.390,30.900,31.690,30.520,4879217;
sh603290:150.000,137.570,150.000,137.570,11411926;
sh601229:8.630,8.600,8.650,8.600,18291924;
sh603858:21.750,21.390,21.790,21.390,13027930;
sh603727:17.860,17.700,18.360,17.610,2569821;
sh603900:8.180,8.250,8.280,8.140,3843180;
sh600909:9.170,8.930,9.220,8.900,120509726;
sh603990:52.720,49.500,53.000,49.000,2700820;
sh603708:29.030,28.960,29.690,28.510,2625351;
sh603416:38.300,38.500,38.800,37.600,1548118;
sh600996:8.650,8.690,8.860,8.650,15485144;
sh603298:13.570,13.490,13.860,13.470,4476924;
sh603218:19.890,19.540,20.060,19.480,2913320;
sh603929:16.470,15.820,16.540,15.700,4986365;
sh603186:59.240,58.000,60.500,56.700,3473665;
sh603444:401.200,391.300,411.140,389.120,1009490;
sh603228:46.860,46.110,47.880,45.880,6797257;
sh603690:34.050,32.440,34.370,32.410,5554183;
sh603039:82.550,80.060,84.410,79.910,576294;
sh603337:21.190,20.770,21.190,20.500,1142325;
sh601881:11.770,11.350,11.800,11.310,74946785;
sh603881:54.200,52.890,55.550,52.050,8893950;
sh603208:90.890,91.500,91.770,88.140,948200;
sh600939:4.560,4.450,4.560,4.450,4558376;
sh603501:163.600,159.600,166.000,159.370,5716460;
sh603517:44.800,46.000,47.230,44.800,8698384;
sh603960:33.500,32.720,34.500,32.700,1587885;
sh603630:12.860,12.830,12.940,12.750,2387510;
sh603138:24.290,23.880,24.980,23.800,4030756;
sh603803:17.120,16.260,17.430,16.160,33393143;
sh603232:45.050,42.750,46.060,42.710,3239001;
sh603920:24.020,23.250,24.500,23.230,6890000;
sh603078:42.440,41.300,43.250,41.010,3138260;
sh601200:11.790,11.670,11.880,11.650,12370403;
sh603303:11.060,11.100,11.140,10.740,10983239;
sh603833:115.880,114.450,116.390,113.300,1331057;
sh601228:3.400,3.410,3.500,3.370,14791792;
sh603345:79.500,77.300,79.530,75.860,2138099;
sh601952:8.280,8.430,8.420,8.230,49278548;
sh603383:68.840,66.000,68.840,65.910,1826684;
sh603496:25.600,24.660,25.820,24.610,5944766;
sh603226:18.990,20.080,19.700,18.580,18000575;
sh603980:8.270,8.040,8.310,8.020,10033068;
sh601878:12.300,11.860,12.400,11.820,97175780;
sh603043:28.820,29.960,30.140,28.710,7276681;
sh603801:25.370,24.800,25.730,24.650,3422768;
sh603387:36.300,36.820,37.420,36.140,8543869;
sh603707:50.560,49.360,50.790,49.300,1981056;
sh603825:27.240,25.750,27.480,25.370,4866940;
sh603978:24.550,24.040,25.100,24.030,3236800;
sh603602:28.180,26.980,29.080,26.700,28549043;
sh601326:2.930,2.940,2.980,2.910,17106704;
sh603129:42.000,44.630,44.790,41.570,3798130;
sh601949:5.810,5.760,5.880,5.750,6900803;
sh603127:75.350,75.870,76.550,74.260,2531887;
sh603183:10.260,9.900,10.260,10.080,4683292;
sh603882:59.800,58.860,60.580,58.130,5571140;
sh603277:10.030,9.870,10.060,10.010,1904195;
sh603386:16.160,15.830,16.350,15.810,2884519;
sh603648:9.230,9.200,9.320,9.100,4843300;
sh603321:7.780,7.800,7.980,7.750,3525189;
sh603106:8.130,8.120,8.320,8.030,14726238;
sh603533:19.750,20.540,20.530,19.210,14911959;
sh603363:19.750,20.850,21.490,19.750,22865838;
sh603466:14.450,14.260,14.630,14.210,3683492;
sh601108:12.000,11.560,12.050,11.550,112385874;
sh603607:20.160,19.780,20.340,19.760,1516302;
sh603260:30.700,29.400,30.860,29.380,5229253;
sh603289:8.910,8.720,9.030,8.710,2203097;
sh603912:28.500,27.870,29.500,26.880,34988410;
sh603856:11.440,11.120,11.590,11.120,4150590;
sh600903:12.390,12.280,12.620,12.280,9872469;
sh603083:39.520,36.860,40.390,36.850,11678839;
sh603605:111.210,115.330,116.800,111.210,2309218;
sh603619:13.700,13.620,14.050,13.620,8931444;
sh603365:14.760,14.410,14.790,14.410,2849600;
sh603711:25.380,25.090,25.760,25.060,3230000;
sh603848:13.680,13.360,13.800,13.360,1506600;
sh600025:3.860,3.810,3.870,3.810,27373594;
sh603283:50.210,47.270,50.290,46.930,4455879;
sh603329:12.220,12.230,12.350,12.140,2788813;
sh603080:14.400,14.520,14.750,14.360,2337590;
sh601155:33.650,34.380,34.590,33.630,15185903;
sh603180:69.190,67.950,69.950,67.500,792700;
sh603056:12.100,11.980,12.380,11.900,10000552;
sh601828:10.600,10.710,10.780,10.600,10117152;
sh601838:8.180,8.110,8.200,8.100,20570745;
sh603156:26.570,26.440,26.650,26.180,2235227;
sh600901:5.620,5.540,5.640,5.530,14065253;
sh603214:37.000,36.700,37.000,36.050,811500;
sh603259:111.450,107.160,113.100,106.970,13595611;
sh603486:24.000,23.620,24.060,23.570,3294690;
sh601138:16.670,16.540,17.170,16.520,68270833;
sh601330:11.620,12.180,11.830,11.500,56314353;
sh601066:37.340,35.850,37.490,35.820,58344587;
sh601869:42.200,40.190,43.970,40.020,22481830;
sh601577:8.260,8.210,8.320,8.210,13683854;
sh603220:26.500,25.200,28.200,25.140,43282632;
sh601319:7.000,6.900,7.010,6.900,59535685;
sh603187:39.730,38.170,39.980,38.080,5165722;
sh601860:4.620,4.680,4.880,4.620,67625381;
sh603121:18.350,18.430,19.480,18.270,7208436;
sh603739:24.260,23.800,24.300,23.800,2583010;
sh601598:3.790,3.800,3.880,3.770,41372489;
sh600928:6.210,6.160,6.330,6.160,19191668;
sh603068:100.600,96.700,101.400,96.680,2907000;
sh600968:2.590,2.540,2.610,2.540,63021962;
sh601698:17.950,18.890,19.720,17.680,114051818;
sh603236:221.000,209.900,223.990,209.500,1233974;
sh603983:73.660,73.500,75.480,73.350,2430060;
sh603613:119.800,112.950,120.830,111.680,1834249;
sh603267:60.310,58.800,62.390,58.800,3658724;
sh603093:26.820,25.910,27.070,25.810,13918799;
sh603927:68.340,66.500,68.850,66.450,2516875;
sz000006:4.880,4.880,4.920,4.810,15518090;
sz000007:9.080,8.890,9.090,8.800,8754590;
sz000008:3.650,3.610,3.760,3.560,102460730;
sz000009:7.710,7.360,7.740,7.330,103070203;
sz000011:8.110,8.070,8.290,8.040,3513946;
sz000017:4.300,4.480,4.360,4.220,20444954;
sz000023:13.860,13.560,13.950,13.530,4506932;
sz000025:19.730,19.610,19.730,19.380,7279638;
sz000028:43.140,42.790,43.360,42.600,2537968;
sz000036:3.720,3.670,3.750,3.670,7580011;
sz000038:9.800,9.700,9.970,9.700,5659268;
sz000045:8.500,8.150,8.500,8.090,15684317;
sz000050:16.410,16.090,16.570,16.010,24494126;
sz000055:4.390,4.360,4.450,4.350,8268355;
sz000058:6.950,6.980,7.190,6.950,18977401;
sz000059:6.360,6.250,6.440,6.250,34045215;
sz000061:6.590,6.460,6.680,6.460,30596881;
sz000068:3.600,3.610,3.660,3.570,16589878;
sz000078:5.740,5.800,5.800,5.600,179284987;
sz000150:4.700,4.700,4.830,4.570,65968092;
sz000151:8.940,9.170,9.490,8.900,10560820;
sz000155:4.380,4.280,4.380,4.280,10526006;
sz000301:4.970,4.910,4.980,4.900,7852316;
sz000402:7.220,7.140,7.220,7.120,9292909;
sz000415:3.440,3.410,3.490,3.400,33219786;
sz000416:5.220,5.290,5.320,5.180,38009579;
sz000421:4.660,4.450,5.070,4.450,17067822;
sz000430:5.050,5.090,5.150,5.000,7743619;
sz000498:5.650,5.650,5.700,5.460,33029986;
sz000501:11.900,11.320,12.050,11.250,39338610;
sz000503:15.200,15.270,16.300,15.110,30408820;
sz000505:5.920,6.110,6.360,5.860,44982250;
sz000506:2.890,3.010,2.950,2.880,36702767;
sz000507:5.350,5.370,5.480,5.320,14176740;
sz000510:4.470,4.410,4.560,4.400,15342104;
sz000514:4.160,4.130,4.210,4.120,8474812;
sz000517:2.910,2.880,2.950,2.880,19635147;
sz000518:5.990,5.860,6.010,5.760,57216572;
sz000523:6.980,6.850,7.040,6.830,9151662;
sz000525:10.930,11.190,11.450,10.880,43699990;
sz000526:43.450,43.120,44.950,42.320,2035500;
sz000529:7.100,7.060,7.210,7.050,13558082;
sz000530:4.330,4.210,4.500,4.190,21363938;
sz000531:6.820,6.610,6.820,6.600,5088942;
sz000532:11.700,11.380,11.700,11.310,17427818;
sz000533:3.350,3.480,3.480,3.300,85820306;
sz000536:2.400,2.400,2.440,2.380,30272373;
sz000537:7.220,7.320,7.450,7.130,29724799;
sz000540:3.730,3.600,3.760,3.600,66395089;
sz000543:4.180,4.150,4.200,4.140,13115706;
sz000544:6.450,6.430,6.540,6.380,7393767;
sz000548:4.020,4.030,4.120,4.020,6193617;
sz000551:8.130,8.190,8.560,8.130,12103617;
sz000557:3.050,3.070,3.180,3.050,10668865;
sz000565:5.170,5.040,5.180,5.040,4496350;
sz000566:8.210,8.600,8.880,8.080,73878061;
sz000573:3.010,3.040,3.060,2.960,14231833;
sz000576:7.240,7.010,7.270,7.010,9506100;
sz000586:12.050,11.610,12.490,11.590,25033909;
sz000589:4.350,4.270,4.390,4.270,13809343;
sz000590:11.120,10.910,11.200,10.900,4881545;
sz000591:3.850,3.830,3.990,3.820,73866360;
sz000592:2.620,2.790,2.700,2.620,192429379;
sz000593:5.310,5.290,5.390,5.270,5082412;
sz000598:4.570,4.590,4.600,4.540,17054101;
sz000599:4.400,4.290,4.400,4.280,8247847;
sz000607:4.490,4.560,4.880,4.490,14504084;
sz000608:5.990,5.800,5.990,5.770,3103220;
sz000610:8.350,8.660,8.550,8.300,28718740;
sz000612:3.840,3.820,3.900,3.820,5962042;
sz000613:6.430,6.950,7.010,6.270,34732235;
sz000615:4.130,4.050,4.190,4.030,18761002;
sz000616:2.590,2.740,2.750,2.570,77834915;
sz000620:3.260,3.230,3.310,3.220,10651442;
sz000622:4.870,4.830,4.940,4.830,15037773;
sz000623:17.080,16.700,17.080,16.670,16880183;
sz000626:8.300,8.480,8.470,8.200,7783388;
sz000628:9.470,9.390,9.700,9.380,4011601;
sz000629:2.460,2.410,2.460,2.410,35902040;
sz000631:2.740,2.740,2.760,2.740,5188892;
sz000637:5.180,5.130,5.190,5.030,21132603;
sz000639:5.180,5.080,5.230,5.080,15064560;
sz000650:7.440,7.250,7.440,7.250,63189693;
sz000652:12.210,12.910,12.750,11.880,299561505;
sz000655:5.640,5.560,5.670,5.560,9432747;
sz000656:7.990,7.900,8.040,7.850,36119500;
sz000657:6.250,6.430,6.400,6.220,16125593;
sz000659:2.460,2.460,2.500,2.450,14927305;
sz000662:4.010,3.990,4.130,3.980,38915051;
sz000663:4.130,4.570,4.250,4.130,12511988;
sz000665:6.850,6.560,6.990,6.560,34088436;
sz000666:11.760,11.330,11.760,11.310,14041268;
sz000667:2.820,2.800,2.860,2.770,17711156;
sz000668:12.110,12.010,12.370,12.010,2284800;
sz000669:2.890,2.880,2.950,2.870,11849927;
sz000672:21.640,21.060,21.760,20.980,20365007;
sz000673:3.670,3.640,3.830,3.630,36108600;
sz000677:3.740,3.650,3.740,3.640,34406967;
sz000680:3.720,3.680,3.840,3.650,30595472;
sz000682:5.700,5.520,5.780,5.510,49663801;
sz000685:8.200,8.090,8.220,8.080,7131302;
sz000686:9.920,9.620,9.990,9.620,46533671;
sz000687:5.040,5.060,5.180,5.020,15564860;
sz000690:5.480,5.360,5.490,5.330,14626453;
sz000691:3.960,3.960,4.060,3.930,4547900;
sz000695:8.000,7.890,8.190,7.880,1598834;
sz000697:10.970,10.660,11.220,10.660,9115301;
sz000700:12.000,11.590,12.290,11.580,100898185;
sz000701:5.490,5.400,5.720,5.400,60467327;
sz000702:5.570,5.550,5.720,5.530,12995544;
sz000703:13.580,13.550,13.670,13.130,18395536;
sz000705:7.200,7.130,7.230,7.120,5293850;
sz000710:48.000,48.400,49.500,47.100,11143005;
sz000711:4.530,4.500,4.560,4.460,15442612;
sz000713:9.190,9.170,9.280,9.100,31371234;
sz000716:3.940,3.950,3.950,3.870,44847955;
sz000718:3.270,3.250,3.300,3.230,11530373;
sz000719:7.330,7.210,7.350,7.210,3949302;
sz000721:3.940,4.020,4.050,3.910,19967574;
sz000722:6.250,6.210,6.310,6.200,4820184;
sz000727:1.920,1.900,1.940,1.890,43843002;
sz000735:10.230,10.790,11.360,10.110,167854781;
sz002324:17.610,17.310,18.200,17.170,26666265;
sz000753:2.840,2.870,2.860,2.830,21343684;
sz000755:3.970,3.900,3.990,3.870,6327209;
sz000756:9.350,9.810,9.740,9.350,25110958;
sz000758:5.170,5.040,5.200,5.040,45377936;
sz000759:7.050,7.050,7.160,6.940,6159303;
sz000762:7.950,7.790,8.030,7.770,9264541;
sz000766:6.300,6.160,6.310,6.150,8384151;
sz000778:3.790,3.750,3.800,3.750,27090884;
sz000779:10.710,10.520,10.920,10.520,2401887;
sz000783:7.430,7.280,7.440,7.260,137181294;
sz000789:11.960,11.690,11.960,11.610,17850749;
sz000790:5.770,5.800,5.850,5.600,55581589;
sz000791:3.410,3.440,3.460,3.400,15898784;
sz000793:3.530,3.490,3.730,3.480,147389466;
sz000795:5.470,5.490,5.670,5.470,23307210;
sz000797:3.630,3.620,3.630,3.590,11104734;
sz000798:5.650,5.690,5.780,5.620,4144475;
sz000799:33.680,33.370,33.750,33.300,7054395;
sz000800:9.230,9.220,9.460,9.220,9879274;
sz000802:12.100,11.660,12.210,11.540,17957334;
sz000807:4.430,4.340,4.470,4.340,36141397;
sz000810:13.140,12.850,13.430,12.780,20067116;
sz000812:3.320,3.480,3.490,3.300,52239901;
sz000813:5.770,5.720,5.790,5.710,13432353;
sz000815:8.820,8.410,9.030,8.410,30999630;
sz000825:3.630,3.610,3.640,3.600,24261830;
sz000828:7.790,7.780,7.870,7.720,5918179;
sz000829:6.000,5.890,6.070,5.880,14061560;
sz000830:9.280,9.120,9.310,9.110,21768648;
sz000831:10.790,10.690,10.910,10.690,13902302;
sz000836:4.130,3.980,4.280,3.960,102211523;
sz000839:3.610,3.550,3.660,3.550,59340429;
sz000851:6.910,6.790,7.270,6.720,76070780;
sz000856:10.660,10.810,10.880,10.580,15783257;
sz000859:5.740,5.670,5.800,5.550,53485303;
sz000863:4.220,4.230,4.230,4.170,4419412;
sz000877:12.120,11.800,12.120,11.770,23342814;
sz000878:11.040,10.800,11.090,10.800,23695201;
sz000880:7.540,7.580,7.700,7.540,2082532;
sz000881:8.660,8.650,9.190,8.560,28364784;
sz000886:4.420,4.770,4.900,4.360,102874636;
sz000889:9.640,9.510,9.790,9.450,7630057;
sz000890:5.090,4.890,5.200,4.880,21491642;
sz000900:4.140,4.210,4.200,4.120,24380463;
sz000901:11.900,11.900,12.450,11.790,24550786;
sz000903:4.020,4.020,4.020,4.020,19056252;
sz000905:6.800,7.060,6.910,6.760,17275024;
sz000908:3.480,3.520,3.540,3.460,17617348;
sz000909:8.580,8.590,8.900,8.530,11625000;
sz000912:4.800,4.660,4.840,4.610,14538558;
sz000913:11.140,10.980,11.410,10.960,5122200;
sz000915:27.000,28.740,28.600,27.000,15404192;
sz000917:7.010,7.400,7.160,6.930,119860959;
sz000929:6.690,6.720,6.890,6.670,3423417;
sz000930:7.230,7.240,7.310,7.160,27103051;
sz000931:9.770,9.490,9.920,9.470,15857300;
sz000935:15.130,14.820,15.160,14.800,10920881;
sz000948:13.650,12.860,14.150,12.790,56900925;
sz000949:4.650,4.870,4.750,4.510,101829501;
sz000950:5.750,5.660,5.780,5.660,12527701;
sz000952:10.680,10.570,10.880,10.540,5182857;
sz000959:3.090,3.060,3.100,3.060,11888481;
sz000975:14.000,14.310,14.270,13.730,43804154;
sz000976:5.460,5.560,5.690,5.450,53549382;
sz000990:15.190,15.410,15.350,15.000,17380149;
sz000996:9.590,9.490,9.800,9.460,9469984;
sz001696:5.840,6.170,6.250,5.840,70423074;
sz001896:3.610,3.500,3.660,3.490,18331102;
sz002004:5.170,5.180,5.200,5.150,24226704;
sz002009:9.290,9.560,9.480,9.160,24667316;
sz002012:6.310,6.120,6.370,6.110,24733742;
sz002016:7.500,7.500,7.520,7.420,5526799;
sz002017:14.980,14.500,15.310,14.470,28803733;
sz002022:14.280,14.970,15.450,14.270,35315588;
sz002023:17.640,16.950,17.960,16.830,66043943;
sz002028:18.270,17.540,18.470,17.500,31637836;
sz002034:15.750,15.630,15.940,15.500,3792437;
sz002037:6.580,6.510,6.670,6.510,4039571;
sz002045:11.400,11.050,11.480,11.020,10278801;
sz002052:3.140,3.170,3.270,3.120,27588804;
sz002053:6.980,6.880,7.060,6.870,2558800;
sz002054:7.990,8.230,8.000,7.810,37428186;
sz002057:7.810,7.660,7.950,7.640,13917725;
sz002058:20.310,20.000,20.610,20.000,611500;
sz002061:5.780,5.600,5.870,5.600,18991019;
sz002064:6.020,5.970,6.060,5.960,19033105;
sz002066:8.980,9.020,9.190,8.780,9907776;
sz002073:4.950,4.940,5.070,4.920,40832414;
sz002076:3.400,3.400,3.400,3.400,11886752;
sz002077:6.900,6.690,6.990,6.690,21779326;
sz002079:11.860,11.480,12.130,11.470,38005859;
sz002082:11.720,11.160,11.720,11.160,6733452;
sz002083:7.990,8.060,8.260,7.900,31090326;
sz002084:6.080,5.890,6.130,5.880,5108866;
sz002093:10.630,10.370,10.630,10.110,93795455;
sz002098:6.890,6.980,7.150,6.730,22856556;
sz002103:4.970,5.090,5.150,4.950,33697472;
sz002104:8.170,8.030,8.320,7.970,45205361;
sz002107:11.680,11.480,11.680,11.460,3580346;
sz002108:3.980,3.860,4.010,3.850,24485177;
sz002109:3.340,3.250,3.370,3.250,7826554;
sz002112:8.450,8.450,8.450,8.450,8703428;
sz002114:7.730,7.380,7.740,7.380,8805332;
sz002118:5.950,5.840,5.950,5.840,23052922;
sz002119:14.460,13.850,14.510,13.810,20012569;
sz002123:18.100,17.700,18.350,17.700,14321259;
sz002124:12.040,11.830,12.550,11.800,71386513;
sz002127:11.510,11.180,11.590,11.090,26218745;
sz002130:5.340,5.190,5.430,5.190,27852509;
sz002133:3.250,3.210,3.290,3.210,13413700;
sz002134:10.040,10.420,10.390,10.230,28578635;
sz002136:8.220,8.050,8.450,8.030,7516335;
sz002137:9.040,8.650,9.100,8.620,35072810;
sz002145:4.440,4.350,4.520,4.350,19880900;
sz002146:8.670,8.750,8.770,8.610,44751043;
sz002148:5.550,5.470,5.630,5.430,32608135;
sz002149:7.800,7.690,7.980,7.670,12141179;
sz002150:6.500,6.420,6.540,6.390,4295423;
sz002155:7.830,7.960,7.970,7.800,25284808;
sz002159:12.650,12.840,13.250,12.400,11182244;
sz002161:12.030,11.710,12.330,11.680,37661407;
sz002162:3.640,3.650,3.710,3.580,19100011;
sz002166:9.210,9.100,9.250,9.050,17642932;
sz002167:6.280,6.110,6.300,6.100,7549510;
sz002168:9.000,9.080,9.360,8.940,29279441;
sz002170:3.900,3.830,3.930,3.830,27958315;
sz002172:4.180,4.560,4.360,4.070,107546250;
sz002173:6.120,6.000,6.130,5.970,4249489;
sz002174:22.200,21.520,22.500,21.460,36914770;
sz002176:2.880,2.870,2.940,2.860,34514289;
sz002177:5.240,5.270,5.450,5.220,39021391;
sz002178:4.250,4.210,4.440,4.200,30321772;
sz002182:11.560,11.120,11.690,11.120,21776352;
sz002183:4.330,4.280,4.410,4.280,41972347;
sz002184:12.980,12.670,13.600,12.630,13669416;
sz002186:9.760,9.920,9.870,9.680,6044831;
sz002192:18.730,18.310,18.870,18.310,4574439;
sz002196:5.500,5.480,5.560,5.450,8099784;
sz002197:10.600,10.690,11.140,10.350,102162878;
sz002199:10.140,9.780,10.170,9.780,11199478;
sz002201:17.600,17.320,17.950,17.230,7743138;
sz002208:7.050,6.860,7.080,6.840,13821742;
sz002211:6.050,5.890,6.080,5.860,5636579;
sz002212:28.700,28.060,29.250,27.500,13983643;
sz002213:15.360,15.080,15.500,15.010,2943245;
sz002218:3.690,3.630,3.890,3.630,63429337;
sz002219:2.520,2.480,2.540,2.480,26329900;
sz002221:10.930,10.770,11.100,10.530,80915000;
sz002224:7.370,7.270,7.510,7.240,18279628;
sz002225:4.230,4.180,4.270,4.160,6659500;
sz002226:5.270,5.230,5.380,5.220,11220825;
sz002227:17.030,17.030,17.030,16.500,6511929;
sz002228:3.990,3.920,4.000,3.900,15122220;
sz002229:8.150,7.870,8.200,7.870,26615531;
sz002231:9.070,8.550,9.490,8.550,49018076;
sz002232:10.790,10.470,10.930,10.430,17238294;
sz002234:29.940,29.330,30.280,29.330,14330738;
sz002235:9.900,9.540,9.980,9.530,30561287;
sz002239:4.960,4.690,5.020,4.670,231944354;
sz002240:10.470,9.950,10.540,10.010,16641009;
sz002243:14.270,14.590,14.910,14.150,18344326;
sz002245:4.920,4.770,4.950,4.760,18388414;
sz002246:8.550,8.600,8.680,8.540,14971418;
sz002247:2.390,2.400,2.440,2.380,15180804;
sz002248:9.020,8.980,9.500,8.960,9583162;
sz002250:16.740,16.510,16.810,16.450,7704518;
sz002256:2.390,2.630,2.630,2.350,64219020;
sz002261:9.760,9.570,10.060,9.550,60213104;
sz002262:12.480,11.970,12.500,11.940,18222437;
sz002264:4.260,4.280,4.280,4.230,6578636;
sz002265:8.970,8.820,9.170,8.820,5659244;
sz002266:4.140,4.070,4.160,4.060,16597132;
sz002267:6.440,6.380,6.460,6.370,4896138;
sz002270:5.170,5.010,5.420,4.940,35831669;
sz002975:163.000,141.920,166.830,141.920,5790051;
sz002278:6.010,6.110,6.200,5.980,10321163;
sz002280:3.300,3.190,3.360,3.180,123338283;
sz002282:7.790,7.760,7.980,7.650,4591175;
sz002286:7.400,7.120,7.450,7.120,7048851;
sz002288:5.830,5.650,5.960,5.640,49270586;
sz002291:27.180,25.860,27.790,25.520,49861361;
sz002292:7.900,7.740,8.020,7.740,11439488;
sz002295:7.110,6.980,7.150,6.970,1960000;
sz002296:9.190,8.700,9.290,8.680,48890429;
sz002297:6.130,6.160,6.370,6.090,9148554;
sz002298:9.500,9.160,9.600,9.150,18351600;
sz002303:5.510,5.360,5.620,5.350,29652955;
sz002308:7.000,6.890,7.160,6.760,31588932;
sz002309:7.090,6.950,7.360,6.920,21196921;
sz002310:6.400,6.240,6.520,6.240,84113701;
sz002312:5.310,5.100,5.360,5.100,25307000;
sz002313:23.630,22.650,23.980,22.610,15400402;
sz002314:2.890,2.880,2.920,2.880,9257771;
sz002316:8.560,8.350,8.810,8.350,22811618;
sz002317:13.100,12.900,13.350,12.850,19250184;
sz002318:8.750,8.440,8.800,8.430,20552740;
sz002319:7.990,7.900,8.070,7.860,2089700;
sz002320:17.190,18.220,18.850,16.910,65789426;
sz002326:13.500,13.370,13.750,13.370,38019281;
sz002329:5.070,5.000,5.180,4.980,9235100;
sz002330:6.840,6.760,6.940,6.760,12743510;
sz002332:11.330,11.580,11.680,11.330,34730028;
sz002334:6.590,6.210,7.200,6.210,143913736;
sz002335:24.150,24.450,25.850,24.150,17244708;
sz002338:14.870,14.550,15.140,14.510,5334634;
sz002339:7.100,6.860,7.250,6.840,16729127;
sz002341:8.000,8.090,8.100,7.730,102230593;
sz002342:3.370,3.420,3.450,3.330,51509231;
sz002345:3.780,3.780,3.850,3.770,12917822;
sz002346:12.990,12.880,13.150,12.820,13155791;
sz002347:4.760,4.650,4.810,4.640,11789986;
sz002348:3.370,3.290,3.400,3.290,16627506;
sz002349:5.810,5.690,5.810,5.660,10973963;
sz002350:6.710,6.500,6.980,6.500,21089408;
sz002354:2.550,2.540,2.600,2.540,12365728;
sz002358:7.600,7.220,7.980,7.220,71946929;
sz002360:5.510,5.460,5.540,5.440,5119931;
sz002361:4.950,4.920,5.240,4.850,42085315;
sz002362:20.110,19.390,20.500,19.380,11421180;
sz002363:8.350,8.940,8.860,8.240,27156717;
sz002364:13.720,13.420,14.230,13.400,26843926;
sz002366:6.200,6.140,6.390,6.090,15641035;
sz002369:12.350,11.520,12.380,11.460,72746427;
sz002370:6.380,6.310,6.480,6.310,11079632;
sz002378:4.690,4.700,4.760,4.680,9497811;
sz002379:3.930,3.860,3.950,3.850,14030832;
sz002380:16.100,15.670,16.300,15.550,8007424;
sz002381:8.860,8.690,8.880,8.670,7037201;
sz002385:8.000,8.040,8.250,7.880,306811447;
sz002387:13.070,12.770,13.280,12.770,11850157;
sz002389:13.200,13.330,14.030,13.200,26548080;
sz002390:5.400,5.330,5.430,5.320,10301939;
sz002391:10.160,9.980,10.250,10.040,31473215;
sz002392:4.030,3.960,4.090,3.960,14378000;
sz002395:27.440,27.880,27.920,27.200,2137820;
sz002397:5.210,5.090,5.270,5.080,16728497;
sz002399:24.750,24.020,25.160,23.980,7872868;
sz002400:3.080,3.130,3.130,3.050,67997846;
sz002401:11.710,11.730,11.970,11.640,8044208;
sz002402:15.970,15.800,16.700,15.800,66955327;
sz002403:9.150,8.960,9.170,8.960,3295398;
sz002406:5.990,5.880,6.100,5.860,7374913;
sz002407:12.350,12.110,12.350,12.060,21347632;
sz002408:6.650,6.510,6.690,6.490,11307917;
sz002409:36.200,34.530,36.580,34.410,12442135;
sz002410:44.930,42.420,45.000,42.100,10006791;
sz002411:12.730,12.660,12.810,12.630,40438517;
sz002412:8.500,8.450,8.590,8.410,3797568;
sz002413:8.750,8.600,9.270,8.570,123336220;
sz002416:7.160,6.980,7.240,6.980,15220337;
sz002417:7.910,7.710,8.110,7.710,16756601;
sz002418:2.780,2.850,2.900,2.710,56074758;
sz002426:2.120,2.120,2.190,2.100,74899834;
sz002429:5.270,4.970,5.270,4.970,189505109;
sz002430:12.710,12.430,12.910,12.430,8957853;
sz002431:2.880,2.830,2.940,2.830,18947300;
sz002433:4.910,4.870,4.930,4.860,10176400;
sz002437:2.760,2.720,2.770,2.720,24977470;
sz002438:8.070,8.310,8.310,8.070,7709172;
sz002446:9.680,9.260,9.860,9.250,101480720;
sz002448:5.360,5.300,5.440,5.290,7730386;
sz002451:9.650,9.490,10.110,9.430,24518312;
sz002452:6.300,6.070,6.350,6.050,14817655;
sz002453:5.550,5.440,5.600,5.420,17134118;
sz002454:5.520,5.460,5.550,5.410,9066852;
sz002457:8.090,7.960,8.120,7.960,7799029;
sz002459:16.210,15.910,16.800,15.780,8837724;
sz002464:6.430,6.200,6.500,6.190,16352456;
sz002466:32.440,32.000,32.840,31.750,36271814;
sz002467:7.790,7.600,8.040,7.600,85750192;
sz002469:4.470,4.380,4.540,4.370,12410929;
sz002471:2.890,2.660,3.040,2.650,110881725;
sz002472:5.570,5.500,5.640,5.500,6241014;
sz002474:8.860,8.760,9.050,8.750,16495495;
sz002476:7.490,7.160,7.560,7.150,18287300;
sz002478:5.700,5.610,5.720,5.610,5408908;
sz002480:4.920,4.710,4.990,4.710,17198272;
sz002481:12.300,12.220,12.680,12.140,45180738;
sz002483:5.800,6.150,6.110,5.720,64904987;
sz002486:4.250,4.220,4.320,4.100,66902514;
sz002489:6.180,6.030,6.720,5.920,135093967;
sz002490:3.430,3.450,3.530,3.430,4553104;
sz002491:7.000,6.890,7.410,6.850,73844473;
sz002492:5.760,6.120,6.050,5.680,50701708;
sz002493:11.120,10.880,11.220,10.880,16055188;
sz002495:2.810,2.850,2.860,2.810,11965373;
sz002496:2.950,2.870,2.960,2.870,23928256;
sz002497:9.280,9.000,9.330,9.000,27193019;
sz002498:3.820,3.760,4.130,3.750,205360163;
sz002502:2.990,3.270,3.270,2.990,22668022;
sz002503:4.510,4.560,4.710,4.510,587886948;
sz002504:2.890,2.860,2.930,2.860,9429085;
sz002505:2.060,2.110,2.120,2.030,195178019;
sz002506:5.200,5.090,5.250,5.060,84810161;
sz002967:38.810,38.660,39.800,38.550,4602792;
sz002512:6.230,6.080,6.380,6.070,30310642;
sz002513:6.180,6.030,6.230,6.030,6899936;
sz002514:5.200,5.100,5.320,5.100,16056815;
sz002515:5.500,5.560,5.620,5.460,65801759;
sz002517:3.170,3.110,3.250,3.100,67059449;
sz002519:4.760,4.520,4.820,4.520,61881685;
sz002520:7.040,7.040,7.100,7.000,4067859;
sz002523:2.840,2.840,2.900,2.820,7504516;
sz002524:8.990,8.930,9.250,8.910,17500474;
sz002526:2.440,2.360,2.450,2.350,55537468;
sz002527:6.250,6.080,6.250,6.080,13311750;
sz002528:5.960,5.760,6.040,5.740,48469985;
sz002530:13.600,13.150,13.930,13.090,11537300;
sz002532:6.440,6.400,6.530,6.380,6882949;
sz002538:5.290,5.110,5.350,5.100,26216407;
sz002540:5.100,4.990,5.190,4.990,13008772;
sz002541:15.440,15.200,15.680,15.040,21183898;
sz002544:17.220,17.330,18.180,17.220,34067316;
sz002545:7.320,7.040,7.340,6.990,20277666;
sz002548:9.690,9.570,9.840,9.520,21341765;
sz002550:4.770,4.760,4.800,4.700,9141132;
sz002551:10.410,11.760,11.760,10.160,120074057;
sz002552:20.400,20.150,21.170,20.150,7138502;
sz002553:5.300,5.240,5.370,5.210,6177500;
sz002554:2.930,2.900,2.940,2.900,16628000;
sz002562:6.170,6.470,6.240,5.990,54605567;
sz002564:4.710,4.630,4.780,4.610,7604414;
sz002575:6.520,6.480,6.640,6.480,4066522;
sz002576:10.100,9.910,10.190,10.010,5170423;
sz002577:11.400,11.250,11.640,11.170,5951033;
sz002581:10.000,11.150,10.800,10.000,57291385;
sz002584:6.700,6.870,6.850,6.550,33478045;
sz002585:5.290,5.160,5.370,5.160,19873480;
sz002587:7.720,7.680,7.990,7.650,15750856;
sz002591:9.120,8.840,9.260,8.830,6843813;
sz002592:11.110,10.890,11.230,10.870,4205900;
sz002596:8.520,9.060,9.410,8.450,159045955;
sz002605:30.610,29.050,31.200,28.880,14262108;
sz002610:1.680,1.670,1.740,1.670,132397975;
sz002615:5.290,5.170,5.290,5.170,2990144;
sz002616:8.500,8.290,8.560,8.280,2700336;
sz002617:5.990,5.920,6.190,5.830,60124591;
sz002618:11.890,11.610,12.070,11.600,9055170;
sz002619:2.780,2.750,2.810,2.750,33177374;
sz002622:3.690,3.560,3.730,3.550,37970054;
sz002623:38.100,36.500,39.280,36.460,3752901;
sz002624:45.570,44.190,46.500,44.020,11735500;
sz002625:8.710,8.470,8.820,8.450,22866125;
sz002627:10.030,9.950,10.100,9.760,4414200;
sz002630:2.480,2.470,2.530,2.460,47028360;
sz002631:8.380,8.110,8.380,8.110,7490171;
sz002634:5.950,5.660,5.970,5.600,16908460;
sz002636:9.190,8.940,9.310,8.920,14491157;
sz002637:12.450,11.700,12.450,11.690,13508000;
sz002638:3.100,3.070,3.100,3.040,16065155;
sz002639:9.680,9.290,9.840,9.280,42697607;
sz002641:6.310,6.150,6.380,6.150,16458337;
sz002644:8.300,8.700,8.690,8.290,16150838;
sz002650:3.750,3.790,3.830,3.720,42118521;
sz002651:4.780,4.710,4.850,4.700,8137249;
sz002652:3.780,3.770,3.880,3.750,5225012;
sz002653:22.220,21.960,22.300,21.800,2802172;
sz002654:5.160,5.050,5.250,5.030,26756788;
sz002656:2.540,2.470,2.620,2.470,11848262;
sz002658:7.290,7.100,7.320,7.090,5327984;
sz002659:6.270,6.230,6.360,6.230,10601906;
sz002660:9.820,9.510,9.830,9.480,12872391;
sz002662:3.100,3.070,3.240,3.060,42392375;
sz002663:2.730,2.720,2.870,2.700,55412782;
sz002664:15.170,14.860,15.330,14.820,4053104;
sz002665:3.660,3.670,3.680,3.510,174593009;
sz002669:15.880,15.360,16.510,15.280,8418100;
sz002670:11.490,11.220,11.540,11.160,19108744;
sz002674:9.650,9.330,9.760,9.310,3316074;
sz002676:4.360,4.360,4.360,4.360,3848845;
sz002678:7.310,7.360,7.510,7.310,1245271;
sz002679:15.530,15.740,15.800,15.450,2938040;
sz002685:6.660,6.380,6.740,6.380,10702856;
sz002688:8.000,7.710,8.070,7.700,18331460;
sz002689:5.240,5.800,5.800,5.020,151821195;
sz002693:5.530,5.790,5.760,5.470,23793657;
sz002695:18.130,18.820,18.290,17.740,11737277;
sz002698:10.220,10.000,10.340,10.000,6104499;
sz002700:6.400,6.280,6.490,6.260,5719254;
sz002702:4.540,4.920,4.730,4.540,41720466;
sz002703:4.970,4.890,5.050,4.890,8367886;
sz002708:7.170,7.070,7.270,7.060,6084833;
sz002709:25.420,25.150,25.420,24.800,15763149;
sz002712:6.900,6.780,7.030,6.780,10599900;
sz002713:8.000,7.620,8.080,7.610,6181305;
sz002715:19.550,19.160,19.830,19.140,947101;
sz002717:5.270,5.160,5.290,5.140,26918821;
sz002719:9.230,9.350,9.330,9.210,2779533;
sz002721:4.930,5.060,5.010,4.900,17873516;
sz002722:13.540,13.300,13.630,13.300,2000290;
sz002723:9.100,8.900,9.250,8.830,3274251;
sz002724:7.500,7.320,7.610,7.320,5983790;
sz002725:10.840,10.530,10.990,10.480,9907600;
sz002728:16.900,16.650,16.940,16.650,968624;
sz002729:43.690,42.650,44.040,42.650,317700;
sz002730:8.800,8.610,9.040,8.560,7047656;
sz002732:20.120,19.750,20.120,19.730,1840921;
sz002734:15.300,14.940,15.310,14.850,7999326;
sz002735:18.300,18.220,18.350,18.200,1045650;
sz002736:12.530,12.290,12.540,12.280,18802842;
sz002737:14.720,14.530,14.780,14.530,5033513;
sz002738:16.600,17.020,17.680,16.580,4963786;
sz002742:6.220,6.130,6.250,6.120,3892609;
sz002748:7.150,7.060,7.250,7.060,2346674;
sz002750:11.130,10.900,11.200,10.890,5020355;
sz002751:26.370,25.790,26.700,25.710,3641907;
sz002753:7.580,7.460,7.580,7.450,1338381;
sz002755:16.460,16.060,16.490,16.000,3729610;
sz002756:19.280,18.730,19.460,18.730,3339440;
sz002758:10.930,10.940,11.080,10.800,3795900;
sz002759:8.490,8.460,8.750,8.430,5010396;
sz002760:18.940,18.650,19.220,18.610,1174823;
sz002761:10.310,9.920,10.440,10.050,11375169;
sz002763:8.590,8.440,8.630,8.380,5623581;
sz002765:4.950,4.880,4.960,4.860,7688620;
sz002767:13.200,13.130,13.470,13.050,1309350;
sz002769:8.270,8.190,8.410,8.180,6521333;
sz002770:2.360,2.430,2.390,2.330,42754608;
sz002771:15.700,14.930,15.870,14.920,13916336;
sz002772:7.090,7.100,7.170,7.010,11271712;
sz002778:24.020,23.020,24.440,22.800,2354600;
sz002780:20.150,19.510,20.250,19.380,3661425;
sz002781:14.540,14.500,14.620,14.300,3603800;
sz002782:10.110,10.420,10.440,10.080,12039785;
sz002783:11.470,11.170,11.650,11.110,11395639;
sz002785:14.050,13.690,14.160,13.640,1960503;
sz002786:9.290,9.060,9.650,9.060,11653114;
sz002787:7.180,7.040,7.180,7.030,1758800;
sz002790:6.530,6.550,6.760,6.510,3748377;
sz002789:14.620,14.380,14.700,14.360,1252600;
sz002792:36.860,34.980,38.000,34.520,26607032;
sz002791:51.490,52.040,52.750,50.520,2615747;
sz002793:15.040,14.680,15.100,14.600,7315249;
sz002795:12.890,12.940,13.200,12.840,1964900;
sz002796:46.500,45.620,48.980,45.500,17910569;
sz002797:8.110,7.880,8.130,7.880,117473022;
sz002800:25.860,25.180,26.260,25.160,3293000;
sz002799:17.190,16.880,17.350,16.810,1738750;
sz002801:35.470,35.280,35.910,35.170,1078175;
sz002802:20.730,20.290,20.900,20.220,1058000;
sz002805:14.570,14.920,14.790,14.330,8464286;
sz002803:36.300,34.730,36.700,34.670,3189891;
sz002806:13.600,13.390,13.800,13.380,2991020;
sz002808:9.110,8.880,9.210,8.820,5082142;
sz002809:18.230,17.760,18.310,17.750,2233550;
sz002810:17.570,17.080,17.680,17.060,2547414;
sz002602:13.940,13.540,14.060,13.480,31863415;
sz002807:4.420,4.360,4.440,4.350,25210293;
sz002811:14.940,15.120,15.360,14.720,1700121;
sz002813:26.500,25.800,26.990,25.600,4630200;
sz002816:27.510,27.090,28.080,26.660,1743200;
sz002817:24.400,23.950,24.400,23.840,1421979;
sz002819:25.610,25.800,26.390,25.530,4607080;
sz002820:11.020,11.090,11.060,10.910,2034419;
sz002823:11.840,11.550,12.040,11.410,5207709;
sz002825:13.970,13.720,14.200,13.700,3159729;
sz002822:10.710,10.280,10.860,10.200,19033297;
sz002828:9.910,9.970,10.190,10.080,7963651;
sz002826:10.610,10.580,10.740,10.510,2384400;
sz002827:9.910,10.010,10.090,9.860,3490356;
sz002829:28.460,28.430,29.840,28.210,7407900;
sz002830:12.320,12.120,12.390,12.120,1422454;
sz002831:25.170,24.780,25.240,24.710,3568311;
sz002835:11.990,11.750,12.140,11.630,3994800;
sz002833:42.420,40.980,42.490,40.700,1150685;
sz002836:10.950,10.800,11.070,10.780,1220300;
sz002837:51.740,49.100,53.990,48.530,10255350;
sz002838:48.790,51.200,51.000,47.790,57895513;
sz002824:23.700,24.780,25.250,23.410,11285797;
sz002842:10.720,10.710,10.960,10.680,5776925;
sz002843:8.120,7.850,8.120,7.850,4311400;
sz002839:6.120,5.970,6.310,5.970,88501683;
sz002845:23.490,22.540,23.980,22.360,7760848;
sz002846:23.530,22.760,24.350,22.680,3295258;
sz002848:14.580,14.210,14.700,14.100,16697700;
sz002849:13.760,13.660,13.980,13.660,1341544;
sz002868:16.870,16.600,16.980,16.550,782674;
sz002774:6.950,6.890,7.110,6.890,2481735;
sz002840:15.120,15.140,15.440,15.120,2465345;
sz002858:14.050,14.110,14.180,13.550,2726600;
sz002850:57.710,55.770,58.800,55.770,2680013;
sz002857:11.760,11.770,12.130,11.710,1105320;
sz002855:13.370,12.900,13.460,12.800,4907943;
sz002856:17.260,16.860,17.320,16.850,1955260;
sz002853:18.520,18.260,19.000,18.210,1304364;
sz002863:5.100,5.090,5.200,5.090,3909010;
sz002865:15.300,15.990,16.450,15.230,14746221;
sz002866:14.930,14.420,15.100,14.360,4613105;
sz002861:31.270,29.900,31.970,29.560,2215330;
sz002860:25.230,24.300,25.500,24.260,9016317;
sz002862:23.520,23.880,24.050,23.220,1621580;
sz002859:45.510,45.910,48.220,45.510,3848055;
sz001979:18.660,18.200,18.660,18.180,7833059;
sz002871:17.990,18.130,18.290,17.980,1250061;
sz002870:20.870,20.700,21.200,20.560,1393570;
sz002872:5.650,5.680,5.830,5.600,14278309;
sz002873:17.150,17.190,17.150,16.900,2673855;
sz002876:49.880,47.300,50.180,47.290,3500620;
sz002875:14.340,14.400,14.860,14.250,2271542;
sz002877:8.330,8.120,8.460,8.100,6012664;
sz002878:38.020,36.540,38.500,36.400,2104081;
sz002880:65.530,66.400,66.650,65.510,1269415;
sz002883:19.480,19.110,19.550,19.080,1107080;
sz002881:28.940,27.300,28.940,27.300,8094770;
sz002886:33.500,33.890,35.700,33.500,18132016;
sz002885:20.300,19.290,20.800,19.250,17000939;
sz002879:18.280,17.430,18.450,17.390,6577516;
sz002882:10.250,10.300,10.720,10.250,5572224;
sz002889:30.000,28.730,30.150,28.500,5797352;
sz002887:16.840,16.850,17.640,16.710,4976064;
sz002890:31.600,30.720,32.490,30.500,1208364;
sz002892:25.490,25.260,26.300,25.060,4390060;
sz002891:25.030,24.560,25.500,24.500,2325721;
sz002895:13.010,12.260,13.010,12.250,6944700;
sz002896:25.000,24.430,25.630,24.410,1441200;
sz002897:35.000,34.720,37.100,34.160,15717680;
sz002898:13.280,13.130,13.320,13.100,980622;
sz002893:11.100,11.130,11.220,11.050,3039401;
sz002906:15.800,15.120,16.150,15.020,10748431;
sz002903:13.800,13.580,14.000,13.550,4224250;
sz002905:15.000,15.710,15.050,14.690,24039802;
sz002907:18.200,18.020,18.470,18.000,3121260;
sz002909:11.800,11.690,12.090,11.610,3104580;
sz002910:10.730,10.700,10.870,10.660,3162400;
sz002864:27.600,26.910,27.650,26.910,1282800;
sz002912:168.810,162.770,170.690,161.800,2144530;
sz002911:14.300,14.290,14.550,14.220,1259511;
sz002915:25.860,25.010,26.270,25.000,2649908;
sz002917:16.100,15.920,16.650,15.900,6832821;
sz002919:16.200,16.250,16.240,15.870,7516297;
sz002920:42.030,40.500,43.460,40.500,6938423;
sz002921:18.400,18.620,18.850,18.220,2193700;
sz002922:15.130,15.350,15.670,15.100,5962019;
sz002923:17.940,17.850,17.940,17.720,3353827;
sz002927:18.560,18.830,19.770,18.500,8443712;
sz002929:34.900,33.530,35.410,33.530,11607478;
sz002930:15.310,16.170,15.890,15.010,31702556;
sz002931:26.440,25.870,26.650,25.830,990200;
sz002932:39.650,38.530,39.660,38.500,1185560;
sz002935:38.060,39.080,41.790,37.850,14138535;
sz002936:4.190,4.150,4.210,4.150,16725510;
sz002937:16.750,17.080,17.200,16.530,18921691;
sz002940:40.150,40.430,41.430,40.110,1750255;
sz002939:14.500,14.370,15.050,14.370,152780993;
sz002941:17.980,17.720,18.250,17.550,21041162;
sz002943:27.740,27.400,29.300,27.310,5260133;
sz002942:26.450,26.100,26.670,26.080,1489019;
sz002952:29.840,29.210,30.260,29.100,1059900;
sz002948:5.430,5.370,5.500,5.370,17383492;
sz002945:16.690,15.880,17.050,15.830,99504175;
sz002949:18.350,18.100,18.540,18.080,1767500;
sz002958:5.620,5.520,5.690,5.520,21632804;
sz002955:69.970,68.050,70.660,68.050,1704192;
sz002956:49.400,48.880,49.860,48.880,790100;
sz002957:29.430,29.700,29.960,29.150,3560371;
sz002960:25.000,24.830,25.210,24.800,2215910;
