sh600010:1.120,1.110,1.130,1.100,195666857;
sh600048:15.860,15.840,15.900,15.720,34260795;
sh600053:24.910,24.000,25.150,23.900,4193438;
sh600061:11.820,11.630,11.910,11.590,10930663;
sh600063:3.500,3.380,3.530,3.370,29780663;
sh600071:9.040,8.910,9.100,8.860,1772091;
sh600076:3.740,3.700,3.760,3.700,5211400;
sh600077:3.030,2.990,3.040,2.970,4504500;
sh600078:5.380,5.530,5.650,5.230,55508840;
sh600079:20.460,20.790,21.370,19.890,25628235;
sh600081:10.680,10.460,10.800,10.340,3955800;
sh600082:3.450,3.400,3.470,3.370,4543500;
sh600090:3.970,3.890,3.980,3.870,13103935;
sh600101:6.090,6.050,6.130,6.010,2330451;
sh600111:9.060,8.890,9.090,8.880,19138118;
sh600113:6.490,6.430,6.730,6.360,11414311;
sh600115:4.210,4.130,4.210,4.120,25796234;
sh600120:9.470,9.900,10.250,9.380,24618024;
sh600146:11.350,10.950,11.530,10.870,12242322;
sh600151:4.290,4.220,4.340,4.200,7317304;
sh600156:4.350,4.140,4.370,4.110,8336200;
sh600160:6.820,6.720,6.860,6.690,21109163;
sh600161:34.810,33.780,35.000,33.780,7757828;
sh600162:2.020,2.000,2.030,2.000,6543944;
sh600169:2.060,2.060,2.080,2.030,22911462;
sh600175:1.020,0.960,1.030,0.950,104820593;
sh600197:13.160,13.220,13.430,13.060,9494652;
sh600199:5.050,5.100,5.230,5.030,14625836;
sh600200:7.260,6.840,7.280,6.760,33257867;
sh600203:9.260,8.900,9.370,8.860,16531449;
sh600206:12.140,11.810,12.370,11.760,24856064;
sh600207:4.110,4.020,4.110,4.000,3143300;
sh600208:3.200,3.120,3.200,3.110,64697788;
sh600213:7.660,7.300,7.780,7.250,9249059;
sh600218:10.080,10.080,10.080,9.980,43337301;
sh600221:1.480,1.450,1.480,1.450,63159000;
sh600223:7.110,7.050,7.330,6.910,27119564;
sh600226:2.770,2.670,2.790,2.630,124823093;
sh600227:3.280,3.220,3.310,3.190,15429301;
sh600235:4.590,4.510,4.600,4.500,3743799;
sh600236:4.340,4.330,4.340,4.310,1666752;
sh600242:7.400,7.120,7.400,7.100,16083084;
sh600246:6.760,6.750,6.880,6.670,14664473;
sh600262:16.790,17.310,17.700,16.630,3232777;
sh600266:6.790,6.700,6.810,6.680,8504538;
sh600267:16.990,17.480,18.170,16.700,98462192;
sh600268:12.500,11.280,12.680,11.280,130432028;
sh600278:9.030,8.870,9.050,8.860,2119390;
sh600279:3.700,3.660,3.700,3.660,2233000;
sh600283:9.920,9.720,10.010,9.650,4074586;
sh600285:8.560,8.360,8.590,8.300,6521452;
sh600288:10.930,10.820,11.000,10.770,2622001;
sh600291:7.060,6.910,7.060,6.860,8870547;
sh600293:2.720,2.660,2.720,2.650,8409580;
sh600300:3.600,3.390,3.600,3.360,88048765;
sh600310:3.990,3.890,4.000,3.870,6891130;
sh600311:2.280,2.130,2.290,2.110,34840253;
sh600313:4.450,4.250,4.560,4.150,130788492;
sh600317:2.150,2.130,2.160,2.130,6832900;
sh600322:2.540,2.520,2.550,2.500,9764000;
sh600323:20.650,20.210,20.650,20.160,6088971;
sh600326:6.940,7.190,7.520,6.900,52037216;
sh600336:5.950,5.960,6.280,5.820,37250642;
sh600337:4.120,4.060,4.130,4.050,8046504;
sh600338:7.750,7.650,7.800,7.600,5465330;
sh600339:2.740,2.680,2.760,2.660,39000592;
sh600351:5.160,5.020,5.180,5.000,7876600;
sh600353:5.230,5.210,5.300,5.150,5498755;
sh600354:3.790,3.840,3.880,3.740,20193565;
sh600355:3.110,3.040,3.130,3.020,8755039;
sh600360:7.510,7.230,7.590,7.190,38600492;
sh600363:13.860,13.430,13.980,13.380,6765976;
sh600366:6.060,5.820,6.100,5.730,35671624;
sh600371:15.310,14.910,15.700,14.600,34049835;
sh600375:4.510,4.530,4.680,4.470,8552474;
sh600381:4.700,4.570,4.700,4.540,5394536;
sh600392:7.050,7.060,7.140,6.990,21878649;
sh600393:2.810,2.770,2.820,2.770,9583200;
sh600398:6.230,6.210,6.260,6.160,5564824;
sh600419:12.580,12.540,12.750,12.390,9505282;
sh600425:3.900,3.820,3.940,3.810,21142627;
sh600429:5.510,5.470,5.620,5.420,6496512;
sh600449:14.000,13.770,14.390,13.660,16852351;
sh600455:23.850,23.050,23.850,23.040,1545610;
sh600463:6.060,5.860,6.060,5.830,2767300;
sh600466:5.740,5.610,5.750,5.580,19359469;
sh600467:2.760,2.650,2.790,2.620,83454014;
sh600476:12.700,12.430,12.810,12.380,1835400;
sh600478:3.880,3.850,3.970,3.830,13430484;
sh600479:9.210,9.080,9.210,9.040,6146597;
sh600480:10.390,10.200,10.480,10.070,9855936;
sh600481:2.960,2.930,2.980,2.920,3239240;
sh600488:4.760,4.530,4.760,4.510,10132800;
sh600495:4.400,4.340,4.490,4.300,23540020;
sh600499:4.170,4.160,4.260,4.160,5570846;
sh600501:9.250,8.990,9.320,8.780,15251655;
sh600503:3.230,3.140,3.240,3.120,19494800;
sh600505:11.110,11.070,11.450,11.000,9502726;
sh600506:9.170,8.680,9.180,8.660,5237094;
sh600517:7.360,7.180,7.390,7.070,14306288;
sh600520:7.990,7.650,8.020,7.550,4897210;
sh600525:4.930,4.770,4.940,4.690,15248038;
sh600526:5.630,5.540,5.630,5.460,10773202;
sh600527:5.000,4.550,5.240,4.550,219481661;
sh600530:3.390,3.310,3.400,3.290,6583952;
sh600533:3.480,3.500,3.730,3.380,104080147;
sh600537:2.890,2.820,2.890,2.820,5163526;
sh600549:11.300,11.150,11.370,11.120,7774456;
sh600559:8.880,8.990,9.090,8.780,22760277;
sh600562:15.030,14.850,15.190,14.600,6175197;
sh600568:1.430,1.360,1.440,1.330,42301331;
sh600573:6.210,6.280,6.450,6.190,7680610;
sh600587:17.310,16.790,17.380,16.610,10218407;
sh600593:42.190,42.380,42.520,41.870,694620;
sh600596:0.000,8.490,0.000,0.000,0;
sh600601:3.420,3.500,3.570,3.390,33637484;
sh600602:7.460,7.250,7.520,7.230,7694748;
sh600603:5.090,4.970,5.140,4.950,13106272;
sh600604:7.120,6.990,7.140,6.960,10966608;
sh600613:7.200,6.890,7.230,6.800,5842200;
sh600623:5.430,5.350,5.440,5.340,5769488;
sh600624:8.450,8.190,8.470,8.150,14137952;
sh600626:5.020,4.940,5.040,4.920,6275445;
sh600628:11.420,11.180,11.420,10.980,3461815;
sh600630:7.550,7.310,7.560,7.280,6497149;
sh600638:5.210,5.090,5.230,5.070,1553283;
sh600639:13.120,13.120,13.260,13.010,1235157;
sh600640:17.980,17.250,17.990,17.180,7025860;
sh600641:18.330,17.670,18.570,17.390,12684725;
sh600644:4.910,4.850,4.920,4.850,1088389;
sh600645:20.370,19.750,20.490,19.650,8991623;
sh600647:12.760,12.320,12.760,12.240,1506723;
sh600649:5.180,5.120,5.180,5.100,4225125;
sh600651:3.490,3.570,3.710,3.490,15042293;
sh600661:16.220,15.880,16.220,15.810,1507558;
sh600662:3.820,3.780,3.830,3.770,4492479;
sh600668:15.450,15.200,15.570,15.030,11261943;
sh603179:24.600,24.600,25.290,23.800,1895014;
sh600671:11.780,11.630,12.080,11.630,3177982;
sh600677:3.520,3.520,3.520,3.520,245200;
sh600678:6.920,6.720,6.970,6.710,12073451;
sh600682:8.440,8.220,8.480,8.180,10908254;
sh600683:3.930,3.830,3.970,3.820,7299601;
sh600684:3.150,3.110,3.160,3.100,3629725;
sh600689:8.500,8.200,8.550,8.130,4884813;
sh600693:4.790,4.730,4.790,4.710,2415482;
sh600695:7.460,7.080,7.530,7.010,14469699;
sh600697:14.880,14.830,14.910,14.760,635700;
sh600706:7.800,7.380,7.880,7.300,12711266;
sh600708:3.030,3.020,3.040,3.000,6723133;
sh600711:4.020,3.990,4.050,3.990,10822612;
sh600712:5.320,5.180,5.420,5.140,24507024;
sh600716:3.750,3.630,3.790,3.610,4594300;
sh600719:4.400,4.270,4.410,4.270,3331700;
sh600724:4.250,4.130,4.390,4.090,20004012;
sh600730:4.380,4.430,4.590,4.330,9186932;
sh600734:3.390,3.220,3.400,3.150,17675215;
sh600736:5.250,5.210,5.360,5.160,10211748;
sh600737:8.570,8.210,8.580,8.160,32730619;
sh600744:2.330,2.240,2.340,2.240,18169684;
sh600746:5.990,5.780,5.990,5.780,2851269;
sh600748:5.160,5.020,5.160,4.990,19264084;
sh603893:59.900,58.930,61.890,57.990,8432701;
sh600755:6.280,6.210,6.280,6.200,6841035;
sh600756:18.510,18.360,18.740,18.310,4169299;
sh600764:28.610,28.660,29.390,28.130,4373168;
sh600770:4.780,4.660,4.810,4.630,7868705;
sh600771:12.600,11.940,12.600,11.830,8483099;
sh600773:5.600,5.470,5.660,5.450,7175502;
sh600777:1.920,1.830,1.950,1.820,288034146;
sh600783:13.270,13.070,13.430,12.990,5008148;
sh600784:4.270,4.210,4.300,4.210,1538925;
sh600785:14.800,14.400,14.990,14.400,293760;
sh600796:6.840,6.380,7.000,6.380,35518498;
sh600800:4.950,4.890,5.030,4.880,5547286;
sh600802:11.630,11.430,11.700,11.360,17269573;
sh600808:2.500,2.490,2.510,2.480,13053401;
sh600818:9.800,9.520,9.810,9.490,1586298;
sh600819:4.630,4.560,4.680,4.540,3283900;
sh600821:3.860,3.720,3.880,3.700,5211919;
sh600822:8.480,8.280,8.480,8.280,2087100;
sh600824:3.350,3.250,3.360,3.240,9442502;
sh600825:5.300,5.270,5.350,5.230,5563062;
sh600828:4.080,4.100,4.200,4.030,12845470;
sh600829:8.090,7.640,8.090,7.610,16264836;
sh600830:5.850,5.990,6.250,5.800,37982714;
sh600831:7.440,7.070,7.440,6.970,28271018;
sh600833:10.170,9.830,10.220,9.800,3626528;
sh600834:6.270,6.250,6.280,6.210,1395474;
sh600836:5.550,5.930,6.000,5.390,35207178;
sh600838:6.460,6.410,6.640,6.330,18191691;
sh600841:7.130,7.150,7.430,7.130,2719213;
sh600843:6.740,6.740,6.880,6.660,2517026;
sh600846:8.660,8.490,8.740,8.460,7166561;
sh600851:7.980,7.640,8.030,7.590,4145790;
sh600853:3.830,4.040,4.170,3.730,62690339;
sh600854:3.750,3.710,3.750,3.650,3171278;
sh600855:24.130,21.780,24.380,21.780,82422589;
sh600857:9.490,9.410,9.550,9.370,724600;
sh600860:3.280,3.250,3.330,3.240,1900700;
sh600861:11.390,11.090,11.400,10.970,3212883;
sh600862:13.920,13.110,14.120,13.110,33724552;
sh600864:6.290,6.160,6.300,6.120,16817812;
sh600865:6.100,6.020,6.120,6.010,2755715;
sh600866:5.310,5.120,5.310,5.120,26437110;
sh600867:12.120,12.440,12.950,11.930,93369629;
sh600868:3.160,3.090,3.180,3.080,29960051;
sh600869:4.570,4.480,4.740,4.460,52985266;
sh600871:1.990,1.940,2.000,1.930,26088612;
sh600874:6.920,6.970,6.980,6.840,9578034;
sh600876:13.490,13.150,13.550,13.050,3801828;
sh600879:6.990,6.820,7.030,6.740,71113482;
sh600880:3.980,3.920,4.040,3.900,13264898;
sh600882:26.630,25.250,26.630,25.050,4174607;
sh600885:29.420,29.280,29.960,29.000,4516925;
sh600888:4.220,4.150,4.220,4.120,6383051;
sh600889:5.750,5.650,5.840,5.580,2847900;
sh600894:7.630,7.610,7.810,7.500,16846365;
sh600898:8.000,8.190,8.890,7.400,32877848;
sh600917:6.500,6.480,6.570,6.440,4095713;
sh600959:3.630,3.590,3.640,3.580,6679640;
sh600962:8.800,8.600,8.800,8.390,11202131;
sh600965:7.590,7.260,7.600,7.240,6583565;
sh600966:7.130,7.160,7.280,6.770,27445516;
sh600973:4.150,4.220,4.310,4.120,23484788;
sh600976:16.100,15.770,16.100,15.700,1391300;
sh600980:12.100,11.780,12.170,11.730,1642620;
sh600981:3.650,3.450,3.650,3.420,21749800;
sh600982:2.720,2.690,2.740,2.670,2484700;
sh600983:5.280,4.970,5.390,4.900,18699534;
sh600986:4.140,3.970,4.190,3.950,62091016;
sh600988:8.820,9.170,9.290,8.690,145252756;
sh600990:39.410,38.940,39.690,38.530,1162320;
sh600992:6.320,6.390,6.390,6.250,1983206;
sh601002:6.230,6.280,6.380,6.090,23680221;
sh601008:3.440,3.400,3.450,3.380,8130054;
sh601016:2.210,2.190,2.210,2.180,10735400;
sh601069:14.300,14.150,14.480,13.960,11951242;
sh601100:68.000,67.540,68.800,67.230,2871257;
sh601106:2.620,2.760,2.890,2.580,76827847;
sh601118:5.260,5.270,5.380,5.220,36444716;
sh601126:8.550,8.700,8.700,8.310,70444763;
sh601168:5.540,5.450,5.570,5.420,13461672;
sh601199:4.180,3.970,4.190,3.950,20635523;
sh601222:5.060,5.040,5.120,5.010,7459136;
sh601226:4.040,3.950,4.040,3.910,5325650;
sh601233:12.120,11.890,12.140,11.830,13530913;
sh601311:8.630,8.520,8.790,8.500,8399235;
sh601339:3.390,3.380,3.440,3.380,5249353;
sh601388:1.600,1.580,1.600,1.570,13231379;
sh601515:5.900,6.110,6.180,5.900,7271680;
sh601567:7.740,7.510,7.780,7.440,11804854;
sh601608:3.470,3.580,3.680,3.410,52599703;
sh601616:3.250,3.300,3.410,3.250,28852220;
sh601677:10.200,10.060,10.200,10.010,3443735;
sh601689:21.350,21.540,22.590,21.350,15661312;
sh601700:5.750,5.750,5.880,5.700,17946485;
sh601727:4.920,4.880,4.960,4.840,19137958;
sh601789:6.000,5.510,6.180,5.510,207771381;
sh601799:98.980,99.880,100.900,98.030,1168808;
sh601818:3.560,3.540,3.570,3.530,46386933;
sh601866:1.990,1.960,1.990,1.960,40876830;
sh601958:6.020,5.950,6.070,5.940,9622945;
sh601968:4.510,4.610,4.740,4.490,7173019;
sh601996:2.720,2.650,2.720,2.640,10224400;
sh603002:4.370,4.360,4.430,4.270,9947650;
sh603003:9.500,8.760,9.580,8.760,35663257;
sh603006:10.130,10.200,10.330,10.030,1663893;
sh603009:6.950,6.860,7.080,6.860,5490150;
sh603010:13.450,13.740,13.870,13.320,8438018;
sh603015:5.770,5.870,5.930,5.750,1920100;
sh603017:11.000,10.740,11.000,10.600,3671800;
sh603018:14.800,14.410,14.800,14.110,8752044;
sh603020:10.060,9.570,10.130,9.400,15697300;
sh603021:5.660,5.420,5.690,5.410,2135852;
sh603022:18.080,18.350,18.670,17.770,2256700;
sh603023:5.840,5.520,6.180,5.490,44126701;
sh603025:7.780,7.660,7.830,7.630,2191204;
sh603085:6.190,6.190,6.270,6.120,2416082;
sh603088:10.400,10.870,11.200,10.000,21842092;
sh603099:7.930,8.040,8.080,7.870,2447146;
sh603108:10.840,10.300,10.840,10.140,14979122;
sh603111:7.700,7.450,7.930,7.450,30054266;
sh603116:7.030,6.900,7.100,6.880,2070440;
sh603117:3.620,3.520,3.620,3.510,4376680;
sh603123:8.600,8.530,8.720,8.460,5361345;
sh603126:4.530,4.450,4.530,4.440,3632500;
sh603158:20.050,17.820,21.180,17.820,13480196;
sh603168:8.250,7.990,8.280,7.960,2567307;
sh603222:47.130,46.980,47.160,46.460,908500;
sh603227:3.950,3.890,3.950,3.860,3808721;
sh603268:13.800,14.280,14.290,13.550,2257833;
sh603299:6.470,6.370,6.480,6.330,5375227;
sh603300:6.660,6.620,6.760,6.570,6020660;
sh603308:14.200,14.010,14.430,13.850,3904200;
sh603318:7.050,6.810,7.070,6.780,9832742;
sh603333:8.010,8.280,8.380,7.940,23975798;
sh603366:5.920,5.750,5.940,5.700,16389606;
sh603456:21.800,21.000,21.800,20.800,12514209;
sh603508:53.200,52.100,53.620,51.730,1503775;
sh603519:12.020,11.550,12.020,11.480,1509300;
sh603566:19.950,19.190,19.970,18.930,5148815;
sh603568:30.970,31.150,31.340,30.570,1632034;
sh603600:12.070,11.760,12.080,11.670,6047726;
sh603601:13.330,13.070,13.550,12.680,47336815;
sh603609:15.990,15.610,16.100,15.500,25896962;
sh603611:17.210,16.680,17.320,16.600,1886510;
sh603616:7.210,7.060,7.250,7.020,2937700;
sh603618:5.880,6.290,6.460,5.870,37430338;
sh603688:22.040,21.260,22.080,21.000,3798463;
sh603703:17.850,17.830,17.980,17.700,2206169;
sh603789:13.230,13.100,13.310,12.970,8653037;
sh603800:11.460,11.310,11.540,11.120,1746700;
sh603808:10.880,10.550,10.880,10.520,3684615;
sh603818:6.760,6.860,6.880,6.750,1486622;
sh603838:7.590,7.480,7.650,7.460,974600;
sh603918:12.100,11.920,12.300,11.910,4772390;
sh603936:18.060,17.330,18.260,17.240,5325772;
sh603968:13.770,13.480,13.890,13.460,1706300;
sh603989:25.030,24.750,25.370,24.730,1756434;
sh603997:9.360,8.570,9.760,8.550,34762868;
sh603998:6.830,6.620,6.850,6.610,5058480;
sh603999:5.950,5.800,5.980,5.790,4951946;
sh600127:13.000,12.480,13.360,11.120,292193239;
sh603377:14.920,15.060,15.320,14.620,2896179;
sh601900:10.160,9.800,10.160,9.800,3389300;
sh603919:15.200,15.340,15.550,15.150,5985368;
sh603861:8.410,8.280,8.420,8.230,2232500;
sh603028:11.580,12.140,12.360,11.410,6955641;
sh603798:10.000,9.720,10.020,9.710,2703985;
sh603701:10.750,10.420,10.980,10.360,3434045;
sh603726:12.600,12.190,12.600,12.120,5418369;
sh603528:8.120,8.060,8.380,7.980,15093860;
sh603339:13.460,13.360,13.680,13.260,3943547;
sh603131:17.320,16.810,17.630,16.420,6043360;
sh603016:26.350,26.670,26.820,26.030,2876462;
sh603069:11.000,11.260,11.380,10.890,8095460;
sh600936:3.870,3.800,3.880,3.760,4422700;
sh601997:7.540,7.540,7.580,7.510,9540873;
sh601595:13.400,13.150,13.460,13.050,2769561;
sh603515:23.900,23.760,24.080,23.700,1026112;
sh603843:4.380,4.200,4.400,4.170,11083211;
sh601163:13.350,13.000,13.380,12.960,4701818;
sh603393:42.500,41.900,43.100,41.800,3505641;
sh603738:23.810,22.990,23.810,22.810,6024105;
sh601128:6.710,6.480,6.750,6.470,52111286;
sh603313:19.700,19.300,19.720,19.160,3514590;
sh600926:7.610,7.480,7.630,7.450,14702711;
sh603888:25.760,26.330,26.330,25.420,17592684;
sh603060:21.110,20.490,21.400,20.250,3764061;
sh603633:10.780,11.060,11.890,10.750,6990860;
sh603987:11.420,11.340,11.520,11.090,8488033;
sh603336:16.910,17.040,18.000,16.540,17165391;
sh603660:10.000,9.740,10.000,9.690,16884874;
sh603559:22.630,21.530,22.990,21.350,16079364;
sh603033:30.730,30.060,30.730,29.560,1805408;
sh603389:3.930,3.730,3.940,3.700,3084240;
sh603058:7.100,6.980,7.100,6.940,1998700;
sh603886:16.880,16.490,17.040,16.420,3853945;
sh603239:12.810,12.360,12.950,12.230,5718300;
sh601375:4.790,4.630,4.790,4.610,23645171;
sh603035:11.300,11.060,11.380,10.960,4226400;
sh603032:18.680,18.330,18.940,18.300,2720695;
sh603877:15.660,15.170,15.880,15.170,859400;
sh603689:10.480,10.270,10.480,10.220,3086315;
sh603579:31.960,32.610,33.100,31.530,4061906;
sh603639:27.690,26.960,27.690,26.540,1952616;
sh601858:9.840,9.570,9.850,9.500,5152031;
sh603638:41.400,40.910,41.770,40.500,1050391;
sh603429:35.000,35.050,35.700,34.590,1366117;
sh603966:10.420,10.570,10.840,10.330,5024458;
sh603089:12.360,12.040,12.480,12.000,2907901;
sh603360:29.130,28.520,29.400,28.430,2492773;
sh603677:10.200,10.090,10.250,10.070,493744;
sh603637:13.880,13.770,14.120,13.590,1158028;
sh601212:2.850,2.820,2.880,2.800,34700976;
sh603603:0.000,6.230,0.000,0.000,0;
sh603817:5.920,5.890,5.960,5.890,1414000;
sh603717:7.950,7.770,7.960,7.720,2254659;
sh603656:13.240,13.220,13.370,13.100,761952;
sh603133:17.090,17.050,17.210,16.580,3426100;
sh603811:26.350,25.180,26.350,25.150,1894160;
sh603955:17.580,16.990,17.700,16.930,1544620;
sh603908:22.720,22.370,22.720,22.340,334000;
sh603991:26.280,24.840,26.320,24.700,1781900;
sh603578:20.050,20.450,20.880,20.050,1862032;
sh601366:6.230,6.110,6.270,6.050,8435500;
sh603787:11.460,11.390,11.670,11.370,2687250;
sh603320:16.250,15.570,16.260,15.550,2424670;
sh603906:9.320,9.080,9.490,9.070,3222991;
sh603586:16.530,17.000,17.000,16.390,1723710;
sh603538:36.420,35.430,36.810,34.900,5083075;
sh603385:10.090,9.830,10.090,9.780,3304682;
sh603178:8.000,7.830,8.000,7.780,1602913;
sh603238:35.000,30.900,35.790,30.880,4807260;
sh603229:31.870,30.490,31.940,29.860,1547231;
sh603728:11.770,11.520,11.880,11.510,3135240;
sh603896:28.370,27.340,28.400,27.150,1279206;
sh603488:9.250,9.110,9.250,9.070,3371456;
sh603197:24.640,24.480,25.200,24.310,2006060;
sh603580:12.000,11.660,12.000,11.580,969336;
sh603200:77.380,71.640,77.630,70.410,2531489;
sh603042:18.320,17.320,18.690,17.240,7915219;
sh603536:14.820,13.740,14.960,13.600,11363083;
sh603326:16.750,16.750,17.060,16.550,2932479;
sh603316:12.280,12.620,12.650,12.280,3972900;
sh603335:4.130,4.160,4.180,4.110,4338495;
sh603380:17.960,17.690,17.960,17.380,2075158;
sh603286:15.260,15.120,15.350,15.000,774910;
sh603938:23.450,23.110,23.990,22.810,1302066;
sh603331:17.120,17.330,17.450,17.120,1527625;
sh603933:13.770,13.560,14.080,13.550,4166024;
sh603595:29.440,28.820,29.650,28.650,2123576;
sh603612:10.610,10.340,10.610,10.180,2393460;
sh603676:11.840,11.020,11.840,11.000,9536737;
sh603063:8.250,8.200,8.320,8.100,1386500;
sh603233:67.090,66.100,67.880,65.520,2010910;
sh603357:10.620,10.180,10.870,10.180,6752948;
sh603860:27.850,27.400,28.680,27.400,721900;
sh603880:14.220,13.690,14.360,13.020,6051628;
sh603776:18.220,17.730,18.220,17.600,3304341;
sh603976:16.610,16.000,16.670,15.960,2317963;
sh603079:46.100,44.210,46.100,43.800,2998189;
sh603725:6.680,6.520,6.710,6.510,1143860;
sh603813:17.150,16.340,17.200,16.140,1603600;
sh603136:24.620,24.760,25.250,24.230,1179080;
sh603378:33.960,33.100,34.610,32.840,1881800;
sh603367:17.890,17.270,17.960,17.240,5607800;
sh603103:14.200,14.150,14.290,14.070,1806299;
sh603110:15.100,14.930,15.240,14.810,1908280;
sh603499:15.080,15.490,15.870,15.010,3353860;
sh603829:10.250,10.070,10.250,9.970,2006700;
sh603722:28.330,28.560,29.080,27.460,2391554;
sh603659:70.680,69.760,74.900,69.300,4414137;
sh603076:21.200,20.990,21.350,20.960,320581;
sh603661:35.390,36.440,36.740,35.250,1500273;
sh601019:6.280,6.220,6.280,6.200,2274087;
sh603890:18.000,17.120,18.260,17.020,8684147;
sh603477:12.840,12.770,13.150,12.420,6382800;
sh603895:21.700,23.760,23.760,21.040,8503881;
sh603516:38.240,37.280,38.560,37.210,1742600;
sh603871:28.480,28.200,28.570,27.850,717922;
sh603709:32.820,33.500,34.440,32.670,1289103;
sh603712:29.530,27.870,30.190,27.790,13469289;
sh603059:25.680,25.010,25.810,24.890,1913421;
sh600929:6.280,6.010,6.390,5.970,12236300;
sh603897:16.710,16.820,17.060,16.710,2083994;
sh603301:39.190,37.140,39.450,36.010,6497930;
sh603773:30.890,30.040,31.030,29.950,1188724;
sh603666:100.250,99.500,101.650,98.900,391247;
sh601990:14.100,13.450,14.240,13.380,97884311;
sh603713:62.200,65.990,66.760,59.310,4071469;
sh601606:10.800,11.840,11.840,10.780,63990530;
sh603590:39.000,38.090,39.680,38.030,3501115;
sh603192:23.950,23.720,24.220,23.720,676100;
sh601068:4.180,4.090,4.190,4.070,7079511;
sh603297:32.490,32.260,32.960,32.100,1041814;
sh603790:12.920,12.590,12.970,12.570,1947640;
sh603583:45.750,44.850,45.750,44.010,2081871;
sh601975:2.820,2.640,2.820,2.620,222211441;
sh603629:22.980,22.910,23.680,22.700,1801518;
sh603185:38.750,37.310,38.750,37.060,2314890;
sh601298:5.610,5.530,5.620,5.510,6797336;
sh603700:37.610,36.390,37.610,35.880,2178439;
sh601615:11.080,11.080,11.260,10.920,15015170;
sh601865:11.730,11.790,11.840,11.550,7323745;
sh603317:49.130,48.830,49.870,48.500,2719375;
sh603697:14.290,13.890,14.550,13.800,8974295;
sh603982:16.120,15.530,16.480,15.410,5461050;
sh603327:25.450,25.410,25.850,25.230,2531339;
sh603915:13.040,13.680,13.850,12.900,7230005;
sh601236:18.880,18.810,19.390,18.700,26246636;
sh603530:20.170,19.900,20.470,19.860,3605060;
sh603115:16.890,16.750,16.920,16.700,1130200;
sh603992:16.300,15.900,16.360,15.630,1870300;
sh603755:51.350,50.390,51.990,49.000,622925;
sh600000:10.060,10.060,10.090,10.010,16973113;
sh600004:14.900,14.360,14.900,14.140,13887216;
sh600006:4.040,4.000,4.100,3.990,9977410;
sh600007:14.060,13.810,14.130,13.720,1541000;
sh600008:3.240,3.210,3.250,3.160,13996057;
sh600009:70.980,70.500,71.260,70.000,8275250;
sh600011:4.220,4.180,4.230,4.160,18050859;
sh600012:5.160,5.130,5.160,5.120,1314900;
sh600015:6.410,6.380,6.410,6.340,13312588;
sh600016:5.690,5.700,5.720,5.650,61439742;
sh600017:2.450,2.430,2.450,2.420,7797000;
sh600018:4.290,4.240,4.300,4.230,13281400;
sh600019:4.850,4.820,4.850,4.800,22099485;
sh600020:3.820,3.810,3.830,3.780,8821024;
sh600021:7.410,7.250,7.410,7.230,3171372;
sh600023:3.400,3.390,3.410,3.380,9276930;
sh600026:9.000,8.870,9.070,8.670,36300275;
sh600027:3.470,3.520,3.580,3.460,27526554;
sh600028:4.550,4.490,4.560,4.490,81335790;
sh600029:5.200,5.120,5.200,5.100,37664878;
sh600030:22.870,22.700,23.040,22.550,72336646;
sh600031:19.270,19.200,19.600,19.110,52912727;
sh600033:2.720,2.710,2.730,2.710,4050046;
sh600035:3.150,3.180,3.190,3.150,9947424;
sh600036:32.720,32.510,32.720,32.410,22259784;
sh600037:8.670,8.580,8.770,8.550,7146210;
sh600038:43.710,43.250,44.040,43.100,3868852;
sh600050:5.240,5.180,5.260,5.160,75207800;
sh600054:8.650,8.560,8.680,8.510,5895107;
sh600055:16.660,16.030,16.900,15.930,15971284;
sh600056:15.370,14.820,15.370,14.780,25330538;
sh600057:5.810,5.790,5.900,5.650,42030744;
sh600059:8.190,8.070,8.340,8.040,9265989;
sh600060:9.760,9.800,9.910,9.670,10173898;
sh600062:13.360,13.100,13.380,13.080,8064276;
sh600064:8.370,8.250,8.370,8.190,6009900;
sh600066:12.730,13.350,13.360,12.730,38265469;
sh600068:6.640,6.620,6.730,6.600,32178843;
sh600072:12.000,11.950,12.230,11.700,25025036;
sh600073:8.880,8.640,8.950,8.550,24328900;
sh600075:4.760,4.640,4.780,4.630,6509394;
sh600085:25.190,24.870,25.260,24.800,6310144;
sh600089:7.770,7.810,8.030,7.720,71551509;
sh600093:13.240,13.700,13.950,13.110,46317828;
sh600097:9.870,9.540,9.980,9.460,3436218;
sh600098:6.240,6.040,6.240,6.030,6518585;
sh600100:8.180,8.030,8.240,7.980,21430794;
sh600104:18.430,18.260,18.530,18.210,19015755;
sh600105:4.710,4.460,4.720,4.460,20199748;
sh600106:2.850,2.820,2.850,2.800,6130270;
sh600109:9.230,9.100,9.300,9.050,30584628;
sh600114:8.830,8.530,8.940,8.490,13939248;
sh600116:8.520,8.260,8.620,8.200,8861044;
sh600118:34.330,33.000,34.810,32.260,34711243;
sh600125:4.830,4.790,4.840,4.760,6473759;
sh600126:7.650,7.520,7.810,7.420,38748861;
sh600129:13.180,12.990,13.300,12.840,4569242;
sh600131:20.100,19.540,20.150,19.360,8326005;
sh600132:50.970,51.850,52.790,50.380,4068706;
sh600133:6.800,6.250,6.840,6.230,61888994;
sh600138:10.120,10.220,10.300,10.080,15517002;
sh600141:9.490,9.250,9.610,9.200,14557766;
sh600143:10.250,10.300,10.650,10.030,95467493;
sh600150:19.900,19.240,19.900,18.900,19464033;
sh600153:7.930,7.970,8.020,7.800,15349261;
sh600158:8.530,8.540,8.670,8.400,14585753;
sh600170:3.330,3.300,3.340,3.300,27154203;
sh600171:16.580,16.150,16.870,16.040,16419764;
sh600176:8.290,8.280,8.450,8.250,15245471;
sh600177:6.390,6.360,6.420,6.330,6505385;
sh600183:30.960,29.870,31.500,29.730,24778612;
sh600195:13.800,13.610,14.050,13.510,15608482;
sh600196:36.380,35.300,36.890,35.070,66665850;
sh600216:17.520,16.780,17.970,16.700,49496866;
sh600217:5.400,5.480,5.650,5.370,24447981;
sh600219:2.060,2.050,2.070,2.040,35630450;
sh600233:12.150,12.470,12.650,12.020,43591532;
sh600252:3.550,3.410,3.550,3.380,46551192;
sh600256:2.620,2.560,2.620,2.550,23454491;
sh600258:14.860,14.940,15.150,14.820,9408718;
sh600260:14.900,14.960,15.890,14.810,92130487;
sh600261:3.610,3.560,3.620,3.550,6137480;
sh600269:3.530,3.510,3.540,3.510,4912724;
sh600271:19.370,19.130,19.480,19.090,11126362;
sh600276:95.980,95.280,95.990,94.500,10850701;
sh600284:6.960,6.840,6.980,6.830,15150173;
sh601658:5.100,5.060,5.100,5.050,22364386;
sh600969:6.280,6.150,6.300,6.140,2350260;
sh600297:3.440,3.330,3.520,3.280,44412802;
sh600298:38.380,38.020,38.900,37.760,11564054;
sh600299:12.200,12.270,12.500,12.100,11160187;
sh600305:20.200,20.180,20.490,19.840,11251319;
sh600309:42.680,42.750,43.220,42.620,8548382;
sh600312:9.000,8.770,9.160,8.710,50003412;
sh600315:30.270,31.300,31.330,29.800,34974446;
sh600316:13.700,13.260,13.780,13.100,17108151;
sh600320:3.220,3.280,3.300,3.200,11993759;
sh600325:6.540,6.450,6.550,6.420,12373299;
sh600332:31.400,30.600,31.500,30.510,8391387;
sh600340:21.300,20.890,21.380,20.830,8040124;
sh600343:8.790,8.570,8.820,8.410,15497541;
sh600345:20.660,19.950,20.790,19.870,4089195;
sh600350:4.460,4.570,4.680,4.460,42491716;
sh600352:11.920,11.810,11.970,11.770,25609287;
sh600361:4.120,4.000,4.140,3.980,11053473;
sh600362:12.780,12.670,12.830,12.640,8601654;
sh600369:4.490,4.420,4.500,4.400,16404436;
sh600372:13.740,13.630,13.740,13.390,9302785;
sh600376:6.610,6.590,6.650,6.580,5203479;
sh600377:9.950,9.910,10.130,9.790,11057351;
sh600380:13.270,12.630,13.280,12.600,25446094;
sh600383:13.220,13.090,13.290,13.040,18429681;
sh600388:9.320,9.150,9.380,9.120,7303161;
sh600390:7.190,7.210,7.210,7.150,5040400;
sh600391:19.170,18.620,19.450,18.300,15509511;
sh600406:20.490,19.760,20.590,19.730,29264035;
sh600410:12.400,12.900,13.370,12.350,130850924;
sh600418:4.980,4.920,5.080,4.910,13755401;
sh600420:10.530,9.970,10.530,9.880,26221726;
sh600422:10.420,10.110,10.440,10.100,16718897;
sh600428:3.220,3.170,3.230,3.160,8713014;
sh600435:8.120,7.930,8.120,7.780,36772207;
sh600436:136.000,136.600,137.880,135.030,3285717;
sh600439:2.780,2.720,2.780,2.720,5171622;
sh600446:17.130,16.810,17.270,16.660,11810387;
sh600452:19.210,19.160,19.370,18.840,4905039;
sh600460:14.380,14.040,14.470,14.000,18558695;
sh600477:4.030,3.890,4.040,3.860,21925622;
sh600482:17.400,17.190,17.400,16.960,6200989;
sh600483:7.850,7.770,7.850,7.750,5055364;
sh600486:75.500,75.250,76.380,74.480,2538132;
sh600487:17.130,16.740,17.430,16.680,33012183;
sh600489:8.700,8.760,8.850,8.600,33534059;
sh600496:3.700,3.620,3.720,3.600,25751580;
sh600497:3.490,3.450,3.490,3.440,15695768;
sh600498:32.140,31.010,32.370,30.950,20980037;
sh600500:5.160,5.050,5.200,5.050,12085996;
sh600507:5.350,5.250,5.350,5.240,8932766;
sh600511:33.600,31.590,33.610,31.300,26828654;
sh600516:8.980,8.790,8.980,8.690,36459773;
sh600519:1248.000,1250.560,1259.890,1235.180,1912240;
sh600522:10.880,10.600,11.140,10.530,88196878;
sh600529:36.190,36.490,37.140,35.800,4040942;
sh600535:14.760,14.510,14.780,14.310,10210002;
sh600536:82.490,82.700,84.500,81.570,17423755;
sh600545:5.120,5.000,5.140,4.970,7633800;
sh600547:36.900,37.450,37.900,36.690,40537081;
sh600548:9.150,9.130,9.200,9.020,2231400;
sh600557:15.450,15.100,15.610,15.020,13272507;
sh600563:49.580,49.000,50.190,48.610,1181597;
sh600565:2.800,2.780,2.820,2.780,10261000;
sh600566:21.030,20.210,21.180,20.200,9606330;
sh600570:95.280,94.710,95.800,94.110,6119639;
sh600571:9.550,9.390,9.630,9.330,8027302;
sh600572:5.430,5.250,5.430,5.240,32195727;
sh600577:2.990,3.020,3.100,2.980,35074774;
sh600578:2.870,2.840,2.890,2.830,4198000;
sh600580:10.800,10.600,11.080,10.530,20293764;
sh600582:2.950,2.960,3.020,2.930,24026160;
sh600583:5.500,5.020,5.520,4.980,97716139;
sh600584:22.510,21.900,22.930,21.790,41309736;
sh600585:57.920,58.040,58.300,57.300,18248439;
sh600588:44.300,43.300,44.820,43.140,11669678;
sh600590:6.020,5.980,6.200,5.930,13694739;
sh600597:12.840,12.860,13.050,12.690,21117123;
sh600598:16.810,15.920,16.890,15.720,67329621;
sh600600:47.340,48.820,49.470,46.900,12280425;
sh600606:5.360,5.240,5.370,5.220,37403689;
sh600611:3.670,3.600,3.670,3.600,3917000;
sh600612:39.500,39.680,39.700,38.400,2246048;
sh600616:4.680,4.670,4.790,4.610,6570982;
sh600618:7.530,7.380,7.570,7.300,4909253;
sh600619:8.160,8.040,8.280,8.020,1173600;
sh600622:3.560,3.480,3.580,3.480,12874508;
sh600633:9.650,9.500,9.840,9.440,13474138;
sh600635:4.100,4.040,4.100,4.020,11748745;
sh600637:9.110,8.880,9.110,8.880,10464721;
sh600642:5.230,5.230,5.240,5.180,4546265;
sh600643:7.760,7.610,7.770,7.560,8999537;
sh600648:14.300,14.220,14.390,14.150,2499652;
sh600650:8.860,8.660,8.860,8.640,1146614;
sh600655:7.650,7.390,7.660,7.370,8070849;
sh600657:3.670,3.610,3.670,3.590,7636160;
sh600658:4.460,4.410,4.490,4.400,1836047;
sh600660:18.940,18.800,19.020,18.720,8805927;
sh600663:10.860,10.730,10.870,10.700,1966168;
sh600667:10.380,10.190,10.650,10.140,31363813;
sh600674:8.530,8.540,8.560,8.480,5728726;
sh600685:15.020,15.050,15.580,14.500,25671638;
sh600686:6.160,6.080,6.230,6.060,4448868;
sh600688:4.450,4.300,4.470,4.240,42745638;
sh600690:15.200,14.890,15.200,14.850,24327277;
sh600699:19.430,19.100,19.770,19.020,17319407;
sh600702:23.790,24.660,24.950,23.650,16470392;
sh600703:20.200,19.780,20.620,19.600,63628594;
sh600704:4.700,4.630,4.720,4.610,16507367;
sh600705:3.920,3.880,3.930,3.860,18638211;
sh600713:4.590,4.470,4.590,4.410,9711916;
sh600717:5.340,5.330,5.360,5.310,3558080;
sh600718:11.570,11.300,11.650,11.260,8513550;
sh600720:15.500,15.240,15.540,14.960,30079101;
sh600723:5.730,5.550,6.280,5.510,19844019;
sh600728:9.790,9.480,9.850,9.400,52803533;
sh600729:27.210,27.200,27.250,27.170,6239895;
sh600733:5.740,5.690,5.930,5.650,28194934;
sh600741:20.340,19.840,20.600,19.780,15446230;
sh600743:2.190,2.170,2.200,2.160,3376466;
sh600745:93.890,91.750,94.880,91.360,12703081;
sh600749:8.620,8.830,9.090,8.500,4586519;
sh600750:12.000,11.660,12.030,11.600,5174750;
sh600754:25.900,26.450,26.970,25.820,3758533;
sh600760:31.500,31.310,31.730,30.760,11638268;
sh600761:9.470,9.490,9.570,9.440,4354017;
sh600763:119.590,121.530,124.000,117.790,4043274;
sh600765:9.040,8.980,9.120,8.830,9146192;
sh600775:8.370,8.210,8.450,8.200,7441159;
sh600776:17.290,17.170,17.500,17.050,8774692;
sh600779:45.480,46.500,47.200,44.500,6011505;
sh600787:4.510,4.410,4.530,4.400,11556969;
sh600789:10.050,9.570,10.060,9.520,61723136;
sh600790:3.120,3.110,3.140,3.100,6451944;
sh600794:3.470,3.390,3.520,3.370,28139266;
sh600795:2.010,2.000,2.010,2.000,34157868;
sh600797:9.160,9.020,9.250,9.000,24418026;
sh600798:3.190,3.140,3.200,3.130,13328010;
sh600801:25.640,25.530,25.930,25.340,12046743;
sh600803:9.270,9.060,9.320,9.000,7555360;
sh600804:7.040,7.240,7.350,6.880,125790010;
sh600805:4.420,4.340,4.440,4.340,3591956;
sh600809:99.560,100.000,100.800,97.900,2709672;
sh600812:11.540,11.540,11.850,11.000,173178678;
sh600814:4.930,4.870,4.960,4.860,3895900;
sh600816:0.000,2.500,0.000,0.000,0;
sh600820:5.670,5.700,5.710,5.630,10927510;
sh600823:4.070,4.020,4.070,4.000,7204143;
sh600826:10.050,9.940,10.050,9.870,1251150;
sh600827:7.750,7.730,7.920,7.700,6448168;
sh600835:14.670,14.590,14.780,14.560,2909618;
sh600837:12.780,12.610,12.840,12.580,35843776;
sh600839:2.690,2.620,2.700,2.610,59274343;
sh600845:47.540,47.740,48.670,47.290,5144574;
sh600848:19.590,19.230,19.680,19.200,2840581;
sh600850:22.800,22.030,22.910,21.980,3936456;
sh600859:12.260,12.350,12.400,12.220,4124064;
sh600872:45.790,46.080,46.380,45.100,5319664;
sh600873:4.480,4.390,4.490,4.360,25936295;
sh600875:8.930,8.740,9.220,8.630,21719627;
sh600884:10.990,10.930,11.140,10.910,11019500;
sh600886:7.400,7.460,7.470,7.370,10747281;
sh600887:30.830,31.200,31.500,30.600,60367387;
sh603551:16.720,16.080,16.730,16.070,2964693;
sh600893:24.160,23.650,24.220,23.410,10376015;
sh600895:12.490,12.190,12.500,12.180,7923072;
sh600897:17.440,17.160,17.450,17.130,910400;
sh600900:17.300,17.530,17.550,17.270,13959846;
sh600958:9.360,9.200,9.440,9.140,18825735;
sh600967:9.640,9.620,9.750,9.500,13212188;
sh600970:5.970,5.910,5.970,5.880,11013987;
sh600975:9.290,9.400,9.560,9.160,43977142;
sh600987:5.490,5.470,5.500,5.420,3307898;
sh600993:15.880,15.560,15.890,15.520,3093111;
sh600995:8.040,7.970,8.080,7.860,6748200;
sh600998:20.000,19.680,20.280,19.490,8964174;
sh600999:17.950,17.750,18.040,17.640,8383148;
sh601003:4.950,4.960,4.980,4.930,3189818;
sh601006:6.820,6.810,6.830,6.770,10618987;
sh601007:8.130,8.050,8.140,8.030,2146712;
sh601009:7.380,7.360,7.420,7.330,14128463;
sh601010:3.120,3.090,3.150,3.080,8198205;
sh601012:27.840,27.710,28.060,27.430,28566219;
sh601018:3.390,3.340,3.400,3.330,18619013;
sh601021:33.660,33.500,33.730,33.140,3287224;
sh601038:7.350,6.990,7.350,6.710,51559392;
sh601088:15.290,15.160,15.380,15.130,16814231;
sh601099:3.240,3.190,3.260,3.170,63772839;
sh601107:3.790,3.900,3.930,3.760,26875010;
sh601111:6.880,6.770,6.900,6.760,22987359;
sh601116:13.310,13.430,13.540,13.140,7186808;
sh601117:6.090,6.140,6.220,6.040,30626411;
sh601137:11.930,11.730,12.050,11.630,3305377;
sh601139:7.150,7.100,7.210,7.070,4986767;
sh601158:5.340,5.300,5.340,5.290,1605800;
sh601166:15.740,15.620,15.740,15.570,39099983;
sh601169:4.730,4.730,4.750,4.700,38065322;
sh601186:9.800,9.730,9.820,9.690,41611394;
sh601198:10.680,10.450,10.700,10.390,12240001;
sh601211:16.720,16.520,16.740,16.410,15694753;
sh601216:2.900,2.830,2.950,2.820,91392634;
sh601231:17.050,16.710,17.220,16.590,11080346;
sh601238:9.780,9.590,9.860,9.570,13975640;
sh601288:3.400,3.400,3.400,3.380,61244538;
sh601360:19.800,19.340,19.800,19.210,28887757;
sh601318:71.030,70.500,71.030,70.300,66711619;
sh601328:5.140,5.140,5.150,5.120,31373939;
sh601333:2.350,2.340,2.350,2.320,15052301;
sh601336:43.000,42.580,43.170,42.310,7103284;
sh601377:5.960,5.890,5.990,5.870,28041737;
sh601390:5.750,5.760,5.790,5.710,35464240;
sh601398:5.060,5.050,5.070,5.040,68795221;
sh601519:7.400,7.220,7.490,7.130,32584947;
sh601555:7.740,7.560,7.760,7.530,24525805;
sh601579:7.850,7.750,7.980,7.730,1247700;
sh601588:2.750,2.690,2.760,2.680,9868700;
sh601600:2.870,2.860,2.880,2.850,33339187;
sh601601:28.940,28.420,28.970,28.330,20505151;
sh601607:19.710,19.000,19.750,18.930,27539396;
sh601618:2.570,2.540,2.580,2.530,27202300;
sh601628:28.000,27.780,28.000,27.400,11712791;
sh601633:8.090,7.910,8.160,7.870,10967441;
sh601636:5.010,5.010,5.070,4.990,15906933;
sh601668:5.140,5.110,5.150,5.090,90174919;
sh601669:3.660,3.610,3.660,3.600,56204103;
sh601688:17.680,17.440,17.700,17.300,44794202;
sh601717:5.280,5.190,5.310,5.180,13540092;
sh601718:3.880,3.810,3.910,3.800,43131568;
sh601766:6.170,6.170,6.210,6.150,23077236;
sh601788:10.910,10.730,10.980,10.690,14579380;
sh601800:8.100,8.070,8.140,8.040,33035813;
sh601801:4.760,4.720,4.780,4.710,3372002;
sh601808:13.000,11.980,13.000,11.910,34881874;
sh601857:4.550,4.480,4.560,4.480,106711101;
sh601872:7.450,7.200,7.470,7.160,122248177;
sh601877:24.580,23.960,24.580,23.880,4923000;
sh601880:1.750,1.740,1.770,1.730,33383930;
sh601888:86.390,87.690,88.750,86.390,9817038;
sh601890:5.890,6.030,6.280,5.630,89115302;
sh601899:4.130,4.230,4.250,4.110,296695090;
sh601901:7.070,7.030,7.160,7.020,22220220;
sh601919:3.750,3.700,3.770,3.680,26718314;
sh601928:6.420,6.380,6.450,6.360,4208478;
sh601933:10.780,10.650,10.780,10.560,35550858;
sh601939:6.220,6.200,6.220,6.180,30728017;
sh601965:8.330,8.220,8.350,8.170,2494778;
sh601985:4.400,4.340,4.410,4.320,23797862;
sh601988:3.450,3.430,3.450,3.430,81085443;
sh601989:4.270,4.260,4.330,4.190,95560278;
sh601991:2.110,2.090,2.120,2.090,8262400;
sh601992:3.250,3.220,3.270,3.210,22082898;
sh601998:5.060,5.070,5.090,5.040,13193714;
sh603000:21.000,21.030,21.560,20.530,27509849;
sh603005:84.480,82.280,85.600,80.780,8456656;
sh603008:11.690,11.570,11.820,11.530,2263227;
sh603011:5.470,5.630,5.880,5.440,20049578;
sh603019:46.160,44.430,46.800,44.060,28472715;
sh603026:27.220,25.950,27.290,25.720,6168809;
sh603066:9.780,9.550,9.940,9.400,9115013;
sh603100:8.800,8.640,8.810,8.590,1676000;
sh603118:12.370,12.140,12.540,12.080,11967506;
sh603128:5.810,5.650,5.950,5.630,37288224;
sh603169:4.730,4.670,4.820,4.520,16299451;
sh603198:16.800,17.150,17.320,16.700,9702985;
sh603199:20.700,20.720,20.940,20.550,535600;
sh603288:126.000,127.080,127.500,124.210,3580443;
sh603306:13.350,13.340,13.550,13.210,1272287;
sh603328:10.330,10.130,10.410,10.080,7939602;
sh603338:66.790,65.630,66.800,65.420,1239711;
sh603355:21.220,20.880,21.360,20.800,591400;
sh603368:35.710,34.540,35.900,34.220,6041056;
sh603369:31.640,31.650,31.650,30.480,33372090;
sh603398:9.080,8.780,9.080,8.760,2292898;
sh603589:41.990,41.850,42.490,40.800,11313988;
sh603598:14.920,13.720,15.320,13.720,29295300;
sh603599:17.360,17.380,17.580,16.980,12539231;
sh603606:14.650,13.720,14.650,13.520,28912714;
sh603636:12.810,12.490,13.040,12.440,13393348;
sh603678:24.670,24.330,24.900,24.240,6365153;
sh603686:18.020,17.870,18.350,17.750,11498895;
sh603696:10.190,9.700,10.300,9.670,9298975;
sh603698:11.350,11.160,11.350,11.050,2296080;
sh603699:12.290,12.150,12.410,12.140,934520;
sh603718:20.350,17.500,20.350,17.030,26320134;
sh603766:3.360,3.340,3.380,3.320,7598800;
sh603799:33.300,32.730,33.950,32.260,29909065;
sh603806:46.000,46.250,46.700,45.250,2058921;
sh603866:52.250,52.350,52.500,50.970,1820492;
sh603883:83.880,83.550,84.170,82.000,2228703;
sh603885:9.580,9.330,9.590,9.300,11207066;
sh603889:4.990,4.910,5.000,4.900,1671120;
sh603898:14.770,14.590,15.000,14.520,733358;
sh603899:53.280,53.180,54.540,52.680,3123058;
sh603939:98.760,97.600,99.640,96.620,1558803;
sh603993:3.460,3.430,3.490,3.420,65422696;
sh603225:10.740,10.510,10.740,10.450,1918976;
sh603195:158.940,159.990,162.490,157.900,2426837;
sh601816:6.160,6.110,6.160,6.080,47984718;
sh600673:7.250,7.050,7.270,7.040,17606867;
sh601916:4.030,4.000,4.030,4.000,22520505;
sh603027:29.630,29.800,30.740,29.600,7192554;
sh603520:70.120,67.300,70.500,66.800,2843081;
sh603868:36.550,34.960,36.600,34.360,3412991;
sh603737:108.590,109.550,114.600,107.650,1341581;
sh601611:6.180,6.100,6.180,6.070,6446010;
sh601127:8.480,8.210,8.670,8.190,3708322;
sh601966:21.150,20.670,21.190,20.510,5087488;
sh603322:18.200,17.900,18.550,17.850,2325936;
sh600919:5.770,5.740,5.770,5.700,29405235;
sh601811:11.170,11.020,11.210,10.960,950084;
sh600977:12.320,12.280,12.410,12.170,5469312;
sh603986:251.000,246.090,255.500,244.840,4806088;
sh603658:138.100,132.630,138.510,130.300,2031138;
sh603189:21.890,21.360,22.430,21.180,4589560;
sh600908:4.960,4.900,4.980,4.880,5999692;
sh603421:14.800,14.640,15.050,14.610,3119399;
sh603777:14.860,14.230,14.900,13.730,20662731;
sh603816:40.620,40.260,41.510,39.200,3184153;
sh603160:263.000,250.600,266.650,249.370,4728067;
sh603258:36.000,31.960,36.000,31.960,10833622;
sh603290:119.000,115.600,121.500,113.800,3404574;
sh601229:8.120,8.070,8.140,8.050,10867751;
sh603858:21.180,21.330,21.680,21.170,12641425;
sh603727:16.010,15.490,16.120,15.310,2657900;
sh603900:7.320,7.170,7.360,7.130,1926640;
sh600909:7.100,6.980,7.200,6.950,39396633;
sh603990:53.030,51.120,53.490,50.700,1126471;
sh603708:33.970,33.760,34.540,33.460,3307101;
sh603416:39.000,38.780,40.000,38.400,1453509;
sh600996:7.760,7.530,7.790,7.510,4955623;
sh603298:12.800,12.760,12.920,12.560,4006431;
sh603218:19.900,19.900,20.150,19.780,2867589;
sh603929:13.900,13.440,13.900,13.310,1919888;
sh603186:53.020,52.180,53.390,52.000,1183173;
sh603444:375.170,377.910,382.110,372.680,1125064;
sh603228:49.400,47.850,49.600,47.610,4435542;
sh603690:32.630,31.970,32.850,31.850,2708035;
sh603039:80.760,78.840,81.450,78.000,485705;
sh603337:16.670,16.150,16.680,16.100,2619254;
sh601881:9.450,9.250,9.490,9.230,25588159;
sh603881:58.330,57.100,59.500,56.550,7188798;
sh603208:105.280,102.600,108.330,101.020,1071900;
sh600939:4.040,4.020,4.110,4.000,5094600;
sh603501:174.000,168.220,175.910,167.950,6815630;
sh603517:51.390,51.860,53.500,50.350,4147976;
sh603960:30.660,30.830,31.290,30.600,1703819;
sh603630:13.240,12.860,13.330,12.840,3809700;
sh603138:19.760,19.480,19.950,19.330,3676071;
sh603803:12.550,11.800,12.640,11.790,14152518;
sh603232:41.290,39.740,41.580,38.980,2711615;
sh603920:20.980,20.120,21.250,20.030,6550734;
sh603078:35.660,34.170,35.660,34.080,1736400;
sh601200:12.870,12.750,13.000,12.670,12061300;
sh603303:8.810,8.680,8.810,8.630,1826341;
sh603833:107.360,107.900,109.330,106.680,812744;
sh601228:3.170,3.140,3.170,3.120,5545100;
sh603345:100.000,97.230,100.800,96.280,1415144;
sh601952:11.000,10.780,11.260,10.600,61413858;
sh603383:59.250,57.790,59.280,57.030,1500422;
sh603496:21.110,22.010,22.850,21.110,7390044;
sh603226:16.640,16.100,17.080,16.060,3172200;
sh603980:7.260,7.170,7.340,7.130,2632940;
sh601878:9.680,9.360,9.730,9.330,29376055;
sh603043:30.100,29.810,30.670,29.680,3985365;
sh603801:25.030,24.700,25.400,24.300,3251066;
sh603387:37.400,35.320,37.550,34.820,10292743;
sh603707:56.280,55.490,56.900,55.220,1842124;
sh603825:25.850,23.990,25.880,23.890,7659605;
sh603978:20.380,19.910,20.490,19.840,1791800;
sh603602:24.200,23.940,24.900,23.750,8429316;
sh601326:2.690,2.680,2.700,2.670,6430863;
sh603129:38.220,37.830,38.560,36.500,2587871;
sh601949:5.500,5.370,5.520,5.340,5354493;
sh603127:94.600,93.030,95.770,91.910,2056824;
sh603183:13.500,13.010,13.680,13.010,30181417;
sh603882:76.400,73.000,76.650,71.750,8585775;
sh603277:9.010,8.980,9.110,8.930,2115855;
sh603386:14.440,14.250,14.630,14.250,1748100;
sh603648:8.560,8.380,8.580,8.340,2134025;
sh603321:8.900,8.570,9.100,8.570,24609854;
sh603106:8.450,9.080,9.330,8.210,73786392;
sh603533:31.510,29.960,31.940,29.630,16656920;
sh603363:22.110,22.250,22.660,21.530,18380271;
sh603466:14.820,14.580,14.890,14.450,4522485;
sh601108:9.530,9.240,9.570,9.170,50598996;
sh603607:20.050,20.320,20.700,19.580,2683269;
sh603260:23.080,22.650,23.230,22.600,2141949;
sh603289:8.010,7.790,8.050,7.760,1654270;
sh603912:21.350,20.000,21.800,19.800,9710104;
sh603856:12.500,12.200,12.850,12.180,10099882;
sh600903:10.830,10.540,10.830,10.510,6731189;
sh603083:37.550,36.260,38.190,35.880,5546442;
sh603605:128.620,128.800,131.290,127.810,1283447;
sh603619:14.250,13.430,14.280,13.240,10472268;
sh603365:14.000,13.690,14.090,13.640,2304199;
sh603711:29.590,29.260,29.600,28.620,2529700;
sh603848:12.480,12.060,12.580,12.040,1319400;
sh600025:3.560,3.550,3.570,3.530,14151225;
sh603283:36.500,35.250,37.130,35.080,2361629;
sh603329:11.200,10.880,11.200,10.810,2324834;
sh603080:12.650,12.290,12.700,12.260,1389923;
sh601155:30.710,30.370,30.780,30.350,6872347;
sh603180:63.700,62.680,64.280,62.180,708601;
sh603056:9.940,9.770,9.940,9.710,4619500;
sh601828:9.500,9.410,9.560,9.390,3619634;
sh601838:7.440,7.400,7.450,7.370,8000464;
sh603156:26.480,26.800,26.800,26.150,2451054;
sh600901:5.070,5.030,5.100,5.000,7992733;
sh603214:38.080,38.300,40.120,37.670,2138256;
sh603259:101.780,99.900,101.970,99.000,9098406;
sh603486:19.560,19.350,19.740,19.270,1250614;
sh601138:13.960,13.950,14.160,13.880,35531223;
sh601330:9.680,9.350,9.680,9.320,8997500;
sh601066:33.510,32.850,33.970,32.480,41928801;
sh601869:31.850,31.550,32.370,31.270,2551664;
sh601577:7.750,7.650,7.750,7.640,5842645;
sh601162:5.430,5.300,5.480,5.270,111427249;
sh603220:19.360,19.340,19.590,19.180,3279222;
sh601319:6.240,6.170,6.260,6.160,34242529;
sh603187:27.080,26.900,27.650,26.560,4666895;
sh601860:4.180,4.070,4.180,4.060,30798100;
sh603121:16.700,16.110,16.950,16.110,4557400;
sh603739:21.860,21.360,21.950,21.300,1822409;
sh601598:3.380,3.340,3.380,3.320,14656906;
sh600928:5.470,5.290,5.490,5.280,18062553;
sh603068:74.000,71.100,74.370,70.120,4290365;
sh600968:2.370,2.300,2.400,2.290,48959948;
sh601698:19.000,17.100,19.090,17.090,74275197;
sh603236:171.500,176.450,179.770,171.500,1215950;
sh603983:71.320,71.100,71.900,69.700,2107433;
sh603613:112.360,112.690,114.100,110.630,880324;
sh603267:49.450,48.990,49.940,48.560,1377620;
sh603093:21.700,21.120,21.870,20.970,4806961;
sh603927:61.100,59.600,61.810,59.380,2002100;
sz000006:5.160,5.090,5.270,5.050,33857339;
sz000007:8.080,8.080,8.150,8.010,5476958;
sz000008:3.180,3.220,3.300,3.160,36081409;
