sh600048:16.700,17.040,16.920,16.500,114883552;
sh600053:28.000,28.840,28.170,27.450,9554294;
sh600061:14.520,14.900,14.600,14.300,74059855;
sh600063:4.630,4.530,4.700,4.500,64348858;
sh600071:10.160,10.330,10.280,10.160,2957411;
sh600076:4.110,4.130,4.130,4.040,21762009;
sh600077:2.990,3.000,3.020,2.960,12840496;
sh600078:5.130,5.220,5.250,5.070,33657805;
sh600079:14.480,14.530,14.540,14.380,15805613;
sh600081:12.370,12.320,12.450,12.090,6049553;
sh600082:3.730,3.750,3.750,3.690,8715244;
sh600090:4.430,4.410,4.430,4.380,18540036;
sh600101:6.440,6.510,6.590,6.340,9551410;
sh600111:9.680,9.820,9.720,9.590,53815417;
sh600113:6.640,6.720,6.690,6.560,9708837;
sh600115:4.780,4.820,4.800,4.730,73816671;
sh600120:10.180,10.140,10.220,10.120,25945857;
sh600146:15.810,15.300,15.860,15.220,11135606;
sh600151:4.920,5.050,4.950,4.870,33718485;
sh600156:5.580,5.660,5.600,5.410,29494200;
sh600160:8.430,8.510,8.480,8.150,86232581;
sh600161:35.830,35.430,36.000,35.100,10746312;
sh600162:2.280,2.310,2.320,2.260,39185665;
sh600169:2.180,2.200,2.240,2.160,39460702;
sh600175:1.510,1.540,1.560,1.500,93368820;
sh600197:13.980,14.400,14.200,13.920,10996838;
sh600199:5.430,5.600,5.570,5.410,20885070;
sh600200:8.400,8.330,8.460,8.240,34308314;
sh600203:11.120,11.120,11.120,11.120,25387188;
sh600206:14.650,14.280,14.700,14.020,44126727;
sh600207:4.810,4.840,4.880,4.760,10851642;
sh600208:3.520,3.580,3.540,3.480,235057549;
sh600213:8.420,8.580,8.590,8.390,7882623;
sh600218:10.390,10.370,10.450,10.210,13066162;
sh600221:1.750,1.770,1.770,1.750,144865640;
sh600223:9.100,9.540,9.650,9.060,107393072;
sh600226:2.860,2.900,2.910,2.850,69684307;
sh600227:2.680,2.740,2.780,2.670,14790251;
sh600235:5.050,5.150,5.250,5.010,21655370;
sh600236:4.510,4.570,4.550,4.500,4732880;
sh600242:8.780,8.290,8.940,8.170,46007003;
sh600246:5.360,5.370,5.460,5.280,5934891;
sh600262:16.180,16.510,16.640,16.130,831276;
sh600266:7.820,7.830,7.880,7.720,23555267;
sh600267:14.780,14.610,14.900,14.500,41213120;
sh600268:6.220,6.590,6.550,6.140,65289831;
sh600278:10.020,10.150,10.130,10.010,5406900;
sh600279:4.100,4.090,4.120,4.040,9525349;
sh600283:9.780,9.710,9.780,9.530,3733709;
sh600285:9.290,9.480,9.300,9.200,10545240;
sh600288:12.840,12.850,12.950,12.650,7178819;
sh600291:7.830,8.410,7.970,7.780,42508550;
sh600293:3.130,3.230,3.220,3.100,31529217;
sh600300:3.040,3.200,3.150,3.030,79431900;
sh600310:4.180,4.290,4.370,4.180,19043884;
sh600311:3.050,3.110,3.100,3.020,29241802;
sh600313:3.130,3.260,3.300,3.130,80481035;
sh600317:2.400,2.350,2.400,2.340,27850233;
sh600322:3.000,3.050,3.180,2.990,127644694;
sh600323:21.500,21.940,22.380,21.200,14585822;
sh600326:7.500,7.390,7.530,7.350,35421378;
sh600336:6.040,6.470,6.470,6.040,48349437;
sh600337:4.360,4.450,4.410,4.340,17032083;
sh600338:10.400,10.600,10.420,10.310,11633533;
sh600339:2.940,3.060,3.050,2.910,83881661;
sh600351:5.610,5.630,5.630,5.560,11100222;
sh600353:5.990,5.960,6.080,5.800,16142574;
sh600354:4.880,4.990,5.100,4.800,43685481;
sh600355:3.780,3.770,3.800,3.670,39727467;
sh600360:8.840,8.940,8.870,8.500,98506959;
sh600363:15.350,16.130,15.620,15.300,29057847;
sh600366:6.100,6.170,6.130,5.990,26491453;
sh600371:12.840,13.120,13.580,12.720,30345229;
sh600375:4.690,4.690,4.730,4.620,12669420;
sh600381:5.050,5.140,5.100,5.030,5250077;
sh600392:7.510,7.610,7.540,7.430,23178327;
sh600393:2.870,2.890,2.950,2.860,46298692;
sh600398:7.060,7.070,7.150,7.020,14244419;
sh600419:11.820,12.310,11.940,11.740,9662723;
sh600425:4.410,4.450,4.640,4.350,115215113;
sh600429:5.230,5.300,5.250,5.180,9227950;
sh600449:11.640,11.650,11.840,11.550,19874974;
sh600455:27.960,27.800,28.070,27.500,2872517;
sh600463:6.800,6.820,6.940,6.700,6381291;
sh600466:7.060,7.140,7.090,6.950,27962933;
sh600467:2.380,2.440,2.430,2.360,44342551;
sh600476:14.210,14.120,14.260,13.980,4108104;
sh600478:4.610,4.680,4.660,4.540,33393046;
sh600479:9.080,9.150,9.110,9.060,11230425;
sh600480:10.840,10.750,10.860,10.440,12389270;
sh600481:3.250,3.300,3.280,3.230,13103300;
sh600488:4.980,4.990,5.030,4.940,13290219;
sh600495:4.150,4.150,4.190,4.070,43841929;
sh600499:5.330,5.290,5.380,5.270,17726331;
sh600501:9.400,9.340,9.650,9.220,17407170;
sh600503:3.600,3.590,3.650,3.550,52047130;
sh600505:9.260,9.330,9.530,9.250,4749372;
sh600506:9.070,9.230,9.190,9.020,4286329;
sh600517:7.580,8.210,8.210,7.510,72664053;
sh600520:10.390,10.590,10.570,10.390,2538432;
sh600525:5.800,5.770,5.880,5.660,34568487;
sh600526:5.380,5.470,5.530,5.340,6938436;
sh600527:3.080,3.040,3.110,2.970,89194801;
sh600530:3.830,3.960,3.880,3.800,17142674;
sh600533:3.650,3.940,3.940,3.620,139747507;
sh600537:3.800,3.930,3.930,3.660,25291326;
sh600549:12.380,12.490,12.460,12.280,15818071;
sh600559:9.850,10.050,9.960,10.020,45615236;
sh600562:14.900,14.700,14.990,14.540,6321538;
sh600568:1.800,1.820,1.860,1.780,67777479;
sh600573:6.050,6.190,6.140,6.050,4014095;
sh600587:18.010,18.120,18.350,17.840,12049600;
sh600593:39.350,39.450,39.620,39.290,693518;
sh600596:9.650,9.690,9.690,9.550,23542979;
sh600601:3.580,3.520,3.610,3.500,33036206;
sh600602:9.200,8.910,9.380,8.830,22453619;
sh600603:5.400,5.470,5.400,5.320,16434838;
sh600604:8.150,8.370,8.320,7.970,76476953;
sh600613:7.680,7.790,7.760,7.650,6989549;
sh600623:6.050,6.150,6.080,6.020,17726771;
sh600624:11.000,11.120,11.350,10.810,62821531;
sh600626:6.760,6.900,6.890,6.710,32325451;
sh600628:9.970,10.240,10.180,10.040,6067318;
sh600630:9.210,9.150,9.240,9.040,19918210;
sh600638:5.900,6.080,5.950,5.810,10458205;
sh600639:13.060,13.220,13.200,13.060,3239748;
sh600640:20.800,20.470,21.010,20.370,10235141;
sh600641:23.090,22.660,23.230,22.000,19638886;
sh600644:5.280,5.320,5.380,5.230,5078177;
sh600645:19.870,19.560,19.960,19.110,12385928;
sh600647:12.990,13.350,13.280,12.980,2499041;
sh600649:5.990,6.020,6.010,5.850,25638202;
sh600651:3.900,3.880,3.950,3.850,15071114;
sh600661:19.480,19.390,19.600,19.180,5191189;
sh600662:4.130,4.180,4.160,4.100,10910990;
sh600668:15.750,15.900,15.900,15.510,26522718;
sh603179:23.330,23.380,24.070,22.980,2174920;
sh600671:11.960,12.100,11.970,11.860,2920067;
sh600677:4.740,4.940,4.940,4.700,25266672;
sh600678:9.070,9.290,9.550,8.780,87627321;
sh600682:9.570,9.810,9.750,9.470,22213908;
sh600683:4.260,4.280,4.260,4.160,9983848;
sh600684:3.440,3.480,3.510,3.410,15823430;
sh600689:9.120,9.060,9.200,8.990,4762926;
sh600693:5.090,5.110,5.130,5.070,3520746;
sh600695:9.500,9.870,9.540,9.180,80945293;
sh600697:15.810,16.000,15.860,15.770,2761727;
sh600706:7.680,7.880,7.820,7.680,3546320;
sh600708:3.360,3.430,3.480,3.330,60769801;
sh600711:4.810,4.890,4.840,4.780,52436156;
sh600712:6.790,6.730,6.790,6.590,53454794;
sh600716:4.220,4.430,4.330,4.180,25463281;
sh600719:4.160,4.270,4.270,4.160,5509996;
sh600724:5.390,5.150,5.470,4.800,99115175;
sh600730:5.060,5.040,5.090,4.990,11028201;
sh600734:5.360,5.300,5.410,5.240,14994739;
sh600736:5.750,5.820,5.890,5.680,41985944;
sh600737:8.690,9.000,9.000,8.680,41025422;
sh600744:2.380,2.440,2.500,2.370,19705993;
sh600746:7.240,7.450,7.500,7.190,7264097;
sh600748:5.500,5.700,5.840,5.430,44226858;
sh603893:71.460,69.820,75.900,69.000,21526079;
sh600755:6.900,7.060,7.040,6.890,38013410;
sh600756:21.850,21.490,21.970,21.280,11462394;
sh600764:29.720,29.910,30.240,29.400,2754248;
sh600770:5.540,5.600,5.570,5.460,23968927;
sh600771:14.880,14.970,15.060,14.780,4706032;
sh600773:7.000,6.850,7.300,6.850,43103451;
sh600777:2.010,2.020,2.010,1.980,102134802;
sh600783:15.100,15.370,15.230,14.760,21219868;
sh600784:4.630,4.690,4.670,4.590,5693898;
sh600785:14.260,14.410,14.450,14.260,572943;
sh600796:5.790,5.980,5.840,5.760,9228927;
sh600800:5.170,5.180,5.200,5.100,8866005;
sh600802:12.850,12.780,13.250,12.660,55642138;
sh600808:2.890,2.890,2.930,2.870,28881357;
sh600818:10.720,10.790,10.850,10.620,1324761;
sh600819:5.060,5.260,5.270,5.060,10681001;
sh600821:4.250,4.280,4.300,4.230,4860091;
sh600822:9.540,9.680,9.600,9.520,6516267;
sh600824:3.230,3.270,3.260,3.210,8021114;
sh600825:4.890,4.990,4.900,4.860,8919677;
sh600828:4.200,4.280,4.230,4.170,7800208;
sh600829:7.980,8.020,8.020,7.940,6718742;
sh600830:5.350,5.510,5.410,5.320,14312969;
sh600831:10.000,9.990,10.100,9.780,41977106;
sh600833:10.070,10.110,10.110,10.010,2823857;
sh600834:6.490,6.570,6.770,6.480,3473285;
sh600836:4.440,4.490,4.470,4.400,12486900;
sh600838:5.620,5.770,5.690,5.610,6698212;
sh600841:6.760,6.760,6.850,6.690,2354870;
sh600843:7.890,7.810,7.910,7.770,3158900;
sh600846:9.850,9.660,9.920,9.580,25745656;
sh600851:7.880,8.090,7.990,7.880,5239693;
sh600853:4.200,4.620,4.610,4.030,149178032;
sh600854:3.840,3.850,3.850,3.780,6194701;
sh600855:11.950,12.180,12.200,11.830,9684610;
sh600857:10.410,10.140,10.430,10.100,2649972;
sh600860:4.720,4.900,4.870,4.710,5140115;
sh600861:11.000,11.250,11.090,10.880,5504554;
sh600862:14.320,13.810,14.450,13.460,40193824;
sh600864:8.140,8.040,8.190,7.770,96816018;
sh600865:6.180,6.280,6.180,6.110,6164982;
sh600866:5.500,5.700,5.580,5.460,41740936;
sh600867:12.120,12.180,12.210,12.070,40402843;
sh600868:3.840,3.760,3.870,3.710,122618197;
sh600869:4.620,4.620,4.620,4.620,20729590;
sh600871:2.270,2.260,2.270,2.230,66348200;
sh600874:7.300,7.410,7.420,7.240,24078780;
sh600876:16.560,16.190,16.690,16.040,14672089;
sh600879:7.450,7.430,7.610,7.400,80016939;
sh600880:3.830,3.860,3.870,3.790,14567406;
sh600882:17.400,19.020,17.950,17.330,12488101;
sh600885:35.380,36.160,36.660,35.380,10640968;
sh600888:4.960,5.030,5.010,4.880,35655607;
sh600889:5.050,5.330,5.080,4.960,11222158;
sh600894:7.200,7.330,7.300,7.160,14731144;
sh600898:7.110,7.110,7.200,7.030,2235946;
sh600917:6.870,6.840,6.900,6.730,9534374;
sh600959:3.960,3.950,3.990,3.930,34854031;
sh600962:7.330,7.470,7.600,7.270,4948213;
sh600965:7.530,7.910,7.860,7.530,14085982;
sh600966:6.970,7.240,7.050,6.830,34430438;
sh600973:4.370,4.570,4.540,4.320,46456292;
sh600976:17.320,17.300,17.360,17.160,1954423;
sh600980:13.120,13.210,13.250,13.070,3425012;
sh600981:3.680,3.590,3.770,3.580,43029280;
sh600982:2.900,2.910,2.930,2.880,6626058;
sh600983:4.480,4.540,4.590,4.460,2934443;
sh600986:4.480,4.480,4.510,4.360,90701855;
sh600988:8.150,8.360,8.320,8.060,150926908;
sh600990:45.740,45.310,45.950,44.720,2407682;
sh600992:6.570,6.740,6.600,6.510,3928088;
sh601002:6.140,6.280,6.350,6.090,37185893;
sh601008:3.940,3.850,3.970,3.820,39771561;
sh601016:2.390,2.460,2.550,2.370,67471231;
sh601069:15.200,15.460,15.330,15.140,18664003;
sh601100:59.000,57.970,59.070,57.500,4361530;
sh601106:2.850,2.910,2.880,2.830,65292864;
sh601118:4.370,4.460,4.450,4.360,30663982;
sh601126:5.940,6.110,6.230,5.860,15954445;
sh601168:6.480,6.600,6.550,6.450,36812878;
sh601199:3.880,3.940,3.930,3.860,8288678;
sh601222:5.710,6.010,6.080,5.710,74284668;
sh601226:4.200,4.240,4.220,4.150,8367300;
sh601233:13.900,14.350,13.930,13.720,52746392;
sh601311:10.230,10.170,10.270,10.040,18437787;
sh601339:3.850,3.860,3.870,3.810,8545288;
sh601388:1.860,1.890,1.880,1.840,52376060;
sh601515:6.590,6.600,6.660,6.450,10118633;
sh601567:8.650,8.840,8.800,8.610,16995074;
sh601608:3.920,3.960,3.950,3.850,53460792;
sh601616:3.140,3.210,3.290,3.110,34726304;
sh601677:12.030,12.000,12.070,11.820,8330415;
sh601689:22.080,21.900,22.340,21.420,13258270;
sh601700:6.120,6.520,6.520,6.030,66476888;
sh601727:4.800,4.870,4.940,4.760,51724270;
sh601789:4.920,5.150,5.150,4.750,179070085;
sh601799:98.000,99.420,99.800,97.810,1430311;
sh601818:3.880,3.970,3.920,3.860,208812258;
sh601866:2.240,2.270,2.260,2.220,74397871;
sh601958:6.670,6.790,6.740,6.630,24427436;
sh601968:4.780,4.790,4.790,4.730,3786005;
sh601996:2.840,2.870,2.910,2.830,24227376;
sh603003:10.200,10.590,10.590,10.590,53237897;
sh603006:11.880,12.100,12.100,11.860,3875140;
sh603009:8.000,8.500,8.100,7.910,33279363;
sh603010:16.560,16.370,16.790,16.100,12476550;
sh603015:6.230,6.470,6.380,6.200,9391860;
sh603017:11.280,11.150,11.370,10.960,7673147;
sh603018:12.480,12.020,12.590,11.960,24148870;
sh603020:8.200,8.370,8.350,8.110,7792457;
sh603021:6.880,7.050,6.960,6.850,4670957;
sh603022:16.390,16.190,16.630,16.110,2508490;
sh603023:5.390,5.300,5.660,5.210,46180902;
sh603025:9.090,9.060,9.120,8.900,4444564;
sh603085:7.090,7.230,7.180,7.080,5283214;
sh603088:9.320,9.450,9.460,9.300,1870527;
sh603099:8.690,8.680,8.730,8.550,3227792;
sh603108:11.420,11.590,11.450,11.110,15290704;
sh603111:6.660,6.540,6.700,6.500,18280586;
sh603116:6.770,6.820,6.860,6.600,12095882;
sh603117:3.920,3.900,3.920,3.850,12529020;
sh603123:8.250,8.440,8.670,8.190,9009037;
sh603126:4.640,4.750,4.730,4.610,11420001;
sh603158:24.180,24.800,24.740,23.880,4813315;
sh603168:8.870,9.200,9.040,8.790,8310978;
sh603222:52.500,53.050,52.900,52.380,618509;
sh603227:4.590,4.610,4.620,4.560,14602226;
sh603268:15.750,15.730,15.850,15.580,1812160;
sh603299:6.330,6.450,6.390,6.310,12955647;
sh603300:7.600,7.730,7.720,7.600,22353120;
sh603308:19.420,18.860,19.500,18.700,8764455;
sh603318:9.220,9.350,9.300,9.100,19134658;
sh603333:7.140,7.480,7.240,7.070,20408428;
sh603366:7.500,7.210,7.550,7.050,69074661;
sh603456:20.500,21.060,21.180,20.170,17755025;
sh603508:62.050,60.400,62.600,59.650,3505947;
sh603519:13.710,13.750,13.900,13.620,1628480;
sh603566:20.300,20.130,20.830,19.900,9097632;
sh603568:30.410,30.100,30.850,29.940,4725735;
sh603600:12.500,12.880,12.600,12.310,11077514;
sh603601:15.130,15.130,15.130,14.500,59787886;
sh603609:12.100,12.920,12.430,12.030,28306660;
sh603611:19.790,19.860,20.650,19.700,6209225;
sh603616:7.770,8.080,7.960,7.620,12969800;
sh603618:6.080,6.000,6.200,5.930,32627386;
sh603688:25.780,26.500,26.430,25.520,13295032;
sh603703:16.390,16.080,16.550,15.970,2141062;
sh603789:13.820,13.800,13.960,13.660,4769824;
sh603800:11.520,11.640,11.550,11.420,2891904;
sh603808:13.060,13.450,13.530,12.960,7611904;
sh603818:7.650,7.640,7.650,7.470,3552693;
sh603838:8.050,8.100,8.050,7.940,1997666;
sh603918:12.870,12.520,13.130,12.410,12065277;
sh603936:23.370,22.620,23.380,22.280,11227394;
sh603968:14.770,14.840,14.860,14.680,5310418;
sh603989:27.400,26.800,27.600,26.420,3365716;
sh603997:8.290,8.320,8.400,8.250,4473700;
sh603998:7.400,7.420,7.440,7.320,6871300;
sh603999:6.840,6.910,6.890,6.780,10077181;
sh600127:4.880,5.020,5.100,4.850,62748588;
sh603377:15.980,16.080,16.140,15.860,3466424;
sh601900:10.820,10.850,10.870,10.660,9384862;
sh603919:15.160,15.590,15.440,15.110,7280820;
sh603861:8.030,8.780,8.780,8.030,5661247;
sh603028:10.850,10.980,11.100,10.800,2605216;
sh603798:10.300,10.540,10.380,10.290,3243900;
sh603701:12.640,12.830,12.750,12.540,6027048;
sh603726:26.140,27.410,26.420,25.020,5998586;
sh603528:8.410,8.150,8.450,8.100,9693955;
sh603339:13.310,13.360,13.490,13.200,2357846;
sh603131:21.610,21.600,22.230,21.300,6736080;
sh603016:18.130,19.020,18.870,18.130,5392151;
sh603069:11.870,12.410,12.850,11.870,7530815;
sh600936:4.080,4.060,4.090,4.030,11444136;
sh601997:8.580,8.770,8.680,8.530,56436925;
sh601595:13.040,13.360,13.130,12.980,4002180;
sh603515:26.090,26.460,26.250,25.950,3994231;
sh603843:4.670,4.650,4.780,4.570,24735020;
sh601163:14.670,14.760,14.770,14.620,7008915;
sh603393:38.150,39.500,38.950,38.010,7033115;
sh603738:29.940,28.980,30.000,28.500,8530869;
sh601128:8.100,8.290,8.320,8.050,52033821;
sh603313:26.910,27.730,27.360,26.380,6874513;
sh600926:8.860,9.070,8.990,8.810,38292737;
sh603888:27.360,27.030,27.490,26.770,9389700;
sh603060:21.710,22.000,21.930,21.440,2385200;
sh603633:12.630,12.320,12.630,12.160,4202275;
sh603987:10.040,10.360,10.070,10.270,13678920;
sh603336:15.160,15.720,15.650,15.000,13061117;
sh603660:14.910,14.720,14.990,14.430,21553563;
sh603559:22.650,22.650,22.650,22.000,28191942;
sh603033:22.800,22.420,22.800,22.250,3085727;
sh603389:4.850,5.090,5.030,4.850,4556209;
sh603058:7.000,7.140,7.040,6.930,5054272;
sh603886:16.490,17.700,16.800,16.300,9874613;
sh603239:11.000,11.860,11.410,10.950,6099775;
sh601375:6.000,5.960,6.000,5.830,112077231;
sh603035:14.980,14.960,15.180,14.850,7277631;
sh603032:20.300,20.350,20.350,20.120,3607286;
sh603877:16.440,16.380,16.490,16.160,1875670;
sh603689:11.100,11.060,11.110,10.920,4479700;
sh603579:28.600,29.110,29.100,28.520,1117369;
sh603639:27.300,27.300,27.300,26.860,3637384;
sh601858:11.240,11.260,11.380,11.200,4146558;
sh603638:33.770,33.410,34.290,33.000,1472229;
sh603429:41.200,40.380,41.600,39.910,2922100;
sh603966:10.640,10.730,10.850,10.470,3959530;
sh603089:13.130,13.290,13.460,13.050,1455409;
sh603360:30.790,31.250,30.980,30.390,3079140;
sh603677:11.540,11.660,11.730,11.530,885160;
sh603637:14.630,14.720,14.680,14.470,1344910;
sh601212:3.170,3.240,3.210,3.160,37523372;
sh603603:8.300,8.380,8.450,8.240,9396165;
sh603817:6.410,6.460,6.480,6.390,4925985;
sh603717:8.320,8.570,8.600,8.250,10626441;
sh603656:14.630,15.080,14.790,14.540,2023102;
sh603133:24.700,23.890,24.830,23.660,7886650;
sh603811:25.490,25.860,25.900,25.400,2832524;
sh603955:16.560,16.430,16.810,16.350,1457958;
sh603908:23.970,24.580,24.250,23.970,702248;
sh603991:16.750,17.100,17.060,16.750,940604;
sh603578:22.060,21.850,22.200,21.700,1325782;
sh601366:5.550,5.590,5.580,5.520,8187186;
sh603787:14.510,15.500,15.280,14.500,7322142;
sh603320:16.320,17.090,16.610,16.170,4560960;
sh603906:10.020,10.170,10.120,10.040,4349717;
sh603586:18.130,18.510,18.290,18.050,2764175;
sh603538:28.300,28.920,29.330,27.850,15053186;
sh603385:10.690,11.090,10.880,10.540,9164691;
sh603178:10.000,10.070,10.130,10.010,3723000;
sh603238:26.500,26.450,26.990,26.190,3520217;
sh603229:24.310,24.080,24.310,23.740,993955;
sh603728:13.140,13.180,13.350,12.910,5646970;
sh603896:30.000,29.970,30.320,29.620,1461740;
sh603488:8.570,8.630,8.590,8.490,2752707;
sh603197:36.330,35.520,36.700,34.990,4956390;
sh603580:11.890,12.100,12.200,11.860,1711292;
sh603200:46.200,49.700,50.310,44.480,6597173;
sh603042:17.690,16.840,18.000,16.710,10792210;
sh603536:14.620,15.260,14.900,14.400,13720720;
sh603326:18.860,19.450,18.970,18.680,4748050;
sh603316:9.320,9.400,9.520,9.020,13274005;
sh603335:4.570,4.610,4.570,4.510,9470260;
sh603380:17.510,17.450,17.750,17.210,2844675;
sh603286:16.850,16.910,16.980,16.750,1751171;
sh603938:31.200,30.060,31.740,30.000,2445041;
sh603331:16.050,16.400,16.300,16.010,944831;
sh603933:14.670,14.900,14.950,14.670,3781339;
sh603595:37.930,38.550,38.390,37.300,3836854;
sh603612:13.380,13.190,13.440,12.830,4833505;
sh603676:10.240,10.290,10.290,10.210,2356421;
sh603063:9.550,9.700,9.840,9.480,4836602;
sh603233:58.030,59.160,59.980,57.690,5834464;
sh603357:12.000,11.720,12.120,11.500,22827331;
sh603860:27.130,27.000,27.470,26.880,359900;
sh603880:17.550,17.420,17.640,17.100,11333898;
sh603776:20.640,21.340,21.700,20.640,8575078;
sh603976:17.680,18.130,17.850,17.530,3904864;
sh603079:52.720,49.740,54.190,48.860,8257479;
sh603725:6.600,6.800,6.730,6.590,4035845;
sh603813:17.980,18.280,18.200,17.960,1172369;
sh603136:22.850,23.270,23.230,22.800,1412660;
sh603378:33.930,32.510,33.940,31.680,2559620;
sh603367:17.410,17.690,17.610,17.310,8564290;
sh603103:15.590,15.850,15.700,15.390,5115538;
sh603110:16.840,16.980,17.080,16.720,3218846;
sh603499:15.260,15.870,15.390,15.230,2591671;
sh603829:9.880,10.020,10.090,10.000,1557711;
sh603722:35.820,36.030,36.320,35.590,1424120;
sh603659:81.570,81.410,82.410,79.000,5011656;
sh603076:21.700,22.830,22.160,21.610,1128138;
sh603661:38.820,39.630,39.270,38.820,1280978;
sh601019:6.800,6.860,6.840,6.780,7227966;
sh603890:11.750,11.670,11.890,11.550,5814192;
sh603477:12.650,13.420,13.080,12.540,26291493;
sh603895:20.130,20.390,20.380,20.000,1228180;
sh603516:48.000,46.310,48.240,45.550,2524309;
sh603871:29.580,30.010,29.780,29.480,1288610;
sh603709:24.080,24.300,24.170,23.790,1041042;
sh603712:29.200,27.450,29.240,27.130,11569087;
sh603059:24.670,25.160,24.970,24.670,1553806;
sh600929:6.100,6.230,6.230,6.050,13960314;
sh603897:18.190,18.110,18.300,17.920,1964578;
sh603301:39.280,38.050,39.500,37.510,11705516;
sh603773:37.100,36.830,37.390,36.580,2571900;
sh603666:101.000,97.800,101.500,96.900,849579;
sh601990:16.800,17.860,17.350,16.500,270120342;
sh603713:56.700,54.500,56.700,54.130,2570287;
sh601606:10.080,10.290,10.170,10.030,13508946;
sh603590:37.880,38.260,38.680,37.680,2949690;
sh603192:25.560,26.090,25.830,25.550,1955914;
sh601068:4.920,5.160,5.300,4.860,44525040;
sh603297:39.990,38.480,39.990,38.180,1899736;
sh603790:14.300,14.280,14.350,14.030,5707845;
