sh600048:15.090,15.200,15.470,14.970,78898556;
sh600053:23.940,23.520,23.940,23.000,3288224;
sh600061:12.420,12.360,12.420,12.210,12886248;
sh600063:3.750,3.740,3.790,3.690,17627698;
sh600071:8.800,8.550,8.800,8.380,1718300;
sh600076:3.780,3.780,3.830,3.740,7260264;
sh600077:2.810,2.780,2.810,2.750,4840354;
sh600078:5.070,5.430,5.270,5.030,87909641;
sh600081:10.790,10.550,10.790,10.450,3443971;
sh600082:3.440,3.380,3.450,3.380,5992077;
sh600090:4.040,3.980,4.040,3.950,10566600;
sh600101:6.050,5.890,6.050,5.880,2465986;
sh600111:8.640,8.510,8.640,8.460,17413343;
sh600113:6.120,6.050,6.130,5.990,4172613;
sh600115:4.140,4.140,4.140,4.070,32167197;
sh600120:8.710,8.470,8.720,8.420,10297025;
sh600146:10.570,10.300,10.590,10.100,8919301;
sh600151:4.300,4.260,4.320,4.220,6019823;
sh600156:4.630,4.680,4.800,4.580,12413900;
sh600160:6.890,6.770,6.950,6.680,34341398;
sh600161:35.250,34.960,35.790,34.500,6867907;
sh600162:2.060,2.030,2.060,2.020,6380200;
sh600169:2.050,2.070,2.050,2.020,18232380;
sh600175:1.320,1.290,1.320,1.280,38247748;
sh600197:13.020,12.810,13.050,12.700,5182100;
sh600199:5.080,5.050,5.100,4.960,5926601;
sh600200:6.960,6.820,7.150,6.810,21662990;
sh600203:9.120,8.740,9.190,8.520,39199280;
sh600206:12.280,11.970,12.390,11.760,37401183;
sh600207:4.110,4.110,4.190,4.060,3756200;
sh600208:3.070,3.050,3.070,3.020,47688096;
sh600213:7.190,7.200,7.190,7.020,4474630;
sh600218:8.500,8.350,8.570,8.250,5711754;
sh600221:1.590,1.560,1.600,1.550,86091331;
sh600223:6.980,6.940,7.050,6.640,45078162;
sh600226:2.260,2.210,2.260,2.190,35859776;
sh600227:3.030,3.000,3.090,2.960,13819264;
sh600235:4.480,4.360,4.490,4.300,7685400;
sh600236:4.570,4.520,4.570,4.490,2027500;
sh600242:8.760,8.560,8.850,8.150,42561359;
sh600246:6.150,6.770,6.430,6.100,28465298;
sh600262:14.750,14.750,14.750,14.400,570940;
sh600266:6.860,6.760,6.860,6.690,13822041;
sh600267:15.400,14.890,16.100,14.730,79257660;
sh600268:5.980,6.070,5.980,5.620,26054342;
sh600278:9.700,9.430,9.720,9.320,4638534;
sh600279:3.730,3.690,3.730,3.670,3642000;
sh600283:9.610,10.030,9.970,9.300,13358595;
sh600285:8.450,8.380,8.540,8.230,6482100;
sh600288:10.900,11.030,11.150,10.880,2994012;
sh600291:7.080,7.340,7.130,6.980,13997205;
sh600293:2.860,2.730,2.860,2.720,12249127;
sh600300:3.010,3.120,3.170,3.010,72571959;
sh600310:3.780,3.670,3.780,3.640,5436062;
sh600311:2.610,2.580,2.670,2.520,32275255;
sh600313:3.540,3.910,3.910,3.520,219158300;
sh600317:2.170,2.140,2.170,2.130,7642600;
sh600322:2.580,2.550,2.590,2.530,14042277;
sh600323:20.260,20.030,20.460,19.910,5557360;
sh600326:6.560,6.630,6.680,6.480,10219740;
sh600336:4.930,4.840,4.950,4.720,17381361;
sh600337:4.200,4.240,4.300,4.110,43597574;
sh600338:7.870,7.650,7.920,7.460,12133420;
sh600339:2.660,2.620,2.660,2.600,23515680;
sh600351:5.010,4.980,5.020,4.950,4318788;
sh600353:5.750,5.420,5.800,5.360,22189296;
sh600354:3.100,3.110,3.320,3.090,40719156;
sh600355:3.180,3.120,3.210,3.010,15462104;
sh600360:7.810,7.550,7.810,7.350,71981545;
sh600363:13.150,12.690,13.160,12.600,7284657;
sh600366:5.500,6.020,6.020,5.500,40860612;
sh600371:12.680,12.820,13.570,12.540,39340964;
sh600375:4.300,4.260,4.350,4.220,5036200;
sh600381:4.660,4.610,4.690,4.550,3067653;
sh600392:6.370,6.280,6.370,6.170,14227002;
sh600393:2.580,2.580,2.590,2.550,13445200;
sh600398:6.300,6.410,6.390,6.280,9744802;
sh600419:11.820,12.350,12.350,11.800,11892510;
sh600425:3.750,3.720,3.770,3.690,24106619;
sh600429:5.090,5.370,5.280,5.070,13015841;
sh600449:12.050,12.490,12.820,11.960,29396720;
sh600455:24.000,23.510,24.010,23.250,1555600;
sh600463:6.100,5.980,6.100,5.850,1801115;
sh600466:6.150,6.180,6.240,6.140,11445958;
sh600467:2.330,2.430,2.500,2.320,52696239;
sh600476:12.550,12.350,12.700,12.100,2406700;
sh600478:3.870,3.870,3.870,3.740,11728725;
sh600479:8.620,8.580,8.620,8.500,4803192;
sh600480:8.590,8.500,8.640,8.270,7435231;
sh600481:3.010,2.960,3.010,2.930,2860400;
sh600488:4.450,4.410,4.550,4.380,6944025;
sh600495:4.600,4.970,4.750,4.500,86047177;
sh600499:4.360,4.210,4.360,4.150,10723800;
sh600501:8.010,7.840,8.010,7.600,5369733;
sh600503:3.020,3.020,3.050,3.000,13111890;
sh600505:9.390,8.970,9.390,8.850,3883346;
sh600506:8.780,8.880,9.240,8.690,6599693;
sh600517:6.580,6.530,6.580,6.400,13322691;
sh600520:9.000,8.930,9.070,8.750,3282274;
sh600525:5.200,5.150,5.240,5.090,10579960;
sh600526:5.990,5.780,6.150,5.770,13141065;
sh600527:2.420,2.430,2.500,2.370,34703540;
sh600530:3.510,3.460,3.510,3.360,4648763;
sh600533:3.200,3.150,3.200,3.120,22399200;
sh600537:3.100,3.020,3.120,2.990,9239940;
sh600549:11.220,11.000,11.220,10.940,6344881;
sh600559:8.600,8.440,8.600,8.400,8788941;
sh600562:13.800,13.580,13.820,13.400,5302439;
sh600568:1.560,1.520,1.560,1.520,23190240;
sh600573:5.960,6.200,6.150,5.930,7970960;
sh600587:17.260,17.600,17.950,17.210,12372078;
sh600593:38.980,38.850,38.990,38.510,901500;
sh600596:8.500,8.400,8.510,8.300,6553199;
sh600601:3.220,3.160,3.220,3.140,12892286;
sh600602:7.280,7.120,7.280,7.090,7577004;
sh600603:5.800,5.700,5.840,5.680,9502202;
sh600604:7.050,6.970,7.050,6.820,14089974;
sh600613:6.850,6.900,6.930,6.840,2978000;
sh600623:5.410,5.370,5.410,5.340,5935100;
sh600624:8.410,8.220,8.410,8.160,14012846;
sh600626:5.420,5.210,5.450,5.120,14357673;
sh600628:11.820,12.910,12.580,11.580,15949231;
sh600630:7.450,7.650,7.750,7.380,13539722;
sh600638:5.270,5.230,5.270,5.130,2274061;
sh600639:12.080,11.980,12.080,11.740,1634894;
sh600640:17.170,16.870,17.180,16.400,9775848;
sh600641:19.640,18.610,19.660,18.430,21496736;
sh600644:4.930,4.840,4.930,4.810,1175976;
sh600645:18.640,18.500,19.070,18.310,6923281;
sh600647:12.700,12.350,12.720,12.160,1585133;
sh600649:5.360,5.500,5.500,5.330,14575477;
sh600651:3.710,3.760,3.960,3.650,16212446;
sh600661:16.270,15.870,16.270,15.760,1792258;
sh600662:3.830,3.800,3.830,3.780,4593127;
sh600668:14.110,14.030,14.170,13.900,5579113;
sh603179:19.710,19.500,19.960,19.050,963620;
sh600671:10.840,10.620,10.840,10.530,1026800;
sh600677:4.570,4.650,4.790,4.550,22319281;
sh600678:7.130,6.740,7.140,6.710,26361710;
sh600682:8.530,8.400,8.530,8.360,7740300;
sh600683:3.800,3.740,3.800,3.660,8133808;
sh600684:3.100,3.080,3.100,3.030,4770744;
sh600689:8.180,8.060,8.180,7.980,2126600;
sh600693:4.860,4.930,4.880,4.740,6080343;
sh600695:7.840,7.910,7.950,7.600,24416640;
sh600697:15.300,15.100,15.300,15.070,1096700;
sh600706:7.530,7.150,7.530,7.040,3887500;
sh600708:3.040,3.050,3.060,3.020,11963001;
sh600711:4.120,4.070,4.120,4.040,14619687;
sh600712:5.450,5.410,5.570,5.370,26981612;
sh600716:3.860,3.790,3.860,3.750,4621500;
sh600719:4.090,4.400,4.210,4.070,12481502;
sh600724:3.980,3.770,3.980,3.740,16078360;
sh600730:4.440,4.360,4.440,4.330,3567770;
sh600734:4.350,4.170,4.350,4.100,11836422;
sh600736:5.170,5.120,5.210,5.080,10387743;
sh600737:8.290,8.580,8.750,8.270,35186125;
sh600744:2.250,2.200,2.250,2.190,5001912;
sh600746:6.190,6.080,6.240,6.010,2955539;
sh600748:5.180,5.030,5.200,5.020,18064244;
sh603893:52.650,52.000,53.780,51.150,5571933;
sh600755:6.280,6.250,6.280,6.180,9164961;
sh600756:18.690,18.530,18.730,18.310,4034477;
sh600764:26.800,27.700,27.170,26.560,3272991;
sh600770:4.650,4.520,4.700,4.470,10587243;
sh600771:13.920,13.500,13.920,13.480,3444882;
sh600773:5.560,5.370,5.570,5.320,7725589;
sh600777:1.760,1.750,1.770,1.730,48705068;
sh600783:12.970,12.650,12.970,12.470,6325537;
sh600784:4.400,4.270,4.400,4.240,3141300;
sh600785:14.100,14.100,14.280,13.850,601504;
sh600796:5.660,5.580,5.730,5.400,4160244;
sh600800:5.490,5.300,5.580,5.210,17061505;
sh600802:11.120,11.200,11.500,11.020,14671684;
sh600808:2.550,2.540,2.560,2.510,26382289;
sh600818:9.680,9.680,9.750,9.470,1296801;
sh600819:4.700,4.750,4.700,4.570,3794592;
sh600821:4.000,3.940,4.010,3.900,3935809;
sh600822:8.790,8.600,8.790,8.460,2822500;
sh600824:3.250,3.210,3.280,3.180,12914911;
sh600825:5.010,5.120,5.170,5.000,11458097;
sh600828:4.200,4.300,4.380,4.150,11858584;
sh600829:7.220,7.080,7.260,7.050,3615300;
sh600830:5.340,5.610,5.470,5.300,23360394;
sh600831:8.350,8.120,8.350,8.000,12252484;
sh600833:9.250,9.090,9.250,9.030,1381400;
sh600834:6.360,6.230,6.360,6.170,1514901;
sh600836:5.280,5.210,5.370,5.130,10575406;
sh600838:5.780,6.180,6.230,5.730,24864160;
sh600841:6.620,6.500,6.680,6.430,1146500;
sh600843:6.500,6.310,6.500,6.250,2754600;
sh600846:8.250,8.180,8.250,8.060,7123557;
sh600851:7.940,7.790,7.940,7.690,2952139;
sh600853:3.550,3.660,3.680,3.520,20642292;
sh600854:3.750,3.870,3.840,3.730,9572329;
sh600855:17.010,17.710,17.710,16.200,74280404;
sh600857:10.470,10.180,10.490,10.110,3562627;
sh600861:9.900,9.840,10.070,9.760,1843220;
sh600862:12.530,12.110,12.530,11.810,21613147;
sh600864:6.550,6.520,6.550,6.430,22206953;
sh600865:6.030,6.170,6.100,5.940,15170744;
sh600866:5.150,5.130,5.350,5.090,23187497;
sh600867:10.510,10.610,10.800,10.430,20101927;
sh600868:3.200,3.170,3.200,3.130,23103232;
sh600869:4.330,4.350,4.340,4.220,35012200;
sh600871:2.130,2.090,2.130,2.060,68316234;
sh600874:7.000,6.930,7.000,6.840,11051031;
sh600876:13.400,13.080,13.400,12.910,4118300;
sh600879:6.450,6.470,6.470,6.270,37787399;
sh600880:4.060,3.900,4.090,3.820,41332289;
sh600882:22.520,22.300,23.100,22.010,6245171;
sh600885:27.500,26.810,27.510,26.170,10485968;
sh600888:4.260,4.200,4.260,4.100,10591501;
sh600889:5.300,5.260,5.360,5.190,5144173;
sh600894:7.090,7.150,7.090,6.780,27450219;
sh600898:6.200,5.890,6.200,5.850,3110867;
sh600917:6.370,6.320,6.370,6.270,1923496;
sh600959:3.660,3.640,3.670,3.600,16595560;
sh600962:7.400,7.890,7.830,7.330,7329082;
sh600965:7.970,8.290,8.330,7.920,18690133;
sh600966:8.070,7.880,8.180,7.840,12017009;
sh600973:4.200,4.140,4.200,4.050,19586690;
sh600976:15.610,15.480,15.640,15.300,1022929;
sh600980:11.880,11.500,11.920,11.450,1528710;
sh600981:3.250,3.240,3.280,3.200,9976630;
sh600982:2.730,2.690,2.730,2.660,3580950;
sh600983:5.720,5.720,5.720,5.570,25367791;
sh600986:3.650,3.570,3.650,3.520,22200261;
sh600988:8.600,8.560,9.090,8.400,146258973;
sh600990:38.650,37.700,38.650,37.180,1510840;
sh600992:6.240,6.130,6.240,6.030,2073323;
sh601002:5.900,6.150,6.120,5.850,25230388;
sh601008:3.490,3.400,3.490,3.360,7988515;
sh601016:2.170,2.140,2.180,2.120,21497680;
sh601069:14.110,13.910,14.390,13.900,11831307;
sh601100:57.000,60.650,60.200,57.000,5102075;
sh601106:2.640,2.620,2.640,2.560,23755529;
sh601118:5.250,5.080,5.350,5.060,67023306;
sh601126:6.010,6.190,6.080,5.860,12559308;
sh601168:5.600,5.590,5.610,5.520,13655545;
sh601199:3.750,3.710,3.750,3.650,12531096;
sh601222:5.130,5.160,5.130,4.980,25028804;
sh601226:3.880,3.820,3.880,3.790,3257770;
sh601233:11.990,11.500,11.990,11.250,25043397;
sh601311:8.650,8.490,8.650,8.350,9900229;
sh601339:3.580,3.490,3.580,3.450,14656978;
sh601388:1.670,1.650,1.670,1.610,19249841;
sh601515:6.130,6.040,6.130,5.960,4718754;
sh601567:7.500,7.480,7.540,7.350,6495610;
sh601608:3.320,3.320,3.340,3.270,13535500;
sh601616:3.010,2.970,3.010,2.900,23099502;
sh601677:9.990,10.320,10.010,10.070,9933764;
sh601689:16.400,16.090,16.450,15.500,17944200;
sh601700:5.760,5.680,5.820,5.590,34680913;
sh601727:4.590,4.650,4.640,4.530,16174205;
sh601789:4.380,4.240,4.380,4.100,52080437;
sh601799:83.500,82.030,84.490,81.670,1117398;
sh601818:3.650,3.690,3.710,3.640,93760905;
sh601866:1.990,1.990,2.000,1.960,26451730;
sh601958:6.030,5.940,6.060,5.900,9143906;
sh601968:4.460,4.400,4.490,4.380,2207500;
sh601996:2.670,2.680,2.670,2.620,10715300;
sh603002:4.260,4.240,4.260,4.170,11851650;
sh603003:7.410,7.040,7.480,7.030,20998000;
sh603006:10.060,10.160,10.170,10.000,1072200;
sh603009:6.820,6.680,6.880,6.590,7285901;
sh603010:12.710,12.100,12.710,11.730,16248355;
sh603015:6.190,5.900,6.190,5.890,3958800;
sh603017:10.390,10.620,10.390,10.060,3569000;
sh603018:12.100,13.300,12.960,12.080,36207170;
sh603020:8.660,8.870,8.870,8.590,12322843;
sh603021:5.940,5.590,5.940,5.500,2832928;
sh603022:15.970,16.410,16.390,15.720,2248365;
sh603023:4.850,4.760,4.880,4.680,12118012;
sh603025:7.730,7.650,7.730,7.430,3635007;
sh603085:6.310,6.200,6.310,6.080,2793157;
sh603088:9.780,9.150,9.790,9.130,3878284;
sh603099:8.290,7.970,8.290,7.940,1958800;
sh603108:10.200,9.980,10.350,10.030,5144080;
sh603111:6.560,7.040,6.830,6.460,33399653;
sh603116:7.550,7.000,7.590,7.000,11327457;
sh603117:3.570,3.510,3.570,3.490,4357499;
sh603123:9.200,9.550,9.430,9.150,6581090;
sh603126:4.660,4.480,4.670,4.440,12437101;
sh603158:18.260,17.690,18.270,17.180,3757487;
sh603168:8.070,7.860,8.090,7.810,2760992;
sh603222:49.800,48.990,49.910,48.140,1672300;
sh603227:4.140,4.060,4.140,4.000,4615734;
sh603268:14.250,14.300,14.300,14.050,636030;
sh603299:5.850,5.970,5.960,5.800,4465814;
sh603300:7.050,7.070,7.050,6.900,8014100;
sh603308:13.630,13.640,13.780,13.230,9505781;
sh603318:7.200,7.120,7.230,6.950,9651557;
sh603333:7.020,7.090,7.060,6.830,11164099;
sh603366:5.500,5.270,5.500,5.250,11124000;
sh603456:20.230,20.710,21.100,20.010,9949522;
sh603508:52.900,51.410,53.520,51.300,1778868;
sh603519:13.100,12.500,13.100,12.470,2299872;
sh603566:17.430,17.530,17.670,17.060,3011500;
sh603568:28.210,27.950,28.450,27.800,2708588;
sh603600:13.290,13.600,13.290,12.720,7588219;
sh603601:11.170,11.240,11.660,10.950,65020934;
sh603609:11.480,11.930,11.960,11.360,14017525;
sh603611:17.030,16.270,17.050,15.950,2371910;
sh603616:7.810,8.400,8.210,7.810,16505250;
sh603618:5.830,5.700,5.840,5.600,19330912;
sh603688:21.710,21.000,21.720,20.440,6596786;
sh603703:18.120,17.850,18.120,17.600,3516700;
sh603789:12.930,13.120,13.250,12.900,2926084;
sh603800:11.580,12.200,11.580,11.330,1605475;
sh603808:11.420,11.170,11.600,11.040,4703885;
sh603818:6.990,6.830,6.990,6.440,3262056;
sh603838:7.850,7.710,7.990,7.550,2247740;
sh603918:11.500,12.230,12.300,11.370,15838201;
sh603936:17.530,17.100,17.600,16.650,6435283;
sh603968:12.800,12.780,12.800,12.600,997900;
sh603989:22.600,22.000,22.750,21.550,2118150;
sh603997:7.460,7.460,7.460,7.370,4781550;
sh603998:6.900,6.840,7.080,6.720,5172200;
sh603999:5.830,5.730,5.860,5.640,4186620;
sh600127:6.400,6.740,6.740,6.390,171316472;
sh603377:14.100,14.160,14.170,13.500,2740204;
sh601900:9.790,9.590,9.810,9.530,4983270;
sh603919:13.210,13.110,13.240,12.940,4557839;
sh603861:8.810,8.380,8.810,8.280,4825606;
sh603028:12.410,11.750,12.500,11.680,4334878;
sh603798:9.850,9.700,9.910,9.660,1466500;
sh603701:10.830,10.360,10.830,10.300,4058277;
sh603726:25.500,22.590,25.540,22.590,1644444;
sh603528:7.510,7.370,7.610,7.100,7362205;
sh603339:11.680,11.760,12.010,11.650,1019905;
sh603131:15.730,15.220,15.730,14.600,4317520;
sh603016:19.820,19.800,20.070,19.110,1663800;
sh603069:11.010,11.200,11.500,10.940,5007509;
sh600936:3.700,3.670,3.730,3.650,3535362;
sh601997:7.710,7.720,7.720,7.630,15390180;
sh601595:12.100,12.110,12.100,11.710,7889835;
sh603515:23.750,23.590,23.750,23.350,2611633;
sh603843:4.950,5.140,5.250,4.820,67302885;
sh601163:12.910,12.680,12.910,12.510,3406300;
sh603393:38.000,39.580,39.150,37.810,7539005;
sh603738:24.920,24.430,25.000,23.900,9417887;
sh601128:7.020,6.900,7.040,6.770,34282528;
sh603313:18.500,18.000,18.500,17.290,6587331;
sh600926:7.740,7.800,7.800,7.710,15327882;
sh603888:23.010,22.500,23.080,22.180,8895644;
sh603060:19.090,19.270,19.360,18.810,1915379;
sh603633:11.010,10.800,11.160,10.800,3619475;
sh603987:11.310,11.600,11.800,11.120,10750186;
sh603336:16.300,16.680,17.430,16.280,19667383;
sh603660:11.130,10.760,11.190,10.680,7307442;
sh603559:22.700,23.140,22.720,21.850,21866801;
sh603033:26.060,25.840,26.400,25.010,3374524;
sh603389:4.380,4.220,4.380,4.200,2195620;
sh603058:6.560,6.570,6.640,6.420,1567300;
sh603886:17.150,17.420,17.460,16.800,7102326;
sh603239:12.100,12.260,12.110,11.810,1770600;
sh601375:4.940,4.980,4.970,4.870,22945354;
sh603035:12.360,12.750,12.750,12.260,10875475;
sh603877:14.680,15.040,15.340,14.680,927700;
sh603689:10.380,10.360,10.390,10.310,1708200;
sh603579:27.390,29.450,28.690,27.360,3363109;
sh603639:26.480,26.250,26.480,25.620,1333160;
sh601858:9.590,9.270,9.590,9.190,3212800;
sh603638:31.500,32.000,31.500,29.500,3525227;
sh603429:33.870,35.700,35.280,33.240,3032988;
sh603966:9.480,9.380,9.490,9.230,1934874;
sh603089:11.600,11.540,11.670,11.370,820520;
sh603360:24.690,24.050,24.690,23.260,2693941;
sh603677:10.470,10.090,10.470,10.000,1033560;
sh603637:13.500,13.580,13.630,13.400,771477;
sh601212:2.940,2.820,2.940,2.810,25776668;
sh603603:6.880,6.760,6.940,6.650,2856400;
sh603817:5.750,5.630,5.750,5.580,2468136;
sh603717:7.740,7.610,7.760,7.530,1825880;
sh603656:13.930,13.410,13.930,13.300,636720;
sh603133:18.020,17.740,18.020,17.150,3753500;
sh603811:23.880,23.720,24.180,23.570,1167140;
sh603955:17.000,16.320,17.180,16.260,2549661;
sh603908:23.010,23.100,23.560,22.500,890172;
sh603991:19.700,18.810,19.700,18.800,2020525;
sh603578:19.600,19.160,19.810,19.000,660698;
sh601366:7.160,6.950,7.160,6.840,27425831;
sh603787:11.630,11.340,11.630,11.110,2769002;
sh603320:15.080,14.830,15.100,14.500,1324136;
sh603906:9.080,8.960,9.090,8.750,2248608;
sh603586:16.630,16.550,16.630,16.170,1007624;
sh603538:29.590,29.180,30.780,28.880,9289245;
sh603385:10.150,10.500,10.240,10.080,5673110;
sh603178:8.050,7.830,8.050,7.590,3170000;
sh603238:25.000,23.830,25.010,23.810,2075800;
sh603229:26.550,27.400,27.510,25.940,2555929;
sh603728:11.230,12.340,12.180,11.180,9196433;
sh603896:26.380,27.450,26.560,26.000,1157733;
sh603488:8.170,8.160,8.170,7.950,1316400;
sh603197:24.950,24.930,24.950,24.300,3004352;
sh603580:11.850,12.100,12.110,11.700,2420687;
sh603200:48.180,48.700,50.290,44.660,2578066;
sh603042:18.540,18.240,18.540,17.500,11138977;
sh603536:12.350,12.420,12.930,12.010,4779534;
sh603326:18.130,17.980,18.270,17.740,1122486;
sh603316:11.600,11.300,11.760,11.210,3494800;
sh603335:4.060,3.970,4.070,3.930,7275954;
sh603380:16.700,15.520,16.700,15.240,4387916;
sh603286:15.200,15.070,15.210,14.900,1208200;
sh603938:25.500,23.210,25.510,23.210,4720770;
sh603331:17.720,17.980,18.480,17.340,2104550;
sh603933:12.910,12.540,12.910,12.280,1791412;
sh603595:27.000,26.670,27.390,25.790,3039052;
sh603612:10.970,10.530,10.970,10.440,3881560;
sh603676:9.950,9.900,9.950,9.810,1880100;
sh603063:8.320,8.430,8.320,8.000,2715400;
sh603233:61.620,61.210,63.180,60.200,3424932;
sh603357:9.850,10.280,9.910,10.060,7977819;
sh603860:25.630,25.050,25.630,24.710,275367;
sh603880:14.320,14.060,14.960,13.950,9054535;
sh603776:18.080,17.690,18.080,17.360,2966471;
sh603976:15.870,15.500,15.960,15.420,1549900;
sh603079:39.900,38.290,39.940,37.880,3942314;
sh603725:6.350,6.260,6.350,6.170,1581845;
sh603813:18.020,17.580,18.150,17.280,1212580;
sh603136:22.090,21.610,22.270,21.410,986286;
sh603378:29.150,28.170,29.150,27.590,923900;
sh603367:16.650,16.750,16.900,16.450,4849800;
sh603103:15.000,14.080,15.000,14.070,7664021;
sh603110:14.670,14.220,14.670,14.030,1395660;
sh603499:15.080,15.820,15.640,15.080,1804220;
sh603829:9.900,9.760,10.080,9.580,2181740;
sh603722:26.900,26.240,26.950,24.990,2357700;
sh603659:61.350,61.880,62.000,59.000,4287541;
sh603076:21.300,20.950,22.030,20.850,1394211;
sh603661:35.070,34.580,35.070,34.010,496800;
sh601019:6.540,6.450,6.540,6.410,2706819;
sh603890:13.510,13.280,13.770,12.610,13627448;
sh603477:11.450,11.270,11.450,10.820,2891997;
sh603895:19.410,19.190,19.700,19.070,1092940;
sh603516:41.650,39.870,42.180,39.480,5782844;
sh603871:27.260,26.990,27.260,26.600,405953;
sh603709:25.250,25.250,25.870,25.110,783080;
sh603712:26.300,24.710,26.520,24.180,18016816;
sh603059:24.720,25.060,25.080,24.020,1292466;
sh600929:5.630,5.800,5.870,5.610,6929848;
sh603897:17.500,16.550,17.500,16.410,4314800;
sh603301:42.500,42.720,44.600,41.840,14116540;
sh603773:31.410,31.150,31.500,30.380,1645780;
sh603666:88.240,87.290,88.390,85.860,526760;
sh601990:15.000,15.600,15.400,14.830,134503913;
sh603713:51.790,49.060,52.620,48.850,2042600;
sh601606:8.630,8.900,8.630,8.310,9462200;
sh603590:38.020,37.530,38.080,37.130,2122700;
sh603192:27.340,28.470,28.170,27.340,4002100;
sh601068:4.270,4.230,4.300,4.170,9039807;
sh603297:32.950,31.550,32.950,31.000,977610;
sh603790:12.970,13.190,12.970,12.580,3006610;
