sh600048:16.810,16.490,16.900,16.400,87520562;
sh600053:28.500,27.800,28.500,27.700,6006973;
sh600061:14.580,14.080,14.760,14.030,58725861;
sh600063:4.410,4.430,4.560,4.350,63997780;
sh600071:10.230,10.390,10.400,10.150,2056139;
sh600076:4.070,4.130,4.090,4.050,15829375;
sh600077:2.970,3.000,3.010,2.940,10546377;
sh600078:5.140,5.280,5.340,5.140,30427499;
sh600079:14.580,14.530,14.930,14.470,14476081;
sh600081:12.170,12.030,12.350,11.930,5315000;
sh600082:3.700,3.710,3.730,3.680,6177867;
sh600090:4.380,4.410,4.470,4.370,20790444;
sh600101:6.450,6.540,6.510,6.400,6093000;
sh600111:9.700,9.660,9.760,9.600,36469450;
sh600113:6.610,6.950,6.730,6.600,15841183;
sh600115:4.750,4.720,4.760,4.690,51164707;
sh600120:10.080,10.230,10.350,10.130,27349428;
sh600146:15.300,16.500,16.000,15.090,15825681;
sh600151:5.060,4.990,5.160,4.980,18958995;
sh600156:5.550,5.920,6.070,5.530,50819767;
sh600160:8.330,8.250,8.420,8.250,47144288;
sh600161:35.200,34.970,35.730,34.900,11412992;
sh600162:2.280,2.260,2.290,2.250,21657519;
sh600169:2.180,2.170,2.190,2.150,22612321;
sh600175:1.520,1.520,1.530,1.500,72351929;
sh600197:14.280,14.270,14.500,14.230,7110981;
sh600199:5.500,5.510,5.590,5.440,13407363;
sh600200:8.370,8.490,8.560,8.330,45336267;
sh600203:12.230,12.230,12.230,12.230,25095600;
sh600206:13.990,14.000,14.160,13.900,30661388;
sh600207:4.760,4.800,4.800,4.740,9171301;
sh600208:3.540,3.470,3.550,3.460,131496328;
sh600213:8.480,8.390,8.480,8.330,4880813;
sh600218:10.260,10.380,10.320,10.210,12964077;
sh600221:1.740,1.740,1.760,1.730,117476017;
sh600223:9.110,8.910,9.250,8.850,68636282;
sh600226:2.880,2.910,2.940,2.850,66621846;
sh600227:2.720,2.750,2.740,2.700,10875339;
sh600235:5.070,5.130,5.120,5.040,15940751;
sh600236:4.560,4.520,4.570,4.510,5137855;
sh600242:8.020,8.120,8.180,7.940,21900929;
sh600246:5.350,5.290,5.350,5.240,6437073;
sh600262:16.320,16.490,16.610,16.320,550372;
sh600266:7.720,7.710,7.790,7.610,17487268;
sh600267:14.700,14.700,14.910,14.620,36450752;
sh600268:6.650,6.620,7.080,6.440,70552972;
sh600278:11.170,11.170,11.170,11.170,6311204;
sh600279:4.050,4.080,4.080,4.010,6355626;
sh600283:9.600,9.560,9.660,9.470,2392502;
sh600285:9.370,9.540,9.650,9.360,8554593;
sh600288:12.770,12.800,12.800,12.630,5435993;
sh600291:8.180,8.050,8.240,8.020,24805956;
sh600293:3.190,3.160,3.230,3.140,21267742;
sh600300:3.140,3.130,3.170,3.090,40672225;
sh600311:3.160,3.140,3.190,3.120,36438486;
sh600313:3.200,3.220,3.310,3.180,53197286;
sh600317:2.320,2.310,2.330,2.300,14650365;
sh600322:2.940,2.890,2.970,2.880,69567734;
sh600323:21.600,21.730,21.900,21.590,7146749;
sh600326:7.290,7.220,7.320,7.150,25813604;
sh600336:6.500,6.700,6.790,6.350,80281380;
sh600337:4.390,4.390,4.430,4.340,12765932;
sh600338:10.460,10.520,10.550,10.410,7443382;
sh600339:3.000,3.010,3.040,2.970,43186639;
sh600351:5.610,5.680,5.740,5.590,14238588;
sh600353:5.890,5.990,6.030,5.820,14754333;
sh600354:4.910,4.930,5.070,4.810,28466703;
sh600355:3.620,3.660,3.690,3.600,26120104;
sh600360:8.770,8.760,9.030,8.680,71308810;
sh600363:15.920,16.100,15.990,15.600,20842926;
sh600366:6.090,6.080,6.100,6.040,17578167;
sh600371:12.840,12.810,13.360,12.760,17825080;
sh600375:4.620,4.700,4.680,4.600,12258400;
sh600381:5.080,5.160,5.190,5.080,4777120;
sh600392:7.510,7.500,7.590,7.480,16641975;
sh600393:2.860,2.830,2.860,2.810,24333844;
sh600398:7.060,7.120,7.060,7.020,13193312;
sh600419:12.140,12.010,12.250,11.980,5027414;
sh600425:4.350,4.250,4.420,4.230,69186313;
sh600429:5.230,5.280,5.280,5.170,5301603;
sh600449:11.480,11.300,11.620,11.260,15803536;
sh600455:27.410,28.080,27.650,27.230,3028734;
sh600463:6.650,6.660,6.760,6.600,4248109;
sh600466:7.020,6.850,7.080,6.810,29781795;
sh600467:2.390,2.420,2.440,2.380,34009654;
sh600476:13.850,14.250,14.030,13.760,4870996;
sh600478:4.600,4.650,4.720,4.590,20850844;
sh600479:9.100,9.190,9.250,9.070,9520241;
sh600480:10.450,10.480,10.690,10.300,11406659;
sh600481:3.280,3.350,3.320,3.250,15136739;
sh600488:4.980,5.030,5.090,4.940,14564468;
sh600495:4.110,4.220,4.360,4.090,42946905;
sh600499:5.210,5.210,5.260,5.150,15151506;
sh600501:9.280,9.310,9.470,9.220,8781767;
sh600503:3.550,3.590,3.580,3.510,39173121;
sh600505:9.420,9.630,9.420,9.220,6083014;
sh600506:9.150,9.270,9.230,9.100,3599884;
sh600517:8.290,8.350,8.620,8.210,125093779;
sh600520:10.590,10.390,10.650,10.360,2178132;
sh600525:5.740,5.670,5.740,5.650,20668761;
sh600526:5.450,5.540,5.600,5.420,6094460;
sh600527:3.050,3.240,3.240,3.030,167180513;
sh600530:3.900,4.050,4.040,3.880,14511109;
sh600533:3.960,3.940,4.180,3.800,142882695;
sh600537:4.120,3.830,4.280,3.800,99818764;
sh600549:12.340,12.350,12.480,12.300,12394952;
sh600559:9.910,9.840,10.110,9.830,27483913;
sh600562:14.490,16.170,15.280,14.400,27264904;
sh600568:1.800,1.790,1.840,1.780,58281980;
sh600573:6.130,6.200,6.190,6.100,3057107;
sh600587:18.090,18.590,18.740,17.960,19872210;
sh600593:39.410,39.460,39.430,39.200,765874;
sh600596:9.760,9.700,9.950,9.680,28559106;
sh600601:3.470,3.500,3.580,3.450,30259683;
sh600602:8.750,8.910,9.100,8.730,18903355;
sh600603:5.410,5.550,5.680,5.370,17641949;
sh600604:8.590,8.300,8.710,8.230,56087411;
sh600613:7.780,7.920,7.950,7.730,8993163;
sh600623:6.080,6.280,6.270,6.050,28601952;
sh600624:10.900,10.700,11.050,10.660,42746757;
sh600626:6.880,6.920,7.170,6.830,47308502;
sh600628:10.300,10.140,10.300,10.050,4780869;
sh600630:9.270,9.700,9.580,9.220,49867543;
sh600638:5.980,6.020,6.060,5.940,5520091;
sh600639:13.170,13.140,13.180,13.060,2197771;
sh600640:20.050,20.360,20.740,19.950,7479644;
sh600641:22.250,22.350,22.920,22.110,12243250;
sh600644:5.270,5.290,5.290,5.220,3318201;
sh600645:19.400,21.520,21.520,19.380,23417296;
sh600647:13.190,13.510,13.540,13.000,2892605;
sh600649:5.950,6.450,6.240,5.940,57384431;
sh600651:3.880,3.910,4.080,3.870,18771301;
sh600661:19.180,19.320,19.600,19.100,4111785;
sh600662:4.160,4.190,4.240,4.140,12394630;
sh600668:15.680,15.460,15.850,15.430,15629795;
sh603179:23.290,22.800,23.290,22.660,2634255;
sh600671:12.290,12.070,12.310,12.000,2755866;
sh600677:4.900,5.010,5.180,4.870,34381203;
sh600678:8.900,8.930,9.180,8.810,52754545;
sh600682:9.650,10.150,10.250,10.150,35048728;
sh600683:4.190,4.170,4.250,4.150,4515225;
sh600684:3.440,3.460,3.500,3.420,8624295;
sh600689:9.030,9.280,9.640,9.030,7929603;
sh600693:5.080,5.080,5.100,5.040,3713800;
sh600695:9.460,9.270,9.600,9.260,48326985;
sh600697:15.810,16.010,15.950,15.810,2096327;
sh600706:7.680,7.890,7.860,7.680,2385735;
sh600708:3.340,3.310,3.410,3.280,35783944;
sh600711:4.830,4.840,4.900,4.820,34763306;
sh600712:6.580,6.740,6.980,6.500,51823877;
sh600716:4.260,4.200,4.340,4.200,15977905;
sh600719:4.210,4.310,4.280,4.210,3492707;
sh600724:4.870,4.650,4.990,4.640,70444927;
sh600730:4.960,5.030,5.020,4.920,8121101;
sh600734:5.220,5.360,5.260,5.160,20233342;
sh600736:5.770,5.660,5.780,5.650,22234976;
sh600737:8.860,8.910,9.150,8.850,26574506;
sh600744:2.410,2.490,2.510,2.390,15840935;
sh600746:7.370,7.440,7.450,7.300,4461195;
sh600748:5.630,5.820,5.850,5.560,41933809;
sh603893:74.000,76.800,76.800,72.180,13154283;
sh600755:6.980,7.010,7.010,6.900,27690137;
sh600756:21.110,21.060,21.320,20.900,9336356;
sh600764:29.700,29.180,29.700,28.750,5340282;
sh600770:5.580,5.480,5.580,5.430,16821061;
sh600771:14.820,14.850,15.080,14.750,5133736;
sh600773:6.720,6.600,6.770,6.550,29677578;
sh600777:2.000,2.020,2.010,1.980,106036266;
sh600783:15.250,14.800,15.250,14.760,13022502;
sh600784:4.630,4.740,4.750,4.620,5196117;
sh600785:14.300,14.900,14.520,14.250,1346528;
sh600796:6.180,5.890,6.330,5.880,15015043;
sh600800:5.140,5.200,5.220,5.090,10461157;
sh600802:12.480,11.920,12.480,11.870,53146792;
sh600808:2.860,2.820,2.860,2.820,23184231;
sh600818:10.660,10.920,10.980,10.620,2014494;
sh600819:5.170,5.230,5.260,5.170,8115400;
sh600821:4.250,4.340,4.330,4.220,5278000;
sh600822:9.770,9.810,9.970,9.760,9973874;
sh600824:3.250,3.300,3.360,3.240,9717559;
sh600825:4.930,5.100,5.120,4.920,13832552;
sh600828:4.240,4.240,4.240,4.190,5078480;
sh600829:8.000,8.080,8.180,7.950,7203815;
sh600830:5.400,6.060,5.520,5.350,32525933;
sh600831:9.750,9.720,9.850,9.610,26940367;
sh600833:10.140,10.160,10.250,10.090,3414300;
sh600834:6.710,6.800,6.890,6.610,6216226;
sh600836:4.460,4.570,4.530,4.450,10247392;
sh600838:5.800,5.920,5.980,5.720,9712461;
sh600841:6.690,7.440,7.440,6.640,3872764;
sh600843:7.810,8.010,8.170,7.800,5391557;
sh600846:9.570,9.450,9.610,9.400,17933298;
sh600851:8.010,8.030,8.250,7.980,5584001;
sh600853:4.470,4.610,4.790,4.310,154473594;
sh600854:3.800,3.910,3.900,3.780,11902371;
sh600855:12.150,12.100,12.150,11.910,6768468;
sh600857:10.020,10.170,10.100,10.000,1454687;
sh600860:4.840,4.950,5.060,4.800,5789800;
sh600861:11.100,11.660,11.640,11.040,5164157;
sh600862:13.300,13.240,13.520,13.050,25902679;
sh600864:7.900,7.710,7.960,7.710,51341289;
sh600865:6.230,6.260,6.270,6.160,3529004;
sh600866:5.610,5.800,5.830,5.580,40663921;
sh600867:12.090,12.200,12.420,12.060,43828129;
sh600868:3.710,3.830,3.820,3.680,164400401;
sh600869:4.960,5.080,5.080,4.830,209122777;
sh600871:2.230,2.320,2.260,2.210,110890350;
sh600874:7.300,7.240,7.340,7.170,13361656;
sh600876:15.830,15.930,16.170,15.800,8643171;
sh600879:7.290,7.340,7.400,7.240,54465635;
sh600880:3.840,3.880,3.850,3.780,12934560;
sh600882:18.800,19.100,19.620,18.650,9826960;
sh600885:35.760,36.220,36.530,35.630,5159692;
sh600888:4.940,4.930,4.960,4.900,20875542;
sh600889:5.200,5.860,5.860,5.170,27461802;
sh600894:7.270,7.220,7.270,7.100,9940571;
sh600898:6.960,7.380,7.150,6.960,4426432;
sh600917:6.770,6.800,6.770,6.700,6377925;
sh600959:3.910,3.910,3.940,3.900,18038000;
sh600962:7.380,7.560,7.530,7.330,5103758;
sh600965:7.820,7.770,7.940,7.690,7970364;
sh600966:7.120,7.960,7.560,7.070,62150692;
sh600973:4.460,4.430,4.610,4.430,29497985;
sh600976:17.240,17.180,17.550,17.080,2067200;
sh600980:13.030,13.230,13.350,13.020,2592501;
sh600981:3.500,3.750,3.670,3.490,38288410;
sh600982:2.890,2.930,2.910,2.860,6467743;
sh600983:4.510,4.590,4.580,4.500,3212363;
sh600986:4.380,4.400,4.420,4.340,61513729;
sh600988:8.590,8.390,8.650,8.240,160878375;
sh600990:45.000,45.470,45.100,44.490,3310458;
sh600992:6.650,6.740,6.710,6.620,2496500;
sh601002:6.170,6.300,6.520,6.140,30284552;
sh601008:3.790,3.790,3.820,3.740,21598015;
sh601016:2.430,2.430,2.450,2.390,34686828;
sh601069:15.660,15.580,15.870,15.500,24754240;
sh601100:57.580,57.810,58.540,57.100,4562398;
sh601106:2.860,2.860,2.900,2.850,38840804;
sh601118:4.410,4.460,4.440,4.380,21427507;
sh601126:6.010,6.230,6.450,6.010,13897063;
sh601168:6.520,6.480,6.560,6.460,22234132;
sh601199:3.940,3.940,3.940,3.870,7742409;
sh601222:5.900,5.990,6.250,5.860,52492900;
sh601226:4.190,4.150,4.230,4.150,5429950;
sh601233:14.160,14.360,14.460,14.100,51616746;
sh601311:9.970,10.070,10.090,10.020,12664262;
sh601339:3.840,3.970,4.090,3.820,23079575;
sh601388:1.860,1.900,1.880,1.850,49664113;
sh601515:6.510,6.790,6.800,6.460,15923604;
sh601567:8.900,8.980,9.270,8.850,20764943;
sh601608:3.880,3.880,3.940,3.840,39990710;
sh601616:3.210,3.330,3.260,3.170,59273722;
sh601677:11.840,11.760,11.900,11.650,6645928;
sh601689:21.350,21.990,22.180,21.050,12460965;
sh601700:6.830,6.660,7.160,6.660,152751218;
sh601727:4.840,5.020,4.960,4.800,70837565;
sh601789:4.920,4.960,5.180,4.830,159380278;
sh601799:97.500,100.500,102.320,97.500,1057487;
sh601818:3.940,3.900,3.960,3.900,98832284;
sh601866:2.250,2.230,2.270,2.210,60398925;
sh601958:6.700,6.760,6.790,6.700,17734861;
sh601968:4.770,4.860,5.000,4.720,6019020;
sh601996:2.840,2.900,2.850,2.810,21966305;
sh603003:10.010,9.720,10.070,9.530,38039121;
sh603006:11.870,12.010,12.000,11.760,3195000;
sh603009:8.250,8.310,8.290,8.100,23866137;
sh603010:16.490,16.330,16.490,16.070,7731980;
sh603015:6.350,6.400,6.390,6.260,6496895;
sh603017:11.000,10.820,11.000,10.800,4357795;
sh603018:11.810,11.420,11.840,11.350,20226984;
sh603020:8.330,8.440,8.390,8.220,5351294;
sh603021:6.980,7.060,7.130,6.930,3026823;
sh603022:16.140,15.960,16.140,15.710,1856900;
sh603023:5.080,5.140,5.160,5.010,25500225;
sh603025:9.060,9.080,9.300,8.890,5127167;
sh603085:7.160,7.270,7.320,7.100,6132387;
sh603088:9.370,9.350,9.450,9.300,1753629;
sh603099:8.610,8.660,8.630,8.500,1767521;
sh603108:11.430,11.590,11.770,11.400,12443556;
sh603111:6.460,6.930,6.850,6.410,38552710;
sh603116:6.700,7.500,6.830,6.650,21698966;
sh603117:3.850,3.890,3.880,3.830,13496030;
sh603123:8.310,9.000,8.800,8.310,13011995;
sh603126:4.660,4.740,4.720,4.640,6772900;
sh603158:24.270,24.560,25.030,23.800,2270200;
sh603168:9.050,9.370,9.250,9.020,9881441;
sh603222:52.950,53.050,54.000,52.700,452778;
sh603227:4.580,4.660,4.580,4.470,14242945;
sh603268:15.600,15.620,15.630,15.440,1197801;
sh603299:6.380,6.400,6.430,6.360,9079110;
sh603300:7.650,7.910,7.750,7.600,23724640;
sh603308:18.650,18.340,18.770,18.120,8691500;
sh603318:9.320,9.300,9.440,9.190,13410323;
sh603333:7.350,7.860,7.760,7.300,28950232;
sh603366:7.000,7.180,7.350,6.930,46400350;
sh603456:21.050,21.130,21.860,20.680,18760982;
sh603508:59.600,59.700,60.880,59.600,1999416;
sh603519:13.620,14.100,13.880,13.490,2395883;
sh603566:19.900,20.040,20.430,19.800,5676969;
sh603568:29.940,29.610,29.940,29.360,3948111;
sh603600:12.700,12.860,12.880,12.550,11397051;
sh603601:16.640,16.640,16.640,16.640,3608855;
sh603609:12.700,12.400,13.050,12.400,20320165;
sh603611:19.690,19.850,20.100,19.450,5294616;
sh603616:7.870,7.920,8.170,7.820,8043483;
sh603618:5.860,5.850,5.950,5.800,16120190;
sh603688:26.000,27.250,27.960,25.800,12364297;
sh603703:16.050,16.100,16.320,15.940,1220800;
sh603789:13.600,13.610,13.740,13.550,2699926;
sh603800:11.350,11.740,11.570,11.300,2835613;
sh603808:13.270,13.600,13.730,13.180,8292285;
sh603818:7.680,7.980,7.900,7.650,6731495;
sh603838:8.070,8.030,8.070,7.950,1213300;
sh603918:12.400,12.320,12.630,12.270,6051087;
sh603936:22.300,21.980,22.590,21.930,8772259;
sh603968:14.710,14.590,14.750,14.490,2253362;
sh603989:26.550,27.020,26.770,26.310,2166775;
sh603997:8.250,8.290,8.300,8.120,2801392;
sh603998:7.370,7.420,7.460,7.330,5742250;
sh603999:6.830,6.810,6.830,6.740,7837636;
sh600127:4.880,4.900,5.050,4.880,40147520;
sh603377:16.020,15.960,16.070,15.910,2017541;
sh601900:10.740,10.640,10.800,10.570,6828689;
sh603919:15.260,15.270,15.580,15.210,4413110;
sh603861:9.170,9.030,9.660,8.900,14541290;
sh603028:10.840,11.110,11.290,10.810,2190901;
sh603798:10.450,10.620,10.730,10.380,2968100;
sh603701:12.630,12.770,13.150,12.550,6073167;
sh603726:26.020,26.450,26.430,25.590,5220500;
sh603528:8.070,7.960,8.090,7.920,6993800;
sh603339:13.310,13.690,13.350,13.120,4330314;
sh603131:21.800,21.600,22.100,21.020,6647077;
sh603016:18.540,18.650,19.480,18.500,4084678;
sh603069:12.280,12.750,12.600,12.130,7549055;
sh600936:4.040,3.990,4.040,3.930,11162185;
sh601997:8.690,8.600,8.690,8.580,29267598;
sh601595:13.190,13.320,13.390,13.160,2130400;
sh603515:26.030,26.190,26.360,26.030,2439546;
sh603843:4.540,4.540,4.630,4.460,17124006;
sh601163:14.700,14.830,14.880,14.600,6783512;
sh603393:39.100,38.990,40.120,38.510,7502659;
sh603738:28.800,28.410,28.810,27.700,6135896;
sh601128:8.180,8.240,8.260,8.160,38014313;
sh603313:27.290,27.200,28.200,27.050,4194042;
sh600926:8.970,8.890,9.030,8.890,23547039;
sh603888:26.510,26.390,26.850,26.390,7903172;
sh603060:22.000,21.980,22.000,21.690,1611760;
sh603633:12.100,13.080,12.770,12.010,9980690;
sh603987:10.270,11.270,10.560,10.200,27132795;
sh603336:15.530,15.340,15.770,15.180,7986254;
sh603660:14.500,14.890,14.960,14.450,20855515;
sh603559:22.660,24.920,24.450,22.640,39972680;
sh603033:22.620,22.500,23.300,22.350,2699874;
sh603389:5.020,5.080,5.100,4.950,3037400;
sh603058:7.150,7.150,7.200,7.060,3361072;
sh603886:17.410,17.050,17.600,17.000,5422690;
sh603239:12.100,12.220,12.400,11.750,9967715;
sh601375:5.830,5.750,5.910,5.700,66302019;
sh603035:14.910,15.640,15.080,14.730,11076796;
sh603032:20.250,20.040,20.300,19.880,2952903;
sh603877:16.300,16.600,17.150,16.140,2782255;
sh603689:10.930,11.030,11.070,10.900,2954954;
sh603579:28.800,28.970,29.700,28.710,1347402;
sh603639:27.900,27.310,28.590,27.310,4812696;
sh601858:11.160,11.020,11.200,10.960,3389055;
sh603638:33.020,33.820,33.720,33.020,1018952;
sh603429:40.380,40.380,40.930,39.660,2275772;
sh603966:10.600,10.960,10.700,10.510,5188797;
sh603089:13.280,13.280,13.420,13.140,1172083;
sh603360:31.150,31.080,31.870,31.000,2121022;
sh603677:11.510,11.570,11.730,11.510,1251097;
sh603637:14.550,14.430,14.600,14.330,1102245;
sh601212:3.280,3.280,3.290,3.230,38862855;
sh603603:8.310,8.390,8.350,8.180,7698227;
sh603817:6.400,6.460,6.400,6.320,3170000;
sh603717:8.350,8.340,8.420,8.270,6595398;
sh603656:14.810,15.190,15.150,14.800,1417525;
sh603133:23.500,23.320,23.850,22.850,8076550;
sh603811:25.710,25.750,26.500,25.580,2170730;
sh603955:16.200,16.630,16.340,16.000,1517438;
sh603908:24.400,24.580,24.780,24.130,603100;
sh603991:16.930,17.530,17.380,16.870,1235000;
sh603578:21.800,22.590,21.800,21.610,2206330;
sh601366:5.540,5.610,5.570,5.520,6466802;
sh603787:15.390,15.060,15.390,15.000,4057300;
sh603320:16.880,18.070,18.000,16.640,9702073;
sh603906:10.080,10.170,10.230,10.030,3218911;
sh603586:18.230,18.710,18.750,18.230,2496594;
sh603538:28.200,29.940,29.690,28.200,12398393;
sh603385:10.900,10.820,11.090,10.720,4658992;
sh603178:9.980,10.090,10.050,10.060,4157859;
sh603238:26.600,29.100,28.680,26.550,7688253;
sh603229:24.080,24.350,24.780,23.830,1262818;
sh603728:12.830,13.070,13.070,12.700,5927614;
sh603896:30.090,30.130,30.740,29.800,1467297;
sh603488:8.520,8.610,8.610,8.490,1981725;
sh603197:34.890,35.230,35.220,34.200,3424760;
sh603580:11.920,12.170,12.160,11.870,1452752;
sh603200:47.740,53.000,51.450,46.620,5323928;
sh603042:16.520,16.750,17.110,16.420,6892380;
sh603536:15.080,14.720,15.120,14.710,9081156;
sh603326:19.240,19.080,19.270,19.000,3030340;
sh603316:9.100,9.110,9.280,9.030,6460395;
sh603335:4.550,4.620,4.610,4.500,10334983;
sh603380:17.310,17.350,17.350,17.140,1651407;
sh603286:16.600,17.010,17.160,16.600,1959432;
sh603938:29.690,30.090,30.180,29.570,2016382;
sh603331:16.150,16.450,16.440,16.150,672667;
sh603933:14.610,15.020,15.080,14.590,3847156;
sh603595:36.770,38.790,37.950,36.700,3699234;
sh603612:13.350,14.510,14.510,13.350,13251759;
sh603676:10.300,10.370,10.460,10.200,2442717;
sh603063:9.550,9.510,9.770,9.490,3305413;
sh603233:58.940,60.150,60.500,58.720,4785755;
sh603357:11.510,11.110,11.520,11.110,14547089;
sh603860:26.810,27.130,27.040,26.660,345100;
sh603880:17.500,18.540,18.980,17.500,21030097;
sh603776:21.020,21.180,21.700,20.800,5122407;
sh603976:17.960,17.960,18.360,17.600,3657096;
sh603079:48.220,49.300,50.360,47.800,5885157;
sh603725:6.720,6.880,6.900,6.710,3607678;
sh603813:18.100,17.990,18.140,17.930,1457725;
sh603136:23.000,23.310,23.210,23.000,1010781;
sh603378:31.720,31.330,32.280,30.640,1835600;
sh603367:17.580,17.790,18.000,17.480,6506840;
sh603103:15.750,16.020,16.050,15.650,4611677;
sh603110:16.510,17.250,16.970,16.510,3794521;
sh603499:15.530,15.850,15.900,15.530,2352420;
sh603829:9.910,10.240,10.370,10.220,2482308;
sh603722:35.910,36.390,36.700,35.410,1355900;
sh603659:81.400,81.350,82.400,80.040,4557229;
sh603076:22.690,22.700,22.710,22.160,630634;
sh603661:39.290,39.270,39.490,39.040,789800;
sh601019:6.860,6.820,6.860,6.770,6740778;
sh603890:11.310,11.430,11.540,11.310,4811707;
sh603477:13.820,13.490,14.670,13.190,35965809;
sh603895:20.100,20.730,21.200,20.080,1766720;
sh603516:45.940,45.960,46.310,45.620,1473936;
sh603871:29.750,29.700,29.800,29.500,1297952;
sh603709:24.190,24.050,24.400,23.930,564600;
sh603712:26.850,26.900,27.660,26.760,6747034;
sh603059:24.900,25.050,25.200,24.830,1081350;
sh600929:6.140,6.180,6.180,6.090,10321317;
sh603897:17.900,18.540,18.340,17.870,3117824;
sh603301:38.090,41.860,40.950,38.090,18381121;
sh603773:36.400,36.750,36.770,36.000,2203094;
sh603666:96.160,98.130,101.490,96.160,832885;
sh601990:17.860,16.900,18.320,16.880,343017305;
sh603713:54.550,55.000,55.900,53.640,2071312;
sh601606:10.180,10.210,10.240,10.060,8199338;
sh603590:37.870,39.100,39.490,37.700,3985693;
sh603192:25.930,26.420,26.070,25.580,1604028;
sh601068:5.000,5.000,5.070,4.950,24914357;
sh603297:37.700,37.680,38.160,37.170,1858611;
sh603790:14.080,14.110,14.190,14.010,3645235;
