sh600048:15.700,16.190,16.460,15.620,160958734;
sh600053:26.770,25.800,27.990,25.800,6243089;
sh600061:13.600,12.960,13.790,12.900,38411924;
sh600063:4.410,4.370,4.600,4.240,108252243;
sh600071:10.260,9.680,10.300,9.650,4243366;
sh600076:3.850,3.710,3.860,3.700,18378037;
sh600077:2.860,2.800,2.870,2.780,8624811;
sh600078:4.900,4.670,4.900,4.650,38814843;
sh600079:14.000,13.780,14.270,13.710,17042432;
sh600081:11.700,11.100,11.970,11.020,8921915;
sh600082:3.460,3.380,3.520,3.380,7317054;
sh600090:4.390,4.220,4.420,4.220,23480178;
sh600101:6.050,5.860,6.140,5.840,5940297;
sh600111:9.440,9.100,9.500,9.060,64378264;
sh600113:6.400,6.150,6.470,6.100,7195490;
sh600115:4.630,4.540,4.660,4.510,82248475;
sh600120:9.650,9.320,9.840,9.310,29105929;
sh600146:14.000,14.160,14.840,13.810,14567640;
sh600151:4.710,4.560,4.790,4.530,19779146;
sh600156:5.250,5.820,5.700,5.150,55640991;
sh600160:8.080,8.250,8.640,8.060,115628638;
sh600161:34.100,34.630,35.480,34.070,11670810;
sh600162:2.110,2.090,2.160,2.080,28280187;
sh600169:2.010,1.980,2.030,1.980,20212979;
sh600175:1.680,1.670,1.790,1.670,153791262;
sh600197:13.610,13.190,13.650,13.170,8690646;
sh600199:5.250,5.070,5.250,5.060,11124196;
sh600200:8.200,8.400,8.790,8.100,57947310;
sh600203:7.060,7.590,7.480,7.060,27253200;
sh600206:14.150,13.600,14.650,13.550,80054362;
sh600207:4.600,4.390,4.650,4.380,10547691;
sh600208:3.270,3.150,3.310,3.140,154045299;
sh600213:8.130,7.770,8.220,7.730,9036900;
sh600218:10.370,9.680,10.500,10.030,23196258;
sh600221:1.830,1.780,1.850,1.780,200052716;
sh600223:7.690,7.710,8.170,7.690,33977959;
sh600226:2.790,2.640,2.800,2.610,74032501;
sh600227:2.610,2.590,2.660,2.560,10563846;
sh600235:4.710,4.780,4.810,4.680,13391768;
sh600236:4.450,4.390,4.530,4.390,8068151;
sh600242:7.650,7.260,7.830,7.250,21039336;
sh600246:5.170,5.210,5.340,4.920,10558910;
sh600262:15.720,15.380,15.920,15.300,992720;
sh600266:7.330,7.180,7.450,7.180,19084080;
sh600267:14.660,14.910,15.290,14.510,72170380;
sh600268:5.600,5.720,6.220,5.450,76339096;
sh600278:9.870,9.250,10.010,9.210,8521842;
sh600279:3.790,3.740,3.850,3.720,7624985;
sh600283:8.910,8.700,8.990,8.700,2169222;
sh600285:9.200,8.940,9.270,8.910,10563445;
sh600288:12.900,12.500,13.190,12.410,14974045;
sh600291:7.650,7.290,7.710,7.260,25192219;
sh600293:2.950,2.870,3.030,2.870,20626351;
sh600300:2.980,2.970,3.000,2.870,45200534;
sh600310:4.020,3.830,4.020,3.810,17096245;
sh600311:3.140,2.980,3.190,2.960,46598963;
sh600313:3.040,2.970,3.090,2.970,36771577;
sh600317:2.230,2.180,2.230,2.160,16435347;
sh600322:2.600,2.560,2.650,2.560,20261702;
sh600323:19.210,18.900,19.450,18.900,9073185;
sh600326:6.880,6.750,7.120,6.730,31796945;
sh600336:5.260,5.290,5.440,5.130,25862028;
sh600337:4.290,4.220,4.370,4.190,21547244;
sh600338:10.150,9.550,10.150,9.530,15880441;
sh600339:2.770,2.750,2.810,2.690,70241653;
sh600351:5.520,5.370,5.540,5.330,9216179;
sh600353:5.700,5.320,5.730,5.320,25464485;
sh600354:4.900,4.660,4.970,4.600,31522095;
sh600355:3.660,3.500,3.960,3.440,39266402;
sh600360:8.520,8.690,8.800,8.360,141771709;
sh600363:14.600,14.200,14.860,14.100,15870537;
sh600366:6.000,5.700,6.070,5.690,34928642;
sh600371:12.020,11.710,12.540,11.690,14779424;
sh600375:4.400,4.240,4.470,4.210,9612896;
sh600381:4.960,4.760,5.000,4.760,6001445;
sh600392:7.450,7.070,7.490,7.030,33617442;
sh600393:2.650,2.670,2.720,2.610,24213400;
sh600398:6.910,6.810,6.940,6.760,10083597;
sh600419:11.480,11.190,11.550,11.150,4287255;
sh600425:3.780,3.650,3.870,3.650,46320801;
sh600429:5.130,5.010,5.160,5.010,5174690;
sh600449:10.650,10.510,11.080,10.480,17767260;
sh600455:27.110,25.680,27.240,25.500,5219901;
sh600463:6.270,6.040,6.320,6.000,3205011;
sh600466:6.490,6.490,6.770,6.430,28644667;
sh600467:2.260,2.210,2.280,2.210,21904522;
sh600476:13.870,13.170,14.000,13.080,5614177;
sh600478:4.500,4.290,4.550,4.280,38716629;
sh600479:9.090,8.860,9.160,8.850,12094780;
sh600480:10.310,9.930,10.520,9.900,28968565;
sh600481:3.130,3.070,3.190,3.070,9409643;
sh600488:5.000,5.080,5.260,4.980,33148349;
sh600495:3.890,3.700,3.940,3.700,24880165;
sh600499:5.190,5.060,5.340,5.050,23571384;
sh600501:8.920,8.400,8.920,8.400,11740485;
sh600503:3.460,3.280,3.480,3.260,76230161;
sh600505:9.010,8.780,9.200,8.700,4085500;
sh600506:8.800,8.500,8.850,8.400,4378940;
sh600517:7.050,6.980,7.210,6.920,20668802;
sh600520:10.410,9.910,10.410,10.000,4100221;
sh600525:5.420,5.170,5.440,5.170,21110968;
sh600526:5.040,4.960,5.100,4.950,6027647;
sh600527:3.180,3.320,3.350,3.180,190734344;
sh600530:4.060,3.950,4.110,3.940,9663346;
sh600533:3.160,3.110,3.270,3.090,22905232;
sh600537:3.200,3.330,3.340,3.180,37823589;
sh600549:12.300,11.940,12.470,11.900,24493875;
sh600559:9.500,9.470,9.690,9.450,22858159;
sh600562:14.210,13.480,14.290,13.450,13290524;
sh600568:1.780,1.830,1.920,1.760,120871960;
sh600573:5.940,5.810,5.970,5.810,4288226;
sh600587:17.100,17.440,17.890,16.960,13743036;
sh600593:39.430,38.490,39.550,38.410,952003;
sh600596:9.230,8.900,9.260,8.890,20184254;
sh600601:3.500,3.420,3.650,3.380,88505119;
sh600602:8.780,8.230,8.940,8.220,30580651;
sh600603:5.100,4.970,5.150,4.940,10386180;
sh600604:7.520,7.230,7.660,7.210,31541408;
sh600613:7.660,7.510,7.910,7.500,7887201;
sh600623:5.890,5.770,5.940,5.730,14498052;
sh600624:9.900,10.080,11.120,10.000,58531578;
sh600626:6.310,6.480,6.470,6.250,26650124;
sh600628:9.510,10.190,10.190,10.170,21688766;
sh600630:8.800,9.340,9.190,8.730,47221226;
sh600638:5.730,5.460,5.790,5.430,4150135;
sh600639:12.690,12.550,12.910,12.430,2712717;
sh600640:22.100,21.210,22.700,21.210,20072058;
sh600641:22.600,21.850,23.430,21.790,40772707;
sh600644:5.070,4.930,5.110,4.930,4002424;
sh600645:17.920,18.310,18.740,17.800,18330052;
sh600647:12.220,12.090,12.580,12.000,2214725;
sh600649:5.280,5.190,5.370,5.110,14024403;
sh600651:4.010,3.880,4.070,3.840,19002651;
sh600661:21.670,21.830,22.800,20.960,15789260;
sh600662:4.020,3.880,4.030,3.870,14462002;
sh600668:14.610,14.370,15.090,14.330,18925298;
sh603179:23.000,21.970,23.670,21.920,4009589;
sh600671:11.850,11.470,11.920,11.470,2527801;
sh600677:4.900,4.820,4.970,4.820,24614201;
sh600678:7.130,7.170,7.790,7.130,44464166;
sh600682:9.410,9.110,9.490,9.100,22308507;
sh600683:3.850,3.680,3.920,3.670,4310723;
sh600684:3.250,3.150,3.250,3.130,9188500;
sh600689:8.460,8.320,8.970,8.280,4671486;
sh600693:4.810,4.810,4.880,4.730,4504668;
sh600695:8.680,8.180,8.850,8.180,38920144;
sh600697:15.370,15.200,15.400,15.180,2228666;
sh600706:7.330,7.210,7.530,7.200,2860994;
sh600708:2.980,2.940,3.030,2.930,19758432;
sh600711:4.900,4.790,4.920,4.720,73633246;
sh600712:6.350,5.970,6.400,5.970,41742721;
sh600716:3.930,3.800,3.980,3.780,9026565;
sh600719:4.130,4.000,4.140,3.970,4153818;
sh600724:3.450,3.740,3.900,3.400,41530046;
sh600730:5.200,4.940,5.300,4.830,24143598;
sh600734:5.190,5.010,5.350,4.970,18959199;
sh600736:5.390,5.130,5.430,5.120,20417365;
sh600737:8.390,8.190,8.550,8.070,28112638;
sh600744:2.300,2.240,2.340,2.220,12787065;
sh600746:7.280,6.970,7.330,6.940,7687400;
sh600748:5.160,5.130,5.400,5.050,28436749;
sh603893:58.270,58.270,58.270,58.270,3701473;
sh600755:6.620,6.460,6.650,6.450,20596029;
sh600756:21.070,20.250,21.490,20.180,20469479;
sh600764:28.900,27.590,29.090,27.590,5080260;
sh600770:5.370,5.160,5.460,5.130,26863081;
sh600771:14.990,14.500,14.990,14.490,7224329;
sh600773:6.000,6.880,6.880,5.950,80246740;
sh600777:1.950,1.910,1.950,1.900,123205479;
sh600783:14.370,13.460,14.570,13.460,15962220;
sh600784:4.510,4.370,4.550,4.350,5155861;
sh600785:14.160,13.670,14.260,13.650,975032;
sh600796:5.470,5.400,5.550,5.400,4811340;
sh600800:5.000,4.830,5.120,4.800,15719240;
sh600802:10.260,10.680,11.550,10.130,78989171;
sh600808:2.790,2.770,2.810,2.750,25921236;
sh600818:10.880,10.160,10.880,10.150,1971000;
sh600819:5.030,4.810,5.090,4.770,10930800;
sh600821:4.100,4.060,4.150,3.830,6687257;
sh600822:9.260,9.040,9.490,8.950,5479715;
sh600824:3.130,3.070,3.160,3.060,7463158;
sh600825:4.910,4.740,4.950,4.720,9625710;
sh600828:4.000,3.910,4.020,3.910,6313967;
sh600829:8.010,7.980,8.310,7.930,10864305;
sh600830:5.110,4.960,5.160,4.930,8250333;
sh600831:9.300,8.890,9.470,8.840,46097338;
sh600833:10.220,9.870,10.350,10.020,3380432;
sh600834:6.290,6.160,6.340,6.130,3117734;
sh600836:4.430,4.250,4.550,4.140,12905902;
sh600838:5.500,5.290,5.500,5.260,5040800;
sh600841:6.440,6.260,6.500,6.210,1833601;
sh600843:7.520,7.360,7.680,7.360,2280203;
sh600846:9.250,8.700,9.260,8.680,29537397;
sh600851:7.990,7.690,8.180,7.660,6923863;
sh600853:3.190,3.150,3.310,3.120,19815680;
sh600854:3.780,3.590,3.860,3.560,13029868;
sh600855:11.750,11.180,11.750,11.110,7790447;
sh600857:9.500,9.880,10.100,9.420,3831953;
sh600860:4.710,4.430,4.710,4.370,5195025;
sh600861:10.140,11.230,10.220,10.040,12389909;
sh600862:13.400,12.680,13.850,12.600,38309209;
sh600864:7.420,7.090,7.550,7.060,59340694;
sh600865:6.000,5.910,6.010,5.850,3035924;
sh600866:5.440,5.390,5.730,5.360,36582853;
sh600867:11.850,11.400,11.970,11.370,48332311;
sh600868:3.290,3.710,3.710,3.260,286078353;
sh600869:4.200,4.050,4.250,4.050,44092631;
sh600871:2.120,2.160,2.150,2.070,67726418;
sh600874:7.000,6.830,7.010,6.740,12684996;
sh600876:14.900,14.180,15.390,14.180,13762183;
sh600879:7.390,7.230,7.600,7.140,134299236;
sh600880:3.700,3.600,3.750,3.590,14262394;
sh600882:16.840,16.350,16.840,16.090,5201036;
sh600885:34.370,34.200,35.950,34.160,13945673;
sh600888:4.790,4.680,4.920,4.680,63291868;
sh600889:4.710,5.030,5.110,4.680,16123434;
sh600894:6.980,6.690,6.980,6.680,11582716;
sh600898:7.010,6.790,7.160,6.790,3895200;
sh600917:6.550,6.400,6.550,6.350,4978486;
sh600959:3.810,3.710,3.850,3.690,35764529;
sh600962:7.100,6.860,7.180,6.820,4258802;
sh600965:7.410,7.160,7.470,7.150,6557260;
sh600966:6.530,6.320,6.780,6.310,23290128;
sh600973:4.400,4.110,4.420,4.080,33425575;
sh600976:17.000,16.600,17.340,16.500,2836271;
sh600980:12.780,12.060,12.840,11.960,3471100;
sh600981:3.310,3.240,3.360,3.230,10038255;
sh600982:2.760,2.680,2.800,2.680,6585500;
sh600983:4.450,4.300,4.480,4.300,2039316;
sh600986:4.160,3.940,4.160,3.900,87244808;
sh600988:8.920,8.950,9.270,8.800,214352039;
sh600990:46.000,43.860,46.350,43.220,3822074;
sh600992:6.080,6.110,6.270,6.080,3084977;
sh601002:5.740,5.610,5.900,5.600,14942278;
sh601008:3.450,3.360,3.490,3.360,13997709;
sh601016:2.300,2.230,2.310,2.230,33880215;
sh601069:15.140,14.560,15.600,14.510,28571221;
sh601100:56.000,58.000,60.500,54.950,6017202;
sh601106:2.730,2.670,2.750,2.660,35555500;
sh601118:4.350,4.190,4.390,4.160,30172273;
sh601126:5.460,5.320,5.530,5.260,5785958;
sh601168:6.180,6.040,6.290,6.020,32988588;
sh601199:3.700,3.650,3.780,3.640,11848733;
sh601222:5.290,5.160,5.310,5.070,37543287;
sh601226:3.810,3.780,3.880,3.750,6536978;
sh601233:13.860,13.720,14.070,13.660,53752938;
sh601311:9.700,9.260,9.830,9.170,23961820;
sh601339:3.620,3.620,3.780,3.620,9782445;
sh601388:1.770,1.720,1.800,1.710,41009913;
sh601515:6.300,6.080,6.300,6.060,6706376;
sh601567:8.100,8.010,8.160,7.820,13569563;
sh601608:3.720,3.550,3.760,3.540,46558063;
sh601616:3.000,2.940,3.080,2.910,12333740;
sh601677:11.480,11.050,11.540,11.010,10377563;
sh601689:20.310,19.940,21.180,19.740,30359821;
sh601700:6.010,5.740,6.240,5.740,85175659;
sh601727:4.600,4.490,4.630,4.480,31230981;
sh601789:3.910,3.980,4.180,3.860,42886519;
sh601799:96.140,97.300,98.360,93.500,2402685;
sh601818:3.850,3.780,3.860,3.780,118333256;
sh601866:2.160,2.110,2.170,2.100,54611427;
sh601958:6.680,6.440,6.690,6.400,28319916;
sh601968:4.650,4.440,4.650,4.420,5665551;
sh601996:2.620,2.560,2.640,2.550,11422274;
sh603002:4.530,4.380,4.710,4.350,20966100;
sh603003:8.250,8.260,8.730,8.230,11626117;
sh603006:11.500,11.070,11.590,11.070,7186699;
sh603009:7.610,7.360,7.700,7.270,22622975;
sh603010:14.930,15.100,15.920,14.710,15794687;
sh603015:5.920,5.630,5.950,5.630,2799400;
sh603017:9.800,9.450,9.800,9.440,2389300;
sh603018:10.300,10.750,10.970,10.280,23946324;
sh603020:7.940,7.740,7.980,7.730,3730897;
sh603021:6.920,6.540,6.950,6.450,3721470;
sh603022:15.850,15.170,16.410,14.900,4030054;
sh603023:4.700,4.630,4.830,4.630,26399511;
sh603025:8.630,8.000,8.650,7.990,6225149;
sh603085:6.990,6.630,7.030,6.600,6727808;
sh603088:8.760,8.610,8.770,8.500,2164732;
sh603099:8.550,8.170,8.580,8.120,4196060;
sh603108:10.580,10.400,10.870,10.380,9441806;
sh603111:6.290,6.140,6.540,6.110,27925165;
sh603116:6.260,6.240,6.410,6.140,3777834;
sh603117:3.660,3.550,3.680,3.550,9349320;
sh603123:7.720,7.390,7.720,7.300,8048248;
sh603126:4.490,4.240,4.490,4.230,9661600;
sh603158:24.860,23.170,25.700,23.160,6252635;
sh603168:8.760,8.560,8.850,8.500,7879965;
sh603222:52.300,52.390,52.600,51.870,401400;
sh603227:4.460,4.270,4.470,4.250,13634780;
sh603268:15.730,15.240,16.350,15.190,2341118;
sh603299:6.220,6.000,6.250,6.000,9309200;
sh603300:7.200,7.380,7.390,7.030,22025666;
sh603308:17.680,17.270,18.250,17.180,17847124;
sh603318:9.030,8.360,9.030,8.340,18136657;
sh603333:7.070,6.600,7.070,6.600,16281900;
sh603366:6.770,6.310,6.880,6.310,33073998;
sh603456:19.720,19.880,21.030,19.430,21864330;
sh603508:61.200,58.650,62.490,58.650,5150105;
sh603519:13.100,12.610,13.100,12.600,2260323;
sh603566:17.800,17.460,17.940,16.790,7855351;
sh603568:27.220,27.500,28.530,27.200,7583362;
sh603600:11.730,11.720,12.440,11.450,7013968;
sh603601:11.270,12.020,12.000,11.200,68107008;
sh603609:11.490,11.210,11.740,11.110,8946314;
sh603611:19.600,18.910,20.160,18.810,6492931;
sh603616:7.120,7.010,7.280,7.000,5050600;
sh603618:5.590,5.260,5.690,5.240,23444730;
sh603688:25.930,24.710,26.500,24.710,14435509;
sh603703:15.770,15.240,15.800,15.160,2595572;
sh603789:13.590,13.160,13.590,13.100,7146205;
sh603800:11.280,10.920,11.280,10.900,2864400;
sh603808:12.840,12.330,12.850,12.300,6199374;
sh603818:7.370,7.190,7.370,7.110,1768115;
sh603838:7.730,7.570,7.900,7.550,1770600;
sh603918:11.840,11.180,11.990,11.130,6979414;
sh603936:22.520,21.320,22.780,21.280,15459778;
sh603968:14.450,14.260,14.570,13.940,2586900;
sh603989:26.620,26.330,27.250,25.700,4010957;
sh603997:8.440,8.180,8.610,8.120,5700560;
sh603998:7.220,7.040,7.350,7.030,7876990;
sh603999:6.820,6.450,6.900,6.440,13781780;
sh600127:4.650,4.530,4.740,4.500,33130437;
sh603377:16.860,15.950,16.860,15.880,2811964;
sh601900:10.860,10.330,11.000,10.170,19276297;
sh603919:14.900,14.600,15.290,14.550,5130713;
sh603861:7.900,7.720,8.020,7.720,2632969;
sh603028:10.300,10.050,10.490,10.020,2186260;
sh603798:10.100,9.730,10.260,9.720,3717300;
sh603701:12.490,11.800,12.490,11.600,7525315;
sh603726:21.890,22.000,22.380,21.500,3246271;
sh603528:7.910,7.590,7.920,7.400,15233834;
sh603339:13.000,12.710,13.180,12.670,2572071;
sh603131:21.100,20.250,22.000,20.250,8970614;
sh603016:16.430,17.530,17.360,16.000,5593139;
sh603069:11.700,11.450,12.100,11.450,6797754;
sh600936:3.850,3.660,3.910,3.660,21813134;
sh601997:8.490,8.400,8.570,8.360,22569002;
sh601595:12.660,12.190,12.660,12.180,3833293;
sh603515:25.720,24.910,25.890,24.900,4734349;
sh603843:4.170,4.110,4.360,4.060,11115920;
sh601163:14.010,13.630,14.150,13.600,8829200;
sh603393:36.000,35.000,36.500,34.510,6443593;
sh603738:29.150,28.710,30.300,28.710,12543889;
sh601128:8.120,7.940,8.200,7.880,34078769;
sh603313:27.960,26.600,28.700,26.600,7827364;
sh600926:8.700,8.590,8.790,8.490,23808536;
sh603888:26.900,25.180,27.290,25.090,17665488;
sh603060:21.000,20.400,21.090,20.330,3393402;
sh603633:11.690,11.090,11.850,11.080,6297177;
sh603987:9.320,9.550,9.740,9.320,9812415;
sh603336:14.590,14.200,14.850,14.180,7900457;
sh603660:14.010,13.980,14.970,13.880,21409756;
sh603559:17.320,16.660,17.600,16.530,7349478;
sh603033:21.500,21.750,22.190,21.350,2678180;
sh603389:4.840,4.610,4.870,4.610,3399120;
sh603058:6.690,6.450,6.770,6.420,3201253;
sh603886:16.090,15.780,16.250,15.590,4776314;
sh603239:10.800,10.620,10.980,10.450,3083111;
sh601375:5.450,5.280,5.540,5.270,56013794;
sh603035:15.300,14.570,15.690,14.570,17505815;
sh603032:19.500,18.660,19.950,18.530,3974106;
sh603877:15.760,15.600,16.330,15.420,2196803;
sh603689:10.420,10.320,10.480,10.300,3214260;
sh603579:28.000,27.190,28.280,27.100,1362622;
sh603639:25.020,24.780,25.440,24.760,2526137;
sh601858:11.570,10.680,11.570,10.670,8127632;
sh603638:32.420,32.580,33.300,31.460,2280869;
sh603429:41.500,39.900,42.500,39.200,3821264;
sh603966:9.990,9.660,10.170,9.650,4482170;
sh603089:12.900,12.280,13.230,12.270,2185640;
sh603360:31.210,29.510,31.210,29.500,2725833;
sh603677:11.480,11.010,11.700,11.010,1584202;
sh603637:14.250,14.250,14.250,13.900,1400915;
sh601212:3.230,3.070,3.240,3.040,48375228;
sh603603:7.780,7.490,7.830,7.450,6230898;
sh603817:6.100,5.910,6.180,5.910,3188000;
sh603717:7.900,7.560,8.040,7.530,4513515;
sh603656:14.160,13.350,14.160,13.320,1382029;
sh603133:24.000,23.580,25.000,23.400,9337261;
sh603811:25.060,24.820,25.820,24.820,2376522;
sh603955:15.590,14.640,15.590,14.640,1595224;
sh603908:23.900,22.580,23.900,22.580,641109;
sh603991:16.200,15.520,16.350,15.430,848300;
sh603578:21.700,21.770,22.930,21.500,2865712;
sh601366:5.310,5.250,5.350,5.240,6495312;
sh603787:14.410,14.050,14.980,14.000,7660100;
sh603320:15.880,15.320,16.250,15.120,1099170;
sh603906:9.690,9.170,9.910,9.150,5475320;
sh603586:17.340,16.670,17.400,16.650,2446894;
sh603538:23.300,23.270,23.730,23.060,2864231;
sh603385:10.160,9.540,10.160,9.520,6917990;
sh603178:9.940,9.210,9.940,9.200,5319717;
sh603238:24.100,26.190,26.100,24.060,6197428;
sh603229:23.480,23.500,23.990,22.900,1151956;
sh603728:13.120,12.600,13.600,12.600,12718937;
sh603896:28.890,28.370,29.290,28.370,1289090;
sh603488:8.100,8.080,8.220,7.950,2687125;
sh603197:36.200,34.960,37.600,34.930,9029995;
sh603580:11.360,10.850,11.360,10.730,1810890;
sh603200:39.210,43.070,43.030,37.210,12436248;
sh603042:15.500,14.920,15.900,14.900,6085872;
sh603536:15.500,14.820,16.140,14.820,13285911;
sh603326:17.390,17.280,17.690,17.250,2411580;
sh603316:8.260,7.920,8.260,7.920,1694556;
sh603335:4.450,4.210,4.450,4.170,9661203;
sh603380:16.200,16.300,16.850,16.200,3971143;
sh603286:16.540,15.600,16.660,15.510,3573500;
sh603938:28.350,28.990,30.540,28.350,4670720;
sh603331:15.550,15.160,15.690,15.120,1006464;
sh603933:14.390,13.490,14.430,13.430,5252275;
sh603595:39.010,39.200,41.500,37.800,7646430;
sh603612:12.470,11.830,12.470,11.740,5419896;
sh603676:10.120,9.890,10.190,10.000,3479941;
sh603063:9.420,9.320,9.790,9.310,7185761;
sh603233:53.780,53.650,54.600,53.000,2975724;
sh603357:9.560,10.020,9.900,9.450,12276724;
sh603860:25.510,24.490,25.870,24.490,538508;
sh603880:16.380,17.490,17.300,16.370,17688348;
sh603776:20.450,19.340,20.760,19.150,6542425;
sh603976:17.100,16.600,17.420,16.510,3309389;
sh603079:56.240,52.290,56.750,52.290,6481112;
sh603725:6.460,6.100,6.500,6.050,3597464;
sh603813:17.960,17.040,17.960,17.010,1842961;
sh603136:23.260,22.600,23.750,22.380,3095851;
sh603378:29.510,28.380,29.600,27.200,3235514;
sh603367:16.990,16.440,17.140,16.380,8013671;
sh603103:15.150,14.420,15.530,14.350,5947367;
sh603110:16.000,15.300,16.200,15.290,5114736;
sh603499:14.580,14.450,15.200,14.450,5025591;
sh603829:9.590,9.350,9.630,9.240,1264801;
sh603722:37.200,35.370,37.800,35.370,4399040;
sh603659:83.740,83.040,89.780,82.700,8675126;
sh603076:21.620,21.000,21.620,20.420,471557;
sh603661:37.700,36.330,37.900,36.330,1321000;
sh601019:6.600,6.590,6.750,6.560,9605360;
sh603890:11.410,10.950,11.620,10.950,10670839;
sh603477:11.500,10.910,11.790,10.910,11717599;
sh603895:19.760,18.930,20.000,18.780,1946037;
sh603516:46.700,47.450,48.200,45.150,3007009;
sh603871:28.890,28.200,29.080,28.020,1590213;
sh603709:22.310,22.020,22.820,21.560,760631;
sh603712:26.600,25.560,27.200,25.180,11218520;
sh603059:23.950,23.240,24.140,23.100,1552749;
sh600929:5.990,5.840,6.060,5.820,7900482;
sh603897:17.270,16.550,17.570,16.550,2409900;
sh603301:39.120,41.280,40.480,37.170,19487604;
sh603773:36.300,34.970,36.760,34.690,4458491;
sh603666:98.000,97.020,101.900,96.000,1417030;
sh601990:13.950,13.510,14.560,13.250,203058193;
sh603713:50.500,50.500,53.100,49.020,3768612;
sh601606:10.000,9.530,10.000,9.500,12724600;
sh603590:36.390,35.610,36.990,35.210,2854761;
sh603192:25.030,23.870,25.150,23.710,1547893;
sh601068:4.530,4.360,4.610,4.360,22321480;
sh603297:38.080,36.180,38.290,36.010,2769376;
sh603790:13.500,12.780,13.740,12.780,4602599;
