sh600048:15.820,15.880,15.830,15.330,66926120;
sh600053:25.050,25.490,25.480,24.950,3173945;
sh600061:12.240,12.200,12.270,12.160,10264322;
sh600063:3.660,3.620,3.670,3.590,32200580;
sh600071:9.120,9.180,9.180,9.000,1592350;
sh600076:3.750,3.760,3.750,3.720,5340994;
sh600077:3.050,3.000,3.060,3.000,7754378;
sh600078:5.050,5.160,5.120,5.000,21339802;
sh600079:20.070,20.320,20.490,19.970,27135679;
sh600081:10.650,10.720,10.710,10.600,2095078;
sh600082:3.400,3.490,3.430,3.390,4106899;
sh600090:4.090,4.150,4.160,4.080,9571117;
sh600101:5.980,6.170,5.980,5.910,7935657;
sh600111:9.080,9.040,9.110,9.000,16359087;
sh600113:6.330,6.350,6.330,6.260,2819406;
sh600115:4.250,4.230,4.280,4.220,31008093;
sh600120:9.440,9.460,9.630,9.410,15369732;
sh600146:13.150,13.020,13.200,12.900,8852097;
sh600151:4.320,4.340,4.320,4.260,4919992;
sh600156:4.410,4.400,4.430,4.330,5449585;
sh600160:7.010,6.950,7.010,6.900,22064836;
sh600161:34.680,34.850,35.240,34.420,8044071;
sh600162:2.030,2.010,2.030,2.010,4990300;
sh600169:2.060,2.050,2.080,2.040,18081656;
sh600175:1.110,1.080,1.120,1.050,93043858;
sh600197:13.110,13.080,13.170,12.970,3988851;
sh600199:5.030,5.040,5.050,5.000,5573908;
sh600200:7.320,7.290,7.360,7.220,17067381;
sh600203:9.040,9.090,9.300,8.850,14432739;
sh600206:12.500,12.710,12.700,12.390,23582397;
sh600207:4.090,4.090,4.090,4.060,2894632;
sh600208:3.130,3.170,3.180,3.110,80604553;
sh600213:7.600,7.850,7.690,7.520,9354912;
sh600218:9.000,9.230,9.380,9.000,13152902;
sh600221:1.550,1.530,1.560,1.530,65332250;
sh600223:6.650,6.770,6.750,6.590,15573956;
sh600226:2.550,2.860,2.850,2.550,196250667;
sh600227:3.050,3.110,3.100,3.030,8027450;
sh600235:4.590,4.650,4.640,4.540,6006800;
sh600236:4.420,4.400,4.430,4.370,3109801;
sh600242:7.340,7.420,7.340,7.150,17913743;
sh600246:7.350,7.440,7.470,7.330,10295575;
sh600262:16.000,17.010,17.590,15.840,2503902;
sh600266:6.920,6.900,6.930,6.860,9464864;
sh600267:16.780,16.780,17.180,16.430,52951076;
sh600268:9.600,10.270,10.170,10.010,161775281;
sh600278:8.950,9.260,9.000,8.920,5060014;
sh600279:3.720,3.730,3.730,3.700,2433695;
sh600283:10.620,10.500,10.880,10.490,6422502;
sh600285:8.650,8.660,8.760,8.570,9582574;
sh600288:10.990,11.210,11.270,10.990,2514963;
sh600291:7.260,7.150,7.270,7.120,8592633;
sh600293:2.720,2.770,2.780,2.720,7099734;
sh600300:3.340,3.380,3.410,3.340,42903800;
sh600310:3.830,3.850,3.840,3.810,3531298;
sh600311:2.420,2.450,2.470,2.410,13821149;
sh600313:4.000,4.080,4.150,3.980,90601193;
sh600317:2.160,2.140,2.160,2.130,4577100;
sh600322:2.530,2.520,2.540,2.510,7858391;
sh600323:19.980,20.640,20.410,19.980,10589746;
sh600326:6.960,7.040,7.130,6.900,30900994;
sh600336:5.750,5.780,5.950,5.660,25040441;
sh600337:4.170,4.170,4.190,4.140,6906000;
sh600338:8.010,8.110,8.020,7.930,5299280;
sh600339:2.700,2.680,2.710,2.660,20451500;
sh600351:5.210,5.210,5.280,5.180,7857514;
sh600353:5.250,5.300,5.250,5.180,5561521;
sh600354:4.140,4.190,4.310,4.140,12241722;
sh600355:3.240,3.200,3.260,3.160,10002200;
sh600360:7.820,7.830,7.890,7.680,42215947;
sh600363:13.960,14.170,14.030,13.830,5756511;
sh600366:6.050,6.100,6.210,5.900,75181579;
sh600371:14.000,14.380,14.570,13.720,33546949;
sh600375:4.400,4.460,4.490,4.400,5349152;
sh600381:4.740,4.780,4.760,4.690,3997983;
sh600392:7.110,7.120,7.110,6.990,20174335;
sh600393:2.890,2.870,2.900,2.850,14048110;
sh600398:6.410,6.380,6.440,6.360,4223333;
sh600419:11.700,11.750,11.840,11.650,3095571;
sh600425:3.910,3.970,4.040,3.860,53214193;
sh600429:5.230,5.330,5.350,5.210,5430900;
sh600449:14.180,14.420,14.900,14.170,24663375;
sh600455:24.030,24.160,24.230,23.750,1285610;
sh600463:6.050,6.050,6.050,5.930,1340248;
sh600466:6.160,5.950,6.190,5.880,46036407;
sh600467:2.580,2.610,2.650,2.580,48068810;
sh600476:12.590,12.700,12.620,12.460,1526604;
sh600478:3.880,3.880,3.890,3.830,10368230;
sh600479:9.180,9.210,9.290,9.160,6551234;
sh600480:9.730,10.090,9.990,9.660,10020038;
sh600481:2.980,3.000,2.990,2.960,2932294;
sh600488:4.800,4.810,4.900,4.780,10080245;
sh600495:4.550,4.550,4.650,4.480,42629164;
sh600499:4.400,4.300,4.400,4.280,7213000;
sh600501:8.910,9.040,9.040,8.830,12522213;
sh600503:3.090,3.100,3.120,3.080,9788869;
sh600505:9.740,10.730,9.860,10.560,14781666;
sh600506:8.750,8.810,8.920,8.720,3388232;
sh600517:7.340,7.300,7.410,7.200,16381835;
sh600520:8.190,8.260,8.450,8.190,3098079;
sh600525:5.060,5.050,5.080,5.020,5297760;
sh600526:6.300,5.950,6.310,5.910,16799354;
sh600527:4.450,4.640,4.600,4.100,228323363;
sh600530:3.380,3.380,3.410,3.300,9009356;
sh600533:3.230,3.220,3.230,3.190,16241920;
sh600537:2.970,2.960,3.000,2.920,4868326;
sh600549:11.420,11.580,11.630,11.410,8970148;
sh600559:8.750,8.760,8.770,8.680,7692655;
sh600562:14.390,14.770,14.690,14.390,6004704;
sh600568:1.480,1.490,1.480,1.460,30980465;
sh600573:6.030,6.120,6.080,6.010,2140710;
sh600587:18.460,18.500,18.650,18.250,14800203;
sh600593:41.300,41.680,41.600,41.100,616700;
sh600601:3.310,3.340,3.370,3.280,11036131;
sh600602:7.220,7.420,7.250,7.180,9239478;
sh600603:6.130,6.320,6.200,6.080,24869215;
sh600604:7.070,7.340,7.180,7.070,23845021;
sh600613:7.220,7.280,7.340,7.190,4105408;
sh600623:5.380,5.450,5.400,5.350,7591198;
sh600624:8.570,8.680,8.640,8.520,14800535;
sh600626:5.190,5.160,5.300,5.100,14828237;
sh600628:11.940,12.180,11.960,11.750,3875718;
sh600630:7.570,7.800,7.570,7.510,15560565;
sh600638:5.140,5.120,5.150,5.090,1815347;
sh600639:12.910,13.100,13.030,12.800,3006219;
sh600640:18.520,18.770,18.840,18.380,7147840;
sh600641:19.260,19.050,19.270,18.890,7268999;
sh600644:4.920,4.990,4.940,4.880,2359272;
sh600645:20.930,21.380,21.440,20.730,10468863;
sh600647:12.720,12.960,12.880,12.720,917500;
sh600649:5.260,5.220,5.270,5.190,4535809;
sh600651:3.470,3.530,3.470,3.420,13738977;
sh600661:15.950,16.020,16.110,15.810,1046608;
sh600662:3.830,3.870,3.840,3.800,4740961;
sh600668:15.500,15.510,15.830,15.350,25349993;
sh603179:22.950,23.150,23.380,22.520,1473744;
sh600671:11.710,12.290,11.970,11.650,3443479;
sh600677:4.070,4.060,4.140,4.040,11395745;
sh600678:7.140,7.290,7.420,7.100,36291434;
sh600682:8.250,8.290,8.290,8.140,7360698;
sh600683:3.930,3.980,3.940,3.870,6498900;
sh600684:3.170,3.200,3.200,3.160,3026273;
sh600689:8.090,8.890,8.150,8.060,5348582;
sh600693:4.750,4.840,4.770,4.700,4283426;
sh600695:7.700,7.740,7.740,7.610,11718083;
sh600697:14.930,15.000,14.960,14.820,726073;
sh600706:8.500,8.600,8.630,8.360,8099866;
sh600708:3.080,3.080,3.080,3.030,8471973;
sh600711:4.130,4.130,4.140,4.120,9012550;
sh600712:5.330,5.380,5.400,5.320,13786559;
sh600716:3.710,3.700,3.730,3.680,4256210;
sh600719:4.440,4.540,4.590,4.440,4648700;
sh600724:4.020,4.310,4.310,4.020,10137088;
sh600730:4.380,4.400,4.400,4.370,1881201;
sh600734:3.540,3.400,3.540,3.390,14296272;
sh600736:5.310,5.290,5.330,5.250,6545782;
sh600737:8.380,8.410,8.520,8.300,23190723;
sh600744:2.420,2.460,2.450,2.380,23753748;
sh600746:5.830,5.860,5.860,5.800,1973355;
sh600748:5.330,5.440,5.370,5.270,20262155;
sh603893:53.250,53.800,54.930,53.150,3239625;
sh600755:6.280,6.280,6.300,6.250,8503102;
sh600756:18.420,18.640,18.540,18.260,5283065;
sh600764:27.800,27.880,28.100,27.550,1885708;
sh600770:4.680,4.650,4.680,4.600,5800736;
sh600771:13.040,13.010,13.100,12.910,3785000;
sh600773:5.570,5.850,5.660,5.550,13948946;
sh600777:1.740,1.760,1.790,1.740,53037272;
sh600783:13.460,13.430,13.480,13.100,7261759;
sh600784:4.300,4.280,4.300,4.270,1698289;
sh600785:14.530,14.430,14.640,14.330,526403;
sh600796:6.010,5.980,6.070,5.860,7869025;
sh600800:5.050,5.080,5.090,5.020,6493971;
sh600802:11.590,11.900,12.120,11.550,42178091;
sh600808:2.600,2.590,2.600,2.550,45372198;
sh600818:9.360,10.100,10.100,10.100,1776500;
sh600819:4.810,4.760,4.830,4.740,3269468;
sh600821:3.950,3.830,3.950,3.820,4581529;
sh600822:8.390,8.580,8.440,8.360,3727800;
sh600824:3.350,3.350,3.410,3.280,12112596;
sh600825:5.460,5.410,5.490,5.360,6557370;
sh600828:4.040,4.040,4.060,4.020,2238420;
sh600829:8.220,8.400,8.440,8.100,23070536;
sh600830:5.660,5.700,5.690,5.560,11121369;
sh600831:8.250,8.250,8.260,8.170,5935404;
sh600833:9.850,10.340,10.120,10.020,6775343;
sh600834:6.280,6.310,6.350,6.250,1859715;
sh600836:6.590,6.210,6.640,6.130,28662595;
sh600838:6.450,6.410,6.470,6.190,23317537;
sh600841:6.970,7.090,7.110,6.970,1328056;
sh600843:6.780,6.810,6.860,6.770,3964296;
sh600846:8.560,8.690,8.730,8.520,13556460;
sh600851:8.090,8.160,8.210,8.080,2175077;
sh600853:3.700,3.750,3.840,3.680,33858518;
sh600854:3.760,3.790,3.770,3.740,2781017;
sh600855:21.500,22.200,22.270,21.210,45563325;
sh600857:9.410,9.510,9.470,9.380,442708;
sh600860:3.450,3.410,3.450,3.410,1389600;
sh600861:10.330,10.560,10.470,10.210,1623177;
sh600862:13.530,13.760,13.760,13.380,17865302;
sh600864:6.420,6.430,6.460,6.390,11040973;
sh600865:6.230,6.390,6.300,6.210,9052811;
sh600866:5.440,5.430,5.470,5.290,34870810;
sh600867:11.890,12.050,12.060,11.860,21214454;
sh600868:3.210,3.240,3.250,3.210,15875511;
sh600869:4.260,4.280,4.280,4.240,16926500;
sh600871:2.030,2.020,2.030,2.010,28027625;
sh600874:6.900,6.910,6.900,6.830,4245931;
sh600876:13.470,13.860,13.950,13.470,6501459;
sh600879:6.670,6.860,6.730,6.640,42316595;
sh600880:3.960,3.990,4.010,3.920,13026753;
sh600882:24.740,24.600,24.800,24.100,2819413;
sh600885:30.480,31.160,30.930,30.200,4989911;
sh600888:4.300,4.280,4.300,4.240,5283211;
sh600889:5.960,5.910,6.100,5.850,5715595;
sh600894:7.410,7.770,7.770,7.330,48483742;
sh600898:6.390,6.390,6.390,6.390,4349033;
sh600917:6.300,6.400,6.410,6.300,2210572;
sh600959:3.660,3.650,3.680,3.640,6531773;
sh600962:7.780,8.510,7.960,7.750,10685778;
sh600965:7.490,7.580,7.570,7.440,4391626;
sh600966:7.830,7.500,7.850,7.430,14026396;
sh600973:4.070,4.100,4.110,4.050,7404122;
sh600976:16.260,16.380,16.610,16.080,2039495;
sh600980:12.380,12.310,12.380,12.150,2048838;
sh600981:3.510,3.440,3.550,3.400,8196300;
sh600982:2.770,2.780,2.790,2.760,2480900;
sh600983:5.180,5.220,5.260,5.130,8251103;
sh600986:4.050,4.250,4.190,3.960,108189179;
sh600988:8.280,8.400,8.450,8.180,64917032;
sh600990:38.900,39.100,39.040,38.210,1266779;
sh600992:6.190,6.220,6.190,6.100,1330300;
sh601002:6.310,6.370,6.490,6.260,51464206;
sh601008:3.470,3.470,3.480,3.440,6136176;
sh601016:2.220,2.230,2.230,2.210,19160900;
sh601069:14.510,14.660,14.710,14.450,11813755;
sh601100:68.640,68.630,69.970,68.140,3808945;
sh601106:2.610,2.610,2.620,2.600,12569600;
sh601118:5.070,5.160,5.250,5.070,40247827;
sh601126:6.280,6.520,6.460,6.280,11783528;
sh601168:5.810,5.790,5.820,5.760,9407501;
sh601199:4.000,3.970,4.040,3.960,11567977;
sh601222:5.110,5.100,5.150,5.040,12881281;
sh601226:4.100,4.030,4.130,4.000,7249565;
sh601233:12.120,12.350,12.120,11.960,21364095;
sh601311:8.760,8.770,8.760,8.680,6274514;
sh601339:3.410,3.400,3.420,3.370,2491302;
sh601388:1.660,1.660,1.660,1.650,7592660;
sh601515:6.250,6.410,6.300,6.220,6521316;
sh601567:7.890,7.880,7.950,7.800,12550154;
sh601608:3.360,3.330,3.370,3.320,12281500;
sh601616:3.080,3.210,3.230,3.080,33668447;
sh601677:10.210,10.270,10.220,10.110,4672000;
sh601689:20.510,21.530,21.350,20.100,20856427;
sh601700:5.710,5.870,5.910,5.710,15353133;
sh601727:4.810,4.910,4.920,4.770,41395491;
sh601789:4.540,4.590,4.780,4.480,82900965;
sh601799:95.000,98.900,99.360,95.000,3973667;
sh601818:3.600,3.590,3.610,3.580,80737848;
sh601866:2.010,2.000,2.020,1.990,23287782;
sh601958:6.180,6.190,6.210,6.160,7138420;
sh601968:4.430,4.450,4.490,4.430,1363582;
sh601996:2.690,2.720,2.700,2.670,8900951;
sh603002:4.360,4.330,4.360,4.280,6813750;
sh603003:9.500,10.450,9.840,10.450,63768713;
sh603006:10.290,10.140,10.320,10.050,1030900;
sh603009:7.310,7.190,7.330,7.060,10004850;
sh603010:13.000,13.290,13.460,13.000,7515667;
sh603015:5.760,5.730,5.850,5.680,1217200;
sh603017:10.490,10.660,10.770,10.450,4113400;
sh603018:14.260,15.060,14.870,14.260,23139629;
sh603020:8.790,9.120,9.180,8.780,11935529;
sh603021:5.760,5.790,5.820,5.750,1359214;
sh603022:19.040,18.900,19.390,18.630,2503803;
sh603023:5.020,5.040,5.030,4.900,5617015;
sh603025:7.740,7.910,7.840,7.710,3408939;
sh603085:6.280,6.320,6.380,6.220,3111840;
sh603088:9.190,9.270,9.260,9.100,2173268;
sh603099:7.810,7.900,7.830,7.760,1532600;
sh603108:10.900,11.420,11.180,10.830,23777333;
sh603111:7.780,7.780,8.110,7.610,41778091;
sh603116:6.960,7.000,7.030,6.920,1309475;
sh603117:3.530,3.580,3.570,3.520,4113793;
sh603123:8.800,8.740,9.240,8.690,5589401;
sh603126:4.360,4.550,4.390,4.350,9949591;
sh603158:18.670,20.050,20.170,18.580,9187006;
sh603168:8.330,8.460,8.420,8.200,2129968;
sh603222:47.000,47.280,47.560,46.760,2305200;
sh603227:4.050,4.010,4.060,3.990,6011200;
sh603268:13.760,13.700,13.860,13.600,1050440;
sh603299:6.200,6.230,6.220,6.170,3246600;
sh603300:6.680,6.700,6.770,6.650,6343335;
sh603308:14.630,14.950,14.760,14.390,7374815;
sh603318:7.290,7.460,7.380,7.200,8838724;
sh603333:7.880,8.040,7.940,7.810,12795487;
sh603366:5.590,5.640,5.700,5.550,12096700;
sh603456:20.040,21.250,20.800,20.040,11477147;
sh603508:53.440,54.200,54.500,53.440,1972306;
sh603519:12.030,12.300,12.180,11.930,1294800;
sh603566:17.960,18.340,18.380,17.900,3408600;
sh603568:30.420,30.010,30.420,29.790,3039160;
sh603600:12.640,12.920,13.160,12.640,9849332;
sh603601:11.800,13.190,12.060,11.650,57669460;
sh603609:13.940,13.890,14.180,13.740,16676393;
sh603611:17.180,17.650,17.350,17.120,2235168;
sh603616:7.320,7.320,7.440,7.290,3256100;
sh603618:5.800,5.870,5.870,5.710,7274674;
sh603688:22.100,22.320,22.180,21.740,3254092;
sh603703:17.990,18.210,18.090,17.700,4592500;
sh603789:13.360,13.290,13.410,13.230,4012639;
sh603800:10.810,11.040,11.080,10.800,1744963;
sh603808:11.020,11.070,11.050,10.900,2278914;
sh603818:6.620,6.800,6.700,6.600,1235800;
sh603838:7.700,7.670,7.730,7.560,974700;
sh603918:12.320,12.480,12.380,12.130,6555000;
sh603936:18.310,18.520,18.540,18.160,4000420;
sh603968:13.830,14.090,14.500,13.830,5941324;
sh603989:24.200,24.680,24.390,24.090,1328698;
sh603997:8.780,8.760,8.790,8.460,25478654;
sh603998:7.030,7.080,7.120,6.990,4279701;
sh603999:5.810,5.900,5.880,5.760,4730812;
sh600127:9.310,9.410,9.530,9.120,133963740;
sh603377:15.840,16.220,16.490,15.840,7029575;
sh601900:10.030,9.960,10.060,9.900,2737028;
sh603919:14.350,14.500,14.660,14.280,3645162;
sh603861:8.180,8.250,8.280,8.180,1445500;
sh603028:11.750,11.800,12.030,11.700,2835000;
sh603798:9.960,10.020,10.050,9.910,1400585;
sh603701:10.700,10.810,10.810,10.630,2313065;
sh603726:13.000,12.860,13.100,12.800,5902512;
sh603528:7.950,8.220,8.040,7.850,11733298;
sh603339:12.720,12.920,12.830,12.590,2670779;
sh603131:15.750,16.620,15.870,15.610,6922041;
sh603016:23.130,24.510,23.810,23.090,3661700;
sh603069:9.830,10.680,10.540,10.280,13164721;
sh600936:3.770,3.820,3.790,3.760,3475600;
sh601997:7.660,7.630,7.670,7.610,11916066;
sh601595:12.800,13.100,13.150,12.690,6241003;
sh603515:23.940,24.160,24.090,23.810,1033962;
sh603843:4.430,4.500,4.490,4.410,11168118;
sh601163:13.360,13.420,13.450,13.260,2647700;
sh603393:44.200,44.710,44.830,44.180,5053578;
sh603738:23.010,23.210,23.280,22.900,4063187;
sh601128:6.800,6.900,6.830,6.720,25063303;
sh603313:19.380,20.380,21.030,19.380,10787853;
sh600926:7.760,7.720,7.780,7.700,12408327;
sh603888:24.860,25.120,25.570,24.660,16699988;
sh603060:21.450,22.120,22.260,21.100,2709787;
sh603633:10.960,10.990,11.090,10.860,1860092;
sh603987:11.760,11.910,11.870,11.540,9463315;
sh603336:16.140,16.360,16.330,15.970,6725448;
sh603660:11.170,11.350,11.320,11.080,5810691;
sh603559:22.250,22.940,22.940,22.120,14494929;
sh603033:28.690,30.100,29.880,28.610,2674381;
sh603389:4.190,4.100,4.230,4.070,3462860;
sh603058:7.300,7.210,7.300,6.920,5619617;
sh603886:16.510,16.430,16.540,16.100,5936886;
sh603239:12.540,12.350,12.740,12.300,6395490;
sh601375:4.920,4.930,4.970,4.910,12248306;
sh603035:11.660,11.650,11.820,11.450,4834219;
sh603032:20.000,20.250,20.800,19.900,10536151;
sh603877:14.980,14.980,15.250,14.700,621800;
sh603689:10.580,10.570,10.660,10.530,1227900;
sh603579:30.300,31.400,30.980,30.000,3258529;
sh603639:27.160,27.340,27.330,26.860,1197220;
sh601858:9.650,9.540,9.670,9.470,3265784;
sh603638:39.600,39.830,41.100,39.120,3318099;
sh603429:36.000,36.700,37.510,35.600,3382321;
sh603966:10.150,10.160,10.300,10.110,2702370;
sh603089:11.690,11.640,11.700,11.560,800405;
sh603360:29.450,29.100,29.460,28.770,2951178;
sh603677:10.250,10.310,10.330,10.030,667879;
sh603637:14.140,14.110,14.590,14.010,1827785;
sh601212:2.800,2.880,2.870,2.800,17398400;
sh603603:6.280,6.400,6.340,6.150,4714424;
sh603817:5.890,5.880,5.940,5.860,1520500;
sh603717:7.780,7.860,7.850,7.750,2420940;
sh603656:13.170,13.310,13.320,13.030,692236;
sh603133:17.700,17.640,17.790,17.430,2822500;
sh603811:25.990,26.300,26.480,25.830,1617057;
sh603955:17.700,17.740,18.100,17.540,1631100;
sh603908:22.490,22.900,22.830,22.460,515000;
sh603991:26.050,26.110,27.030,25.260,2947900;
sh603578:19.450,19.300,19.450,19.100,420692;
sh601366:6.580,6.580,6.910,6.410,23011678;
sh603787:11.820,11.780,11.820,11.620,1563142;
sh603320:15.990,15.970,16.130,15.810,2244370;
sh603906:9.450,9.620,9.580,9.420,2701320;
sh603586:16.670,16.920,16.680,16.460,1204204;
sh603538:35.290,37.070,36.170,34.610,9357454;
sh603385:10.100,10.160,10.190,10.020,4824593;
sh603178:7.930,7.970,8.030,7.910,1764636;
sh603238:32.800,33.120,33.550,32.800,2988200;
sh603229:29.980,31.390,30.760,29.510,2051311;
sh603728:11.780,12.040,12.040,11.780,2695390;
sh603896:28.310,28.710,28.780,28.050,910850;
sh603488:8.820,9.280,9.260,8.820,13581417;
sh603197:26.100,26.430,26.730,26.100,2451620;
sh603580:11.750,12.120,11.930,11.720,1000592;
sh603200:61.500,68.180,62.950,60.000,2997136;
sh603042:18.230,18.400,18.380,18.110,5642207;
sh603536:13.280,13.400,13.340,12.910,5705674;
sh603326:20.140,20.160,20.480,19.950,1582680;
sh603316:11.590,11.590,11.600,11.380,4335036;
sh603335:4.200,4.180,4.230,4.120,6514005;
sh603380:16.390,16.840,17.000,16.390,2523800;
sh603286:15.370,15.550,15.380,15.230,1052332;
sh603938:23.300,23.570,23.770,23.200,1436600;
sh603331:16.500,16.510,16.600,16.380,1157839;
sh603933:13.130,14.430,14.080,13.060,6297102;
sh603595:27.100,27.770,27.500,26.800,2027716;
sh603612:10.470,10.480,10.520,10.410,1508884;
sh603676:11.980,12.070,12.240,11.790,7949893;
sh603063:8.380,8.290,8.430,8.250,1242829;
sh603233:64.180,65.670,65.230,63.860,1548845;
sh603357:10.110,10.470,10.600,10.110,8960479;
sh603860:26.280,27.040,26.640,26.020,724000;
sh603880:14.360,14.630,14.650,14.310,3331080;
sh603776:19.490,18.860,19.490,18.660,7975979;
sh603976:15.890,16.350,16.070,15.660,2914993;
sh603079:44.950,44.890,45.800,44.710,2496360;
sh603725:6.720,6.690,6.730,6.600,1406500;
sh603813:17.500,17.570,17.660,17.270,622090;
sh603136:23.600,24.030,24.280,23.600,900800;
sh603378:29.240,31.260,31.260,28.700,3866488;
sh603367:17.350,17.500,17.720,17.280,4485994;
sh603103:14.180,14.300,14.240,14.030,1845926;
sh603110:14.850,14.990,15.100,14.750,2140300;
sh603499:14.900,14.940,15.060,14.710,1563800;
sh603829:9.990,10.040,10.130,9.950,1051900;
sh603722:27.440,28.020,27.910,27.370,1258300;
sh603659:70.450,70.660,71.580,69.500,3899643;
sh603076:20.900,21.080,21.090,20.760,358300;
sh603661:35.000,35.410,35.330,34.980,533464;
sh601019:6.440,6.430,6.460,6.400,2741106;
sh603890:16.960,17.330,17.640,16.700,9436447;
sh603477:11.790,11.890,11.900,11.710,1773300;
sh603895:19.030,19.000,19.150,18.790,780160;
sh603516:39.090,39.510,39.820,38.250,2646466;
sh603871:27.370,27.500,27.370,27.030,446864;
sh603709:29.450,29.710,30.000,29.060,863399;
sh603712:28.450,28.200,28.480,27.730,8486210;
sh603059:27.170,27.800,27.650,26.700,2582315;
sh600929:6.000,6.120,6.090,5.980,5583275;
sh603897:16.610,16.730,16.740,16.510,1018514;
sh603301:40.070,40.550,40.590,39.560,5076418;
sh603773:31.750,31.530,31.760,31.210,883100;
sh603666:99.400,100.940,100.070,100.300,930592;
sh601990:14.830,14.890,14.950,14.790,57216967;
sh603713:60.500,59.700,61.960,59.400,1713620;
sh601606:9.400,9.530,9.470,9.330,7029416;
sh603590:39.580,40.400,40.220,39.540,2492500;
sh603192:24.900,24.470,25.130,24.130,1695300;
sh601068:4.310,4.350,4.370,4.310,5866200;
sh603297:31.660,31.610,31.810,31.210,538931;
sh603790:12.820,13.010,13.050,12.800,1817420;
sh603583:47.580,48.450,48.200,46.980,1807906;
sh601975:2.440,2.470,2.480,2.430,27396320;
sh603629:22.150,22.490,22.260,21.870,812812;
sh603185:40.590,39.410,40.590,37.520,5714229;
sh601298:5.630,5.610,5.640,5.600,4929701;
sh603700:36.920,38.000,38.000,36.310,3884962;
sh601615:10.170,10.210,10.350,10.160,9202982;
sh601865:12.400,11.920,12.730,11.760,18792450;
sh603317:47.070,47.230,47.470,46.480,2060000;
sh603697:13.020,12.810,13.060,12.710,4721202;
sh603982:16.950,17.290,17.490,16.580,9944483;
sh603327:25.080,25.450,25.190,25.000,1674233;
sh603915:12.810,13.440,13.540,12.810,7820521;
sh601236:19.280,19.750,19.530,19.280,27701248;
sh603530:20.210,20.260,20.300,19.700,4176941;
sh603115:17.300,17.430,17.300,17.200,845000;
sh603992:16.180,16.330,16.370,16.130,1753880;
sh603755:49.880,50.370,50.570,48.580,598334;
sh600000:10.150,10.110,10.190,10.090,23502815;
sh600004:14.270,14.550,14.540,14.050,12209011;
sh600006:4.050,4.070,4.100,4.020,8789047;
sh600007:14.170,13.670,14.190,13.540,7821853;
sh600008:3.220,3.240,3.240,3.200,20437307;
sh600009:67.730,67.960,68.020,67.100,8619922;
sh600011:4.260,4.220,4.270,4.210,16964181;
sh600012:5.160,5.210,5.190,5.140,2314002;
sh600015:6.480,6.440,6.480,6.420,18186209;
sh600016:5.790,5.730,5.800,5.720,81633090;
sh600017:2.450,2.450,2.470,2.450,6257950;
sh600018:4.340,4.310,4.340,4.290,14036442;
sh600019:4.920,4.890,4.930,4.880,28035460;
sh600020:3.780,3.860,3.830,3.770,14615286;
sh600021:7.570,7.460,7.580,7.450,3859534;
sh600023:3.450,3.460,3.470,3.450,7659190;
sh600026:8.490,8.890,8.920,8.480,36542601;
sh600027:3.460,3.390,3.490,3.360,34202030;
sh600028:4.520,4.610,4.640,4.520,137563299;
sh600029:5.220,5.230,5.280,5.180,35498537;
sh600030:23.480,23.490,23.540,23.270,80327317;
sh600031:19.800,19.630,20.280,19.430,78329067;
sh600033:2.760,2.770,2.760,2.740,6249032;
sh600035:3.140,3.210,3.230,3.120,21866462;
sh600036:32.890,32.900,32.960,32.550,33597426;
sh600037:8.790,8.770,8.830,8.750,5645489;
sh600038:44.150,44.070,44.400,43.730,3604100;
sh600050:5.300,5.320,5.310,5.270,90587000;
sh600054:8.690,8.840,8.750,8.580,6656149;
sh600055:16.790,17.450,17.500,16.610,26465666;
sh600056:15.900,16.000,16.160,15.740,25960809;
sh600057:5.110,5.050,5.150,5.030,15056476;
sh600059:7.440,7.900,7.620,7.410,17509811;
sh600060:9.570,9.660,9.700,9.480,7491685;
sh600062:13.090,13.220,13.370,13.070,8460472;
sh600064:8.380,8.410,8.390,8.300,7254406;
sh600066:12.750,12.660,12.780,12.590,11248828;
sh600068:6.830,6.860,6.980,6.770,81325086;
sh600072:11.400,11.520,11.490,11.380,7497029;
sh600073:8.420,8.550,8.520,8.360,15862946;
sh600075:4.810,4.790,4.820,4.770,3796960;
sh600085:25.360,25.240,25.360,25.070,4470017;
sh600089:7.830,7.910,8.000,7.810,82026329;
sh600093:12.600,13.140,12.850,12.570,32003936;
sh600097:10.100,9.840,10.190,9.780,4417588;
sh600098:5.840,5.900,5.880,5.810,3743650;
sh600100:8.080,8.050,8.090,7.980,15032027;
sh600104:19.010,18.800,19.030,18.680,20385935;
sh600105:4.700,4.670,4.760,4.590,19717193;
sh600106:2.840,2.910,2.890,2.830,11034643;
sh600109:9.620,9.600,9.670,9.500,38760758;
sh600114:9.260,9.330,9.350,9.190,10030088;
sh600116:8.920,8.730,8.930,8.690,14644759;
sh600118:33.330,35.790,34.100,33.210,39515314;
sh600125:4.820,4.830,4.840,4.810,5356632;
sh600126:7.820,8.050,7.910,7.610,73341997;
sh600129:12.950,13.300,13.580,12.880,9046895;
sh600131:20.350,20.210,20.510,19.870,15062329;
sh600132:51.630,51.470,51.630,50.370,3887573;
sh600133:6.590,7.090,7.280,6.590,98057030;
sh600138:10.130,10.080,10.160,10.020,11154102;
sh600141:9.630,9.620,9.720,9.540,8576574;
sh600143:9.200,10.160,9.540,10.160,125027232;
sh600150:18.550,18.660,18.680,18.470,5207121;
sh600153:7.720,7.940,7.740,7.660,15542858;
sh600158:8.490,8.410,8.510,8.360,5428201;
sh600170:3.310,3.310,3.350,3.290,45345818;
sh600171:17.100,17.320,17.280,16.950,15958790;
sh600176:8.530,8.520,8.630,8.460,26173917;
sh600177:6.440,6.470,6.470,6.410,9370405;
sh600183:29.100,30.200,29.820,28.970,30499154;
sh600195:13.300,13.490,13.440,13.180,15500739;
sh600196:35.980,37.100,37.590,35.800,71046637;
sh600216:16.900,17.060,17.140,16.820,22019989;
sh600217:5.080,5.150,5.180,5.080,6789497;
sh600219:2.090,2.090,2.100,2.080,36435379;
sh600233:11.630,11.380,11.690,11.310,13906074;
sh600252:3.430,3.490,3.530,3.420,30779186;
sh600256:2.600,2.590,2.610,2.580,16822106;
sh600258:14.680,14.480,14.800,14.360,13706672;
sh600260:13.940,14.880,14.800,13.900,83797765;
sh600261:3.660,3.650,3.680,3.630,8254177;
sh600269:3.540,3.580,3.550,3.520,8967238;
sh600271:19.260,19.300,19.310,19.120,10856427;
sh600276:96.600,96.700,97.500,96.010,12853190;
sh600284:6.790,6.810,6.850,6.780,9515493;
sh601658:5.250,5.230,5.250,5.210,16008988;
sh600969:6.490,6.530,6.490,6.430,4205489;
sh600297:3.610,3.570,3.610,3.480,37278210;
sh600298:36.480,36.280,36.680,36.010,7495975;
sh600299:12.800,12.850,12.880,12.600,10516712;
sh600305:19.070,19.210,19.350,19.070,11517591;
sh600309:43.900,44.170,44.550,43.630,10574184;
sh600312:9.600,9.870,9.920,9.530,74494488;
sh600315:25.130,25.480,25.740,25.130,4177031;
sh600316:13.580,13.500,13.750,13.300,11388050;
sh600320:3.260,3.260,3.260,3.220,6485042;
sh600325:6.690,6.640,6.720,6.600,23374384;
sh600332:31.580,31.710,31.970,31.520,6683960;
sh600340:21.450,21.330,21.520,21.020,7744083;
sh600343:8.300,8.400,8.370,8.210,4648700;
sh600345:20.750,21.000,21.000,20.650,3503902;
sh600350:4.180,4.300,4.310,4.180,12280887;
sh600352:12.010,11.970,12.030,11.930,26225545;
sh600361:4.000,4.030,4.030,3.970,10033893;
sh600362:13.150,13.100,13.150,13.020,9322967;
sh600369:4.580,4.560,4.590,4.540,12382722;
sh600372:13.380,13.570,13.470,13.300,7469112;
sh600376:6.710,6.670,6.720,6.590,7308242;
sh600377:10.150,10.140,10.150,10.040,4222243;
sh600380:12.500,12.700,12.720,12.430,23825965;
sh600383:13.750,13.530,13.780,13.280,31787445;
sh600388:9.070,9.050,9.110,9.010,7473664;
sh600390:7.350,7.270,7.350,7.260,6903604;
sh600391:17.850,18.690,18.790,17.800,17632975;
sh600406:21.150,21.580,21.640,21.150,23998884;
sh600410:12.200,12.380,12.520,12.110,53370595;
sh600418:4.850,4.870,4.900,4.810,16231584;
sh600420:9.850,10.570,10.340,10.280,34231480;
sh600422:10.390,10.330,10.450,10.270,8801882;
sh600428:3.170,3.190,3.200,3.150,5832052;
sh600435:7.660,7.800,7.760,7.600,15661788;
sh600436:136.850,135.110,136.870,134.310,2655962;
sh600439:2.790,2.780,2.790,2.760,4816976;
sh600446:17.380,17.570,17.490,17.250,9217096;
sh600452:20.390,19.780,20.390,19.480,6979043;
sh600460:14.770,14.820,14.890,14.590,18851782;
sh600477:4.010,4.110,4.130,4.010,23640679;
sh600482:16.870,16.770,16.900,16.680,2655019;
sh600483:8.080,7.990,8.110,7.860,3607502;
sh600486:74.660,74.990,75.260,74.420,1878960;
sh600487:16.920,17.250,17.040,16.770,50199438;
sh600489:8.540,8.670,8.700,8.480,28790643;
sh600496:3.760,3.750,3.840,3.700,38134671;
sh600497:3.570,3.570,3.590,3.560,13086858;
sh600498:32.450,32.980,33.100,32.320,25718025;
sh600500:5.250,5.210,5.250,5.180,6733051;
sh600507:5.440,5.420,5.460,5.380,12598898;
sh600511:35.950,35.780,36.100,34.810,29941280;
sh600516:9.090,9.090,9.160,9.050,23210962;
sh600519:1221.000,1227.300,1231.500,1216.800,2423464;
sh600522:10.960,11.320,11.130,10.850,111942772;
sh600529:34.540,35.140,35.310,34.540,4031777;
sh600535:14.430,14.600,14.750,14.420,7891452;
sh600536:71.870,75.300,75.460,71.570,19260093;
sh600545:5.400,5.360,5.460,5.350,4190629;
sh600547:35.520,36.050,36.270,35.380,30752003;
sh600548:9.160,9.270,9.340,9.120,3877416;
sh600557:15.610,16.210,16.780,15.330,34802772;
sh600563:48.570,49.600,49.390,48.400,1816458;
sh600565:2.830,2.800,2.840,2.780,17044837;
sh600566:22.650,22.850,23.150,22.620,7972243;
sh600570:95.000,96.830,96.300,95.000,11832906;
sh600571:9.330,9.580,9.550,9.300,9557300;
sh600572:5.550,5.520,5.570,5.500,24454310;
sh600577:3.000,3.150,3.200,3.000,67181754;
sh600578:2.820,2.840,2.850,2.820,2920443;
sh600580:11.090,10.990,11.140,10.920,15366037;
sh600582:2.950,2.940,2.970,2.930,14779605;
sh600583:5.270,5.260,5.340,5.210,28690502;
sh600584:22.500,22.850,23.160,22.160,71368381;
sh600585:58.970,59.560,60.210,58.950,30216250;
sh600588:45.230,45.780,45.770,44.530,17279800;
sh600590:5.890,6.060,5.990,5.860,11958393;
sh600597:11.850,12.330,12.070,11.730,23429806;
sh600598:15.650,15.740,16.100,15.650,37738958;
sh600600:46.830,46.890,46.910,45.920,5152996;
sh600606:5.500,5.480,5.510,5.460,23699638;
sh600611:3.690,3.690,3.700,3.670,4106400;
sh600612:39.680,39.450,39.680,39.100,924251;
sh600616:4.580,4.660,4.590,4.560,4840494;
sh600618:7.750,7.670,7.760,7.500,5303555;
sh600619:8.190,8.220,8.230,8.140,1348782;
sh600622:3.760,3.700,3.780,3.690,9973961;
sh600633:9.150,9.270,9.290,9.070,10468297;
sh600635:4.150,4.180,4.160,4.120,13671100;
sh600637:9.160,9.150,9.210,9.110,5901505;
sh600642:5.370,5.310,5.370,5.300,5576587;
sh600643:7.880,7.860,7.880,7.830,6301856;
sh600648:14.680,14.510,14.680,14.450,3571056;
sh600650:8.690,9.000,8.710,8.630,3061346;
sh600655:7.370,7.270,7.380,7.240,5870000;
sh600657:3.670,3.700,3.690,3.640,9762400;
sh600658:4.320,4.480,4.340,4.280,5327844;
sh600660:19.270,19.240,19.350,18.940,12110364;
sh600663:11.100,11.050,11.110,10.910,2980448;
sh600667:10.660,10.750,10.780,10.560,41721132;
sh600674:8.880,8.740,8.880,8.740,6988638;
sh600685:14.420,14.650,14.530,14.310,10004476;
sh600686:6.090,6.220,6.180,6.060,5160254;
sh600688:4.130,4.160,4.200,4.080,23789124;
sh600690:14.840,14.900,14.860,14.600,38494345;
sh600699:20.240,20.780,20.520,20.110,25705737;
sh600702:23.250,23.510,23.340,23.100,6922661;
sh600703:21.450,21.220,21.560,20.930,79722962;
sh600704:4.720,4.680,4.720,4.670,17945329;
sh600705:3.950,3.940,3.950,3.920,14181400;
sh600713:4.610,4.600,4.660,4.580,7751623;
sh600717:5.410,5.380,5.420,5.330,5122022;
sh600718:11.590,11.720,11.670,11.470,10555782;
sh600720:15.270,14.960,15.450,14.900,69141033;
sh600723:5.380,5.390,5.400,5.370,2033700;
sh600728:9.870,9.960,9.960,9.800,61985612;
sh600729:27.300,27.270,27.300,27.220,3957553;
sh600733:5.450,5.460,5.450,5.300,14464967;
sh600741:21.000,20.720,21.010,20.490,13127596;
sh600743:2.170,2.180,2.180,2.160,4761532;
sh600745:98.000,98.150,99.570,96.500,13258588;
sh600749:8.320,8.420,8.350,8.200,2160586;
sh600750:11.940,12.090,12.080,11.900,4668295;
sh600754:26.320,26.360,27.070,26.100,3617147;
sh600760:31.120,31.310,31.510,30.750,13697819;
sh600761:9.500,9.610,9.610,9.470,6684012;
sh600763:117.470,115.800,117.880,114.550,1690840;
sh600765:8.920,8.870,8.950,8.760,8094250;
sh600775:8.440,8.480,8.530,8.420,6537909;
sh600776:17.330,17.420,17.480,17.270,6997008;
sh600779:45.310,45.840,45.670,44.750,3828822;
sh600787:4.380,4.390,4.390,4.350,6900719;
sh600789:10.140,10.270,10.340,10.090,38255833;
sh600790:3.120,3.130,3.130,3.110,4129111;
sh600794:3.270,3.290,3.290,3.260,7374218;
sh600795:2.040,2.030,2.040,2.020,63426756;
sh600797:9.130,9.200,9.170,9.050,21196817;
sh600798:3.130,3.150,3.170,3.130,4010636;
sh600801:26.310,26.730,27.480,26.310,31918267;
sh600803:9.310,9.370,9.430,9.240,6848012;
sh600804:6.330,6.560,6.430,6.230,86158720;
sh600805:4.430,4.430,4.450,4.400,2839106;
sh600809:97.450,98.190,98.380,96.900,3335460;
sh600812:9.550,9.550,9.550,9.550,3318253;
sh600814:5.000,5.030,5.000,4.940,5592076;
sh600820:5.700,5.740,5.790,5.680,18951657;
sh600823:4.200,4.190,4.210,4.160,7675720;
sh600826:9.990,10.170,10.040,10.140,1649585;
sh600827:7.870,7.710,7.880,7.670,9472559;
sh600835:14.520,15.050,15.260,14.500,16613891;
sh600837:13.070,13.080,13.110,13.010,34998938;
sh600839:2.780,2.770,2.790,2.740,62967222;
sh600845:46.700,47.800,48.140,46.700,11357726;
sh600848:19.540,19.650,19.620,19.020,4264744;
sh600850:22.660,23.150,22.850,22.420,3523743;
sh600859:12.220,12.200,12.220,12.120,2754779;
sh600872:45.200,45.300,45.300,44.590,4170428;
sh600873:4.340,4.360,4.360,4.320,16103918;
sh600875:8.930,9.070,9.060,8.910,11301806;
sh600884:10.890,11.040,11.070,10.860,8001759;
sh600886:7.660,7.520,7.680,7.500,19780248;
sh600887:30.300,30.500,30.550,30.010,59566789;
sh603551:17.120,16.970,17.170,16.930,2187652;
sh600893:23.000,23.580,23.670,22.900,15915276;
sh600895:12.590,12.880,12.640,12.500,16937551;
sh600897:18.110,17.640,18.110,17.500,1888664;
sh600900:17.110,17.000,17.140,17.000,15787409;
sh600958:9.480,9.410,9.490,9.370,14477697;
sh600967:9.490,9.490,9.510,9.400,7164914;
sh600970:5.990,6.080,6.110,5.980,24024078;
sh600975:8.580,8.940,8.930,8.560,35963651;
sh600987:5.490,5.510,5.540,5.480,1959372;
sh600993:15.710,15.910,16.070,15.650,3851790;
sh600995:8.040,8.050,8.080,7.930,8897780;
sh600998:17.620,17.720,18.100,17.530,4783709;
sh600999:17.860,18.080,17.970,17.790,11802174;
sh601003:5.050,5.040,5.070,5.010,6560294;
sh601006:6.850,6.820,6.870,6.810,14265786;
sh601007:8.200,8.100,8.200,8.050,2355146;
sh601009:7.470,7.440,7.480,7.420,19366468;
sh601010:3.130,3.090,3.130,3.080,5242800;
sh601012:28.230,27.900,28.230,27.010,113820251;
sh601018:3.460,3.450,3.480,3.440,13992298;
sh601021:34.930,34.240,35.350,34.170,6865520;
sh601038:6.000,6.080,6.160,5.980,7323728;
sh601088:16.010,15.920,16.010,15.850,16388533;
sh601099:3.320,3.310,3.330,3.300,56260675;
sh601107:3.560,3.900,3.610,3.540,34490376;
sh601111:6.820,6.830,6.920,6.760,38724297;
sh601116:12.920,13.020,13.100,12.790,4778495;
sh601117:6.190,6.150,6.260,6.110,24896543;
sh601137:11.660,11.630,11.680,11.360,3152255;
sh601139:7.480,7.390,7.520,7.380,6143668;
sh601158:5.320,5.330,5.320,5.280,2604863;
sh601166:16.010,15.930,16.030,15.850,55577615;
sh601169:4.780,4.750,4.790,4.740,53296704;
sh601186:10.010,10.010,10.250,10.000,133360326;
sh601198:10.970,10.970,11.020,10.910,8586227;
sh601211:16.790,16.880,16.820,16.680,17278245;
sh601216:2.560,2.580,2.570,2.540,17876116;
sh601231:17.370,17.560,17.600,17.180,16572941;
sh601238:10.190,10.050,10.190,10.020,13987387;
sh601288:3.430,3.420,3.440,3.420,112018290;
sh601360:19.670,20.020,19.770,19.550,26787431;
sh601318:72.890,73.500,73.230,72.100,65417898;
sh601328:5.190,5.170,5.200,5.160,53658564;
sh601333:2.390,2.380,2.400,2.370,16373904;
sh601336:42.720,43.720,43.420,42.580,14604972;
sh601377:6.120,6.130,6.150,6.100,22840553;
sh601390:5.930,5.930,5.990,5.830,97229712;
sh601398:5.140,5.120,5.150,5.120,103804722;
sh601519:7.650,7.730,7.770,7.630,25286573;
sh601555:7.940,7.920,7.950,7.890,17629757;
sh601579:7.580,7.770,7.670,7.560,1996234;
sh601588:2.750,2.740,2.760,2.720,6733600;
sh601600:2.910,2.900,2.920,2.890,18468023;
sh601601:29.150,29.270,29.320,28.730,28731740;
sh601607:19.740,19.740,20.070,19.710,28214428;
sh601618:2.620,2.610,2.640,2.600,41116899;
sh601628:28.020,28.180,28.450,27.610,20367145;
sh601633:8.140,8.110,8.140,8.040,7855156;
sh601636:4.990,5.160,5.000,4.950,42612467;
sh601668:5.300,5.250,5.340,5.230,155706728;
sh601669:3.770,3.720,3.790,3.710,85437333;
sh601688:18.250,18.250,18.260,18.110,31676250;
sh601717:5.480,5.460,5.490,5.440,9476365;
sh601718:3.880,3.960,3.900,3.830,57118700;
sh601766:6.390,6.320,6.410,6.290,38415740;
sh601788:11.200,11.190,11.250,11.140,10714592;
sh601800:8.390,8.330,8.540,8.260,89981481;
sh601801:4.790,4.850,4.820,4.780,3202021;
sh601808:12.210,12.330,12.360,12.100,13417571;
sh601857:4.530,4.550,4.570,4.510,102485702;
sh601872:6.480,6.890,6.970,6.470,101201671;
sh601877:24.940,25.030,25.380,24.820,6719635;
sh600663:11.100,11.050,11.110,10.910,2980448;
sh600667:10.660,10.750,10.780,10.560,41721132;
sh600674:8.880,8.740,8.880,8.740,6988638;
sh600685:14.420,14.650,14.530,14.310,10004476;
sh600686:6.090,6.220,6.180,6.060,5160254;
sh600688:4.130,4.160,4.200,4.080,23789124;
sh600690:14.840,14.900,14.860,14.600,38494345;
sh600699:20.240,20.780,20.520,20.110,25705737;
sh600702:23.250,23.510,23.340,23.100,6922661;
sh600703:21.450,21.220,21.560,20.930,79722962;
sh600704:4.720,4.680,4.720,4.670,17945329;
sh600705:3.950,3.940,3.950,3.920,14181400;
sh600713:4.610,4.600,4.660,4.580,7751623;
sh600717:5.410,5.380,5.420,5.330,5122022;
sh600718:11.590,11.720,11.670,11.470,10555782;
sh600720:15.270,14.960,15.450,14.900,69141033;
sh600723:5.380,5.390,5.400,5.370,2033700;
sh600728:9.870,9.960,9.960,9.800,61985612;
sh600729:27.300,27.270,27.300,27.220,3957553;
sh600733:5.450,5.460,5.450,5.300,14464967;
