sh600048:14.690,15.070,14.970,14.610,47921493;
sh600053:25.030,24.530,25.360,24.340,3782869;
sh600061:12.140,12.160,12.220,12.030,7915005;
sh600063:3.710,3.730,3.760,3.640,21725481;
sh600071:8.840,8.890,8.920,8.660,3297346;
sh600076:3.790,3.800,3.820,3.770,5281083;
sh600077:2.810,2.820,2.830,2.790,5689099;
sh600078:5.660,5.190,5.680,5.190,57838403;
sh600079:19.070,20.360,20.580,19.070,69169806;
sh600081:10.800,10.610,10.830,10.580,3107878;
sh600082:3.450,3.450,3.460,3.390,2569400;
sh600090:4.060,4.030,4.060,4.020,9358437;
sh600101:5.920,5.860,5.920,5.850,1610280;
sh600111:9.070,9.160,9.270,9.020,30782343;
sh600113:6.240,6.170,6.280,6.160,3384183;
sh600115:4.250,4.180,4.250,4.180,25190820;
sh600120:8.690,8.750,8.740,8.610,4543366;
sh600146:13.260,13.390,13.790,12.750,18129363;
sh600151:4.350,4.370,4.390,4.300,5252269;
sh600156:4.540,4.660,4.780,4.460,12071580;
sh600160:6.800,6.790,6.830,6.700,19260879;
sh600161:36.800,36.980,37.580,36.100,7263458;
sh600162:2.030,2.010,2.040,2.000,8792545;
sh600169:2.020,2.030,2.040,1.990,13399116;
sh600175:1.280,1.260,1.290,1.250,30938687;
sh600197:12.900,12.790,12.900,12.690,3871052;
sh600199:5.040,5.050,5.070,5.010,5305301;
sh600200:7.070,7.150,7.370,7.030,27319375;
sh600203:9.080,9.000,9.250,8.710,13928508;
sh600206:12.040,12.060,12.250,11.920,18728789;
sh600207:4.180,4.130,4.180,4.090,2722400;
sh600208:3.050,3.030,3.050,3.010,38471220;
sh600213:7.250,7.300,7.340,7.180,2715985;
sh600218:8.480,8.380,8.500,8.320,3974562;
sh600221:1.570,1.560,1.580,1.540,51969947;
sh600223:6.910,6.760,6.940,6.720,15570566;
sh600226:2.400,2.420,2.490,2.380,34704237;
sh600227:3.070,3.240,3.240,2.960,46293136;
sh600235:4.760,4.720,4.780,4.640,8295185;
sh600236:4.470,4.430,4.480,4.420,1587907;
sh600242:7.100,7.360,7.430,7.050,13494698;
sh600246:6.900,7.580,7.400,6.850,34063359;
sh600262:15.270,15.880,15.570,15.200,2206391;
sh600266:6.800,6.770,6.810,6.740,6138655;
sh600267:16.400,16.890,16.880,16.040,95985873;
sh600268:6.400,6.380,6.530,6.220,28295987;
sh600278:9.050,8.910,9.100,8.900,2291293;
sh600279:3.720,3.740,3.750,3.700,2202603;
sh600283:9.930,10.270,10.000,10.150,7358248;
sh600285:8.700,8.710,8.770,8.550,4921559;
sh600288:11.130,11.100,11.180,11.000,1366200;
sh600291:7.220,7.080,7.260,7.070,8589800;
sh600293:2.820,2.770,2.820,2.770,9368477;
sh600300:3.540,3.400,3.580,3.340,86580712;
sh600310:3.780,3.770,3.800,3.750,3202001;
sh600311:2.570,2.550,2.600,2.530,16921613;
sh600313:4.040,3.870,4.080,3.800,61765786;
sh600317:2.160,2.150,2.160,2.140,3605600;
sh600322:2.540,2.530,2.560,2.510,15882684;
sh600323:19.350,19.480,19.580,19.250,4978298;
sh600326:6.780,6.960,6.940,6.760,14279570;
sh600336:5.600,5.520,5.880,5.400,42627419;
sh600337:4.340,4.400,4.360,4.290,15411349;
sh600338:8.070,7.980,8.090,7.900,4526240;
sh600339:2.770,2.740,2.790,2.730,15646516;
sh600351:5.080,5.140,5.160,5.050,6263488;
sh600353:5.310,5.250,5.330,5.210,4712000;
sh600354:4.040,4.120,4.120,3.930,25271686;
sh600355:3.290,3.200,3.310,3.190,12956500;
sh600360:7.580,7.490,7.590,7.320,39440154;
sh600363:14.100,13.920,14.160,13.880,4948725;
sh600366:5.610,5.610,5.770,5.540,24007186;
sh600371:13.100,12.600,13.110,12.400,15181704;
sh600375:4.490,4.430,4.490,4.420,3542400;
sh600381:4.620,5.100,5.100,4.580,7227644;
sh600392:7.040,7.250,7.350,6.970,31422012;
sh600393:2.770,2.870,2.830,2.700,38398357;
sh600398:6.350,6.280,6.360,6.260,5225787;
sh600419:12.200,12.250,12.280,12.010,5261215;
sh600425:3.700,3.800,3.780,3.630,27522268;
sh600429:5.440,5.350,5.440,5.290,4857500;
sh600449:13.730,13.980,14.220,13.530,20528359;
sh600455:24.520,24.410,24.520,23.430,2736200;
sh600463:6.090,6.000,6.120,5.950,1890594;
sh600466:6.140,6.150,6.200,6.110,9834774;
sh600467:2.710,2.610,2.720,2.580,103943119;
sh600476:12.640,12.530,12.730,12.400,1500301;
sh600478:3.940,3.910,3.940,3.870,6000774;
sh600479:8.960,9.250,9.190,8.910,16537984;
sh600480:8.770,8.760,8.840,8.520,6911605;
sh600481:2.940,2.940,2.960,2.920,2707602;
sh600488:4.750,4.980,5.010,4.720,31533294;
sh600495:4.250,4.260,4.270,4.160,21199773;
sh600499:4.290,4.250,4.300,4.210,4157102;
sh600501:9.210,9.600,9.490,9.050,31065747;
sh600503:3.060,3.060,3.070,3.040,7479666;
sh600505:9.850,9.640,9.850,9.560,3865113;
sh600506:9.370,8.940,9.460,8.900,6082828;
sh600517:6.730,6.770,6.840,6.660,6385939;
sh600520:8.700,8.530,8.700,8.450,1305532;
sh600525:5.060,5.040,5.070,5.020,6973921;
sh600526:6.200,6.180,6.240,5.980,7932350;
sh600527:3.670,3.670,3.670,3.670,19861257;
sh600530:3.880,3.600,3.890,3.570,36288295;
sh600533:3.200,3.170,3.210,3.140,13871901;
sh600537:3.000,2.930,3.000,2.920,4766834;
sh600549:11.620,11.450,11.940,11.410,9855513;
sh600559:8.700,8.670,8.700,8.610,5609972;
sh600562:14.400,14.150,14.400,14.050,5529578;
sh600568:1.440,1.450,1.460,1.420,26421016;
sh600573:6.260,6.200,6.280,6.140,3282180;
sh600587:17.340,17.530,17.800,17.270,7023836;
sh600593:40.690,40.720,40.970,40.500,660581;
sh600596:8.460,8.730,8.810,8.440,21685489;
sh600601:3.300,3.350,3.390,3.280,23731602;
sh600602:7.270,7.200,7.320,7.160,5850966;
sh600603:5.860,5.940,5.970,5.860,7831508;
sh600604:7.210,7.070,7.210,7.040,11154819;
sh600613:7.130,7.140,7.220,7.040,5087509;
sh600623:5.420,5.360,5.420,5.330,4818200;
sh600624:8.620,8.460,8.650,8.420,13467212;
sh600626:5.100,4.900,5.100,4.880,13321150;
sh600628:12.340,11.800,12.390,11.800,3464519;
sh600630:7.490,7.650,7.680,7.350,8096265;
sh600638:5.170,5.080,5.180,5.080,2280877;
sh600639:12.620,12.870,13.050,12.550,4911837;
sh600640:19.000,18.110,19.250,18.110,20716340;
sh600641:18.460,18.060,18.480,17.950,8315929;
sh600644:4.850,4.830,4.850,4.800,770000;
sh600645:20.510,19.880,20.510,19.600,9270531;
sh600647:13.070,12.840,13.070,12.610,1507700;
sh600649:5.350,5.250,5.350,5.200,7627293;
sh600651:3.570,3.550,3.600,3.500,4105732;
sh600661:16.110,15.840,16.110,15.660,1033503;
sh600662:3.860,3.820,3.860,3.810,3095208;
sh600668:14.600,14.940,14.870,14.480,12513473;
sh603179:22.160,21.780,22.280,21.220,824800;
sh600671:12.160,12.060,12.300,11.920,1681478;
sh600677:4.000,3.940,4.000,3.930,20907029;
sh600678:6.810,6.920,7.100,6.810,18038048;
sh600682:8.290,8.240,8.290,8.200,5325470;
sh600683:4.180,4.050,4.280,4.010,34597635;
sh600684:3.210,3.160,3.230,3.130,4178151;
sh600689:8.140,8.060,8.150,8.020,1974701;
sh600693:4.810,4.840,4.830,4.790,2661501;
sh600695:7.650,7.560,7.680,7.490,11523437;
sh600697:14.870,14.890,14.940,14.840,492100;
sh600706:7.410,7.890,7.690,7.380,11428676;
sh600708:3.080,3.040,3.080,3.000,15072096;
sh600711:4.120,4.110,4.140,4.100,8778206;
sh600712:5.620,5.460,5.640,5.460,13507125;
sh600716:3.770,3.760,3.800,3.740,2914700;
sh600719:4.270,4.290,4.360,4.240,2932780;
sh600724:3.700,3.770,3.750,3.630,7957725;
sh600730:4.470,4.380,4.500,4.360,4004585;
sh600734:3.780,3.580,3.780,3.490,23668738;
sh600736:5.260,5.210,5.310,5.190,7816701;
sh600737:8.700,8.540,8.770,8.510,34746226;
sh600744:2.280,2.290,2.300,2.270,5268000;
sh600746:5.990,5.860,6.000,5.820,3423202;
sh600748:5.510,5.500,5.580,5.410,24282223;
sh603893:51.160,50.730,52.330,50.000,3080577;
sh600755:6.350,6.290,6.350,6.270,7069613;
sh600756:18.560,18.420,18.580,18.320,2820721;
sh600764:28.140,28.020,28.240,27.610,1352116;
sh600770:4.590,4.530,4.630,4.520,6338387;
sh600771:12.950,13.110,13.070,12.760,5124104;
sh600773:5.470,5.440,5.530,5.360,4391365;
sh600777:1.790,1.790,1.790,1.770,34712870;
sh600783:13.970,13.640,13.990,13.520,8320199;
sh600784:4.330,4.290,4.340,4.270,1289321;
sh600785:15.390,15.160,15.390,15.110,1095385;
sh600796:5.950,5.880,6.200,5.860,10874241;
sh600800:5.050,5.020,5.070,4.960,6021900;
sh600802:10.850,11.190,11.170,10.670,21748080;
sh600808:2.540,2.560,2.570,2.530,11920244;
sh600818:9.550,9.470,9.550,9.410,1415936;
sh600819:4.710,4.840,4.770,4.650,4643000;
sh600821:4.050,3.930,4.050,3.920,4898006;
sh600822:8.470,8.450,8.470,8.390,1213251;
sh600824:3.240,3.240,3.280,3.200,7677969;
sh600825:5.630,5.480,5.680,5.460,8785387;
sh600828:4.080,4.030,4.100,3.990,4543194;
sh600829:8.360,8.820,8.820,8.300,47082306;
sh600830:5.800,5.630,5.910,5.540,40360645;
sh600831:8.240,8.130,8.240,8.110,7205894;
sh600833:9.260,9.320,9.350,9.180,1202600;
sh600834:6.320,6.380,6.430,6.310,1001242;
sh600836:5.380,5.470,5.440,4.950,21306986;
sh600838:6.120,6.300,6.550,6.120,20982987;
sh600841:6.670,6.620,6.720,6.600,659600;
sh600843:6.720,6.700,6.760,6.620,2357546;
sh600846:8.350,8.340,8.420,8.280,4041060;
sh600851:7.930,8.200,8.070,7.860,4134372;
sh600853:3.610,3.530,3.640,3.480,21228424;
sh600854:4.000,3.980,4.170,3.960,19090639;
sh600855:23.360,22.280,24.180,22.170,75811152;
sh600857:9.520,9.510,9.590,9.430,663287;
sh600860:3.510,3.520,3.620,3.460,2911900;
sh600861:10.560,10.680,10.700,10.350,2170801;
sh600862:13.220,13.450,13.480,12.940,19533762;
sh600864:6.450,6.380,6.460,6.350,14959200;
sh600865:6.350,6.260,6.370,6.230,3217892;
sh600866:5.500,5.490,5.540,5.340,29871808;
sh600867:11.950,11.800,12.090,11.710,20561282;
sh600868:3.220,3.180,3.220,3.170,13953147;
sh600869:4.260,4.190,4.260,4.170,17517603;
sh600871:2.060,2.060,2.090,2.050,29095423;
sh600874:6.880,6.890,6.930,6.870,3529083;
sh600876:13.080,12.970,13.090,12.810,1723629;
sh600879:6.850,6.860,6.920,6.730,30083721;
sh600880:3.810,3.880,3.870,3.710,15615104;
sh600882:23.600,24.500,24.240,23.220,6231230;
sh600885:29.470,29.510,30.200,29.060,4074321;
sh600888:4.300,4.240,4.310,4.200,6420917;
sh600889:5.890,6.100,6.120,5.770,15340997;
sh600894:7.160,7.280,7.250,7.010,8681432;
sh600898:6.320,6.010,6.370,5.570,3596668;
sh600917:6.340,6.290,6.430,6.280,2542700;
sh600959:3.660,3.650,3.680,3.640,7787010;
sh600962:7.870,7.820,7.900,7.730,5013538;
sh600965:7.740,7.550,7.740,7.520,8543211;
sh600966:7.120,7.410,7.180,6.950,20080502;
sh600973:4.040,3.960,4.040,3.940,13725237;
sh600976:15.580,15.850,15.940,15.510,1656545;
sh600980:12.100,12.120,12.160,11.910,1446700;
sh600981:3.560,3.700,3.640,3.480,17506809;
sh600982:2.700,2.720,2.730,2.690,1648450;
sh600983:5.700,5.390,5.820,5.360,26731840;
sh600986:3.710,3.700,3.760,3.660,16151880;
sh600988:8.900,8.950,9.110,8.700,80379552;
sh600990:38.510,37.950,38.730,37.510,1091563;
sh600992:6.350,6.320,6.370,6.260,883158;
sh601002:5.880,5.970,5.880,5.750,9496500;
sh601008:3.460,3.440,3.470,3.410,7649576;
sh601016:2.170,2.160,2.180,2.160,9300773;
sh601069:14.290,14.330,14.400,14.100,7850336;
sh601100:66.450,68.950,69.600,65.800,3879357;
sh601106:2.600,2.610,2.620,2.590,10214108;
sh601118:5.250,5.050,5.390,5.000,55427462;
sh601126:5.900,6.030,6.080,5.900,4515778;
sh601168:5.750,5.790,5.810,5.740,15493104;
sh601199:3.940,4.030,4.050,3.880,26878252;
sh601222:5.090,5.030,5.090,5.010,6964153;
sh601226:3.870,3.890,3.890,3.850,1458392;
sh601233:11.700,11.640,11.870,11.600,12395291;
sh601311:8.610,8.640,8.730,8.580,3454614;
sh601339:3.450,3.400,3.460,3.400,2781010;
sh601388:1.660,1.660,1.670,1.650,9548551;
sh601515:6.340,6.180,6.340,6.160,4844320;
sh601567:8.100,8.020,8.380,8.020,49281359;
sh601608:3.310,3.400,3.350,3.310,23309731;
sh601616:2.940,2.930,2.970,2.910,8457000;
sh601677:10.190,10.110,10.240,10.070,3211319;
sh601689:16.320,17.040,17.260,16.050,11134125;
sh601700:5.640,5.600,5.680,5.570,10865600;
sh601727:4.590,4.620,4.630,4.580,8426224;
sh601789:4.180,4.220,4.260,4.160,17233683;
sh601799:85.900,82.350,87.880,81.370,1558133;
sh601818:3.570,3.620,3.600,3.560,85060079;
sh601866:2.000,2.000,2.010,1.990,14097600;
sh601958:6.150,6.140,6.200,6.110,9181547;
sh601968:4.500,4.470,4.530,4.440,1633682;
sh601996:2.770,2.760,2.780,2.740,11125229;
sh603002:4.250,4.350,4.290,4.210,7404300;
sh603003:7.880,7.880,7.880,7.880,4575201;
sh603006:10.070,10.020,10.100,10.010,1149593;
sh603009:7.600,7.850,7.600,7.330,21802550;
sh603010:11.930,11.850,11.990,11.690,4531860;
sh603015:5.860,5.820,5.940,5.750,1557800;
sh603017:10.310,10.230,10.370,10.180,1469320;
sh603018:13.470,13.680,13.780,13.130,7097523;
sh603020:8.500,8.650,8.720,8.480,4840540;
sh603021:6.020,5.840,6.020,5.800,1513321;
sh603022:18.500,18.150,18.780,18.010,3164804;
sh603023:4.980,5.110,5.120,4.930,9054189;
sh603025:7.690,7.690,7.750,7.570,1675712;
sh603085:6.390,6.260,6.400,6.210,2034970;
sh603088:9.270,9.500,9.630,9.200,3204028;
sh603099:8.100,8.000,8.120,7.990,1262791;
sh603108:10.250,10.310,10.390,10.100,3155500;
sh603111:7.030,7.170,7.220,6.850,21959031;
sh603116:7.430,7.190,7.430,7.130,2070362;
sh603117:3.540,3.530,3.550,3.510,2541120;
sh603123:9.150,9.140,9.260,8.850,4575501;
sh603126:4.370,4.320,4.370,4.300,3397100;
sh603158:17.020,16.340,17.050,16.140,4037244;
sh603168:8.370,8.310,8.390,8.200,1864229;
sh603222:46.000,46.620,46.000,45.350,3492838;
sh603227:4.080,4.030,4.090,3.990,4330800;
sh603268:14.140,14.630,14.450,14.010,2566688;
sh603299:6.270,6.320,6.390,6.260,4917281;
sh603300:7.070,6.950,7.120,6.920,4592900;
sh603308:14.020,13.900,14.200,13.710,3038917;
sh603318:7.790,7.680,7.850,7.560,7147397;
sh603333:8.280,8.400,8.680,8.100,32194276;
sh603366:5.360,5.240,5.360,5.210,6143100;
sh603456:20.560,20.600,21.490,20.380,9989993;
sh603508:52.490,51.900,52.690,51.690,948577;
sh603519:12.030,12.230,12.090,11.490,1944320;
sh603566:17.450,17.520,17.570,17.160,2393334;
sh603568:29.670,30.250,30.090,29.450,2374955;
sh603600:12.110,12.020,12.130,11.550,4729483;
sh603601:10.420,11.570,11.570,10.420,45990590;
sh603609:13.280,13.360,13.640,13.030,15998351;
sh603611:16.380,16.320,16.690,16.280,1081384;
sh603616:7.420,7.440,7.530,7.410,2279583;
sh603618:5.910,5.780,5.930,5.750,8048500;
sh603688:20.700,20.390,21.070,20.080,6277971;
sh603703:17.800,17.820,17.840,17.600,2394750;
sh603789:14.340,14.340,14.340,13.950,33906961;
sh603800:10.950,10.960,11.060,10.880,1229200;
sh603808:11.120,10.960,11.120,10.890,2248668;
sh603818:6.710,6.560,6.710,6.510,1114540;
sh603838:7.840,7.700,7.840,7.640,759500;
sh603918:12.420,12.650,12.790,12.250,10044918;
sh603936:17.580,17.800,18.090,17.500,3385680;
sh603968:12.950,13.120,13.140,12.880,1005700;
sh603989:24.060,23.930,24.100,23.420,1383804;
sh603997:8.930,9.080,9.030,8.620,40519495;
sh603998:6.760,6.850,6.920,6.730,4139299;
sh603999:5.760,5.700,5.770,5.680,3236400;
sh600127:10.650,9.390,10.720,9.390,39463700;
sh603377:14.480,14.450,14.480,14.010,2668021;
sh601900:9.890,9.720,9.890,9.620,2506969;
sh603919:14.040,14.260,14.300,13.840,3229166;
sh603861:8.000,8.060,8.200,7.970,1954756;
sh603028:11.910,12.000,12.590,11.840,6546484;
sh603798:9.830,9.910,9.880,9.670,1219500;
sh603701:10.570,10.870,10.710,10.520,2284380;
sh603726:13.210,13.310,13.420,13.020,5780141;
sh603528:7.720,7.830,7.750,7.480,7104811;
sh603339:11.960,11.910,12.050,11.860,740100;
sh603131:15.760,15.820,15.880,15.390,3294914;
sh603016:22.010,21.950,22.410,21.320,1514600;
sh603069:10.200,9.750,10.250,9.580,5617800;
sh600936:3.730,3.720,3.730,3.680,2305929;
sh601997:7.660,7.640,7.670,7.630,7694654;
sh601595:12.310,12.030,12.310,11.940,3504985;
sh603515:24.250,23.920,24.250,23.900,844069;
sh603843:4.630,4.500,4.670,4.490,11882229;
sh601163:12.970,12.880,12.970,12.800,1905484;
sh603393:43.500,43.450,44.320,42.250,3582981;
sh603738:23.580,22.910,23.700,22.690,5630429;
sh601128:6.930,6.730,6.960,6.670,32310158;
sh603313:17.210,17.320,17.230,16.760,5733366;
sh600926:7.750,7.700,7.790,7.690,7493806;
sh603888:23.850,23.200,23.850,23.160,8901447;
sh603060:21.000,21.600,21.330,20.610,1465000;
sh603633:10.850,11.040,10.990,10.760,2070501;
sh603987:11.650,11.620,11.820,11.450,5411077;
sh603336:17.050,17.520,17.430,16.900,15352817;
sh603660:11.220,10.920,11.350,10.880,10628911;
sh603559:23.820,23.200,24.380,22.810,15585103;
sh603033:26.820,28.120,28.490,26.510,1884976;
sh603389:4.300,4.170,4.300,4.150,1882694;
sh603058:6.650,6.700,6.720,6.570,1194800;
sh603886:18.330,17.840,18.440,17.760,6981703;
sh603239:11.770,11.650,11.770,11.410,993749;
sh601375:4.870,4.900,4.920,4.850,11613591;
sh603035:11.960,11.510,11.960,11.460,6777461;
sh603877:14.660,14.670,14.820,14.540,397500;
sh603689:10.420,10.480,10.490,10.400,896100;
sh603579:27.320,27.390,27.930,27.200,692023;
sh603639:26.760,27.980,28.330,26.760,4190753;
sh601858:9.600,9.300,9.600,9.250,2658513;
sh603638:38.000,39.470,39.650,38.000,2641842;
sh603429:33.370,32.400,34.060,32.320,2094666;
sh603966:9.560,9.790,9.730,9.510,1685040;
sh603089:11.660,11.510,11.660,11.370,592065;
sh603360:30.760,30.990,31.300,30.480,4119085;
sh603677:10.610,10.360,10.610,10.290,1220058;
sh603637:13.900,13.720,13.970,13.580,563792;
sh601212:2.820,2.830,2.840,2.780,16693300;
sh603603:6.950,6.820,6.950,6.810,1906720;
sh603817:5.780,5.880,5.840,5.740,1918909;
sh603717:7.730,7.730,7.750,7.600,1601180;
sh603656:13.580,13.280,13.780,13.180,369328;
sh603133:17.590,17.470,17.650,17.000,2352213;
sh603811:26.600,27.410,27.440,26.230,4038252;
sh603955:17.650,17.540,17.680,17.200,1876453;
sh603908:22.400,22.530,22.590,22.100,341000;
sh603991:27.300,28.060,28.060,26.810,5964380;
sh603578:19.160,19.220,19.330,18.800,308300;
sh601366:5.890,6.050,6.080,5.890,8325350;
sh603787:11.900,11.900,11.900,11.500,2306973;
sh603320:16.700,16.580,17.190,16.520,7475800;
sh603906:9.140,9.330,9.370,9.060,2383512;
sh603586:16.310,16.270,16.400,15.880,1006364;
sh603538:34.780,35.350,37.380,34.640,11344072;
sh603385:10.430,10.300,10.460,10.280,3261721;
sh603178:8.160,7.840,8.160,7.800,2116136;
sh603238:30.700,32.600,33.000,29.580,2928645;
sh603229:29.980,30.220,30.750,29.770,2391800;
sh603728:12.430,11.950,12.480,11.900,5644870;
sh603896:28.570,29.130,29.800,28.570,1259235;
sh603488:8.350,8.250,8.350,8.200,742700;
sh603197:25.700,25.100,25.870,25.010,1868472;
sh603580:12.200,12.170,12.250,11.870,1374896;
sh603200:60.000,61.300,63.720,59.560,1739835;
sh603042:18.890,18.470,19.100,18.310,6734525;
sh603536:14.030,14.360,14.260,13.410,6645746;
sh603326:18.600,19.080,18.880,18.500,1507900;
sh603316:11.300,11.570,11.550,11.110,3271200;
sh603335:4.450,4.400,4.650,4.360,16539066;
sh603380:15.710,15.520,15.720,15.390,1166800;
sh603286:15.250,15.180,15.340,15.080,668917;
sh603938:21.930,22.070,22.550,21.880,1378973;
sh603331:17.000,16.700,17.000,16.650,1022483;
sh603933:13.070,13.700,13.880,12.920,6191352;
sh603595:26.180,26.070,26.680,25.680,1642596;
sh603612:10.450,10.410,10.520,10.280,1643040;
sh603676:12.900,13.630,14.360,12.700,29369033;
sh603063:8.280,8.260,8.390,8.210,1919000;
sh603233:64.770,64.260,64.770,62.510,2489201;
sh603357:9.760,9.720,9.800,9.670,1726670;
sh603860:26.110,26.360,26.740,25.990,355979;
sh603880:14.600,14.720,14.880,14.310,5988577;
sh603776:18.780,18.620,19.050,18.570,2004998;
sh603976:15.510,15.430,15.610,15.110,978520;
sh603079:46.000,47.170,47.000,44.950,6191097;
sh603725:6.540,6.530,6.560,6.440,1375740;
sh603813:17.400,17.190,17.410,17.020,556523;
sh603136:24.010,24.240,24.010,23.570,1458480;
sh603378:29.670,29.980,29.960,28.880,987400;
sh603367:17.140,17.690,17.740,16.980,8261784;
sh603103:14.310,13.880,14.320,13.700,1613739;
sh603110:14.310,14.540,14.410,14.050,971040;
sh603499:16.130,16.050,16.130,15.440,2099647;
sh603829:11.430,10.150,11.440,10.120,5589408;
sh603722:27.420,26.470,27.420,26.370,1349245;
sh603659:64.140,62.900,64.850,62.600,3099468;
sh603076:20.560,20.700,20.790,20.480,502400;
sh603661:35.110,34.570,35.110,34.400,298330;
sh601019:6.430,6.400,6.470,6.380,2124000;
sh603890:14.770,15.170,15.170,14.660,10624133;
sh603477:11.980,12.260,12.290,11.980,3358025;
sh603895:19.200,19.150,19.460,19.000,387847;
sh603516:38.760,37.580,38.810,37.210,1622636;
sh603871:26.900,26.890,27.070,26.710,237908;
sh603709:26.720,27.280,27.150,26.430,707500;
sh603712:27.480,26.830,27.480,26.410,6390912;
sh603059:24.980,26.360,26.310,24.980,2611596;
sh600929:6.290,6.340,6.480,6.230,11442185;
sh603897:16.500,16.600,16.850,16.380,1273240;
sh603301:39.000,40.910,40.730,38.700,8255489;
sh603773:31.660,30.850,31.660,30.540,874200;
sh603666:97.900,94.820,97.900,94.100,700365;
sh601990:14.680,14.560,14.800,14.450,58815526;
sh603713:60.440,61.300,61.950,58.800,1755787;
sh601606:9.840,9.770,9.900,9.520,17008636;
sh603590:39.470,40.500,41.000,39.300,4474148;
sh603192:25.300,25.470,25.490,25.010,479114;
sh601068:4.220,4.210,4.250,4.200,3361100;
sh603297:31.000,31.280,31.000,30.050,1103283;
sh603790:13.590,13.700,13.750,13.500,2532831;
