sh600010:1.210,1.220,1.220,1.200,215010723;
sh600010:1.210,1.220,1.220,1.200,215010723;
sh600048:15.410,15.640,15.620,15.400,81693777;
sh600053:28.080,30.110,28.350,27.500,13291989;
sh600061:13.560,14.450,13.750,13.410,65683078;
sh600063:3.750,3.790,3.790,3.710,21097764;
sh600071:10.650,10.780,10.770,10.510,2888012;
sh600076:3.950,4.010,3.970,3.930,17193733;
sh600077:2.790,2.810,2.800,2.760,6618314;
sh600078:5.240,5.180,5.260,5.050,41323320;
sh600079:14.460,14.480,14.740,14.410,17895995;
sh600081:11.600,12.180,11.830,11.510,12081355;
sh600082:3.560,3.620,3.590,3.530,4565949;
sh600090:4.350,4.400,4.390,4.290,21718901;
sh600101:6.380,6.510,6.590,6.310,10306646;
sh600111:10.040,10.110,10.070,10.010,50324802;
sh600113:6.600,6.710,6.700,6.580,6833752;
sh600115:5.030,5.070,5.100,4.980,73287722;
sh600120:9.300,9.620,9.400,9.150,29224992;
sh600146:11.840,12.240,12.460,11.820,9317604;
sh600151:4.490,4.530,4.570,4.440,13996554;
sh600156:4.480,4.600,4.510,4.420,8414201;
sh600160:7.690,7.530,7.690,7.390,105187963;
sh600161:34.550,35.110,35.220,34.360,14615580;
sh600162:2.070,2.140,2.080,2.060,26873065;
sh600169:2.020,2.060,2.050,2.020,18193653;
sh600175:1.530,1.550,1.540,1.510,122135021;
sh600197:14.240,14.500,14.530,14.190,7664849;
sh600199:5.420,5.590,5.750,5.420,17465230;
sh600200:8.960,8.360,8.960,8.270,82349545;
sh600203:6.650,6.850,6.770,6.580,12581241;
sh600206:15.520,15.700,15.900,15.100,86153088;
sh600207:4.600,4.740,4.750,4.590,14456200;
sh600208:3.470,3.510,3.470,3.400,136934817;
sh600213:8.000,8.260,8.340,8.000,9728630;
sh600218:10.430,11.040,11.060,10.400,42165456;
sh600221:1.720,1.760,1.760,1.720,312860298;
sh600223:9.090,8.980,9.160,8.730,43130167;
sh600226:2.930,2.970,2.960,2.860,71872634;
sh600227:2.650,2.670,2.690,2.630,7721320;
sh600235:4.810,4.870,4.850,4.730,10559499;
sh600236:4.570,4.580,4.570,4.530,3513478;
sh600242:7.850,7.890,7.930,7.630,19087733;
sh600246:5.650,5.660,5.720,5.470,7337202;
sh600262:16.280,16.570,16.580,16.250,797607;
sh600266:7.350,7.420,7.370,7.260,13200225;
sh600267:15.700,15.430,15.940,15.050,98492545;
sh600268:5.190,5.110,5.190,5.000,20181361;
sh600278:10.170,10.290,10.170,10.000,7898901;
sh600279:3.870,3.970,3.910,3.870,4800336;
sh600283:9.230,9.260,9.230,9.120,1958301;
sh600285:9.580,9.610,9.600,9.440,8601066;
sh600288:13.190,13.200,13.270,12.890,9337595;
sh600291:8.020,8.280,8.050,7.870,21328273;
sh600293:2.870,2.950,2.920,2.860,16990420;
sh600300:2.990,3.020,3.010,2.980,19144262;
sh600310:4.140,4.190,4.150,4.050,9958763;
sh600311:3.170,3.180,3.240,3.130,43979535;
sh600313:3.050,3.110,3.130,3.050,31183150;
sh600317:2.250,2.290,2.260,2.240,12410577;
sh600322:2.620,2.670,2.640,2.600,16869044;
sh600323:20.180,19.880,20.280,19.620,12103466;
sh600326:6.840,6.970,6.890,6.780,22732436;
sh600336:4.970,5.050,5.130,4.900,21875683;
sh600337:4.500,4.530,4.500,4.350,34877977;
sh600338:10.890,11.070,10.990,10.760,12737302;
sh600339:2.950,3.020,2.980,2.930,29255921;
sh600351:5.740,5.760,5.790,5.660,8839505;
sh600353:5.540,5.660,5.600,5.500,13561121;
sh600354:5.110,5.140,5.240,4.980,31738560;
sh600355:3.400,3.380,3.410,3.280,26506912;
sh600360:8.730,9.010,8.970,8.470,119540153;
sh600363:15.170,15.250,15.310,14.910,16200873;
sh600366:6.140,6.290,6.300,6.120,25082683;
sh600371:12.500,12.610,12.820,12.380,15159835;
sh600375:4.230,4.340,4.260,4.200,8468960;
sh600381:5.090,5.140,5.130,5.040,4683856;
sh600392:7.880,7.990,7.950,7.760,27722086;
sh600393:2.750,2.780,2.780,2.720,15663787;
sh600398:7.110,7.230,7.150,7.090,8546207;
sh600419:11.770,11.880,11.850,11.600,4734850;
sh600425:3.690,3.740,3.710,3.650,25275950;
sh600429:5.070,5.120,5.100,5.050,5349423;
sh600449:10.640,10.730,10.670,10.500,10607578;
sh600455:28.500,29.680,29.490,28.450,7218496;
sh600463:6.290,6.430,6.500,6.280,3279621;
sh600466:6.850,6.860,6.920,6.720,21783648;
sh600467:2.280,2.300,2.300,2.260,17301300;
sh600476:13.710,15.050,13.750,13.510,6270169;
sh600478:4.600,4.660,4.710,4.520,30322245;
sh600479:9.430,9.440,9.530,9.320,16000857;
sh600480:9.200,9.390,9.360,9.090,15856999;
sh600481:3.030,3.090,3.060,3.030,8346291;
sh600488:4.670,4.610,4.690,4.530,11875650;
sh600495:3.930,3.980,3.990,3.900,20303584;
sh600499:4.930,5.470,5.470,4.930,55075112;
sh600501:8.960,9.060,9.230,8.960,12280941;
sh600503:3.390,3.400,3.420,3.320,49528171;
sh600505:9.160,9.470,9.590,9.000,10004690;
sh600506:9.160,9.220,9.160,8.990,2278080;
sh600517:7.320,7.600,7.400,7.170,33793910;
sh600520:10.360,10.760,10.770,10.140,5928236;
sh600525:5.560,5.630,5.660,5.420,35169790;
sh600526:5.170,5.220,5.210,5.170,5056919;
sh600527:2.720,2.700,2.760,2.660,60221365;
sh600530:4.090,4.150,4.150,4.090,9853305;
sh600533:3.120,3.140,3.130,3.080,12301491;
sh600537:3.210,3.280,3.270,3.170,21091705;
sh600549:12.840,13.120,12.960,12.720,22243312;
sh600559:9.810,10.060,10.150,10.010,24682697;
sh600562:15.010,15.230,15.130,14.820,8559780;
sh600568:1.760,1.750,1.770,1.730,52030940;
sh600573:5.930,6.060,6.050,5.930,3667790;
sh600587:17.250,17.420,17.630,17.240,9151568;
sh600593:39.370,40.280,39.790,39.300,1095612;
sh600596:9.660,9.680,9.670,9.540,17105826;
sh600601:3.380,3.440,3.440,3.230,56683394;
sh600602:9.250,9.280,9.300,8.970,25729224;
sh600603:5.440,5.370,5.480,5.270,12279234;
sh600604:7.650,7.870,7.730,7.560,31300916;
sh600613:7.730,7.730,7.750,7.510,9976562;
sh600623:6.090,6.150,6.110,6.020,10738985;
sh600624:10.000,10.510,10.300,10.240,67188986;
sh600626:6.480,6.590,6.480,6.310,39684862;
sh600628:8.350,8.440,8.470,8.220,2539549;
sh600630:8.560,8.540,8.620,8.390,14819774;
sh600638:5.890,5.930,5.930,5.770,3885734;
sh600639:13.000,13.180,13.120,12.920,2212801;
sh600640:20.870,20.770,21.070,20.380,12422303;
sh600641:24.400,26.100,24.850,23.510,34779337;
sh600644:5.140,5.310,5.270,5.120,4442789;
sh600645:17.930,17.980,18.060,17.590,7296508;
sh600647:12.690,12.930,12.780,12.540,1805028;
sh600649:5.180,5.260,5.190,5.080,16931888;
sh600651:4.080,4.220,4.350,3.990,57307127;
sh600661:19.530,19.860,20.200,19.450,7702757;
sh600662:4.190,4.280,4.260,4.190,8606260;
sh600668:14.620,14.760,14.680,14.390,13750730;
sh603179:23.850,23.570,24.250,23.100,2266273;
sh600671:12.540,12.540,12.640,12.410,3002672;
sh600677:5.150,5.170,5.220,5.100,24354453;
sh600678:7.300,7.370,7.400,7.160,32185437;
sh600682:9.640,9.750,9.740,9.530,12551191;
sh600683:4.000,4.180,4.370,3.930,9986384;
sh600684:3.270,3.300,3.270,3.230,6573782;
sh600689:8.720,8.820,8.770,8.630,2607620;
sh600693:5.020,5.090,5.070,5.000,3834630;
sh600695:9.070,10.200,9.430,8.830,83989333;
sh600697:15.960,16.070,16.100,15.900,2381125;
sh600706:7.700,7.970,7.950,7.700,4802660;
sh600708:3.110,3.120,3.110,3.050,17062635;
sh600711:4.960,4.980,5.010,4.860,52802989;
sh600712:6.940,7.040,7.040,6.770,39983435;
sh600716:3.870,4.030,3.880,3.830,9105477;
sh600719:4.180,4.300,4.270,4.180,5605382;
sh600724:3.250,3.290,3.270,3.220,4801505;
sh600730:4.780,4.990,4.880,4.780,20044028;
sh600734:5.100,5.360,5.130,5.000,43014939;
sh600736:5.410,5.480,5.480,5.330,16948874;
sh600737:8.880,8.970,9.030,8.800,23319496;
sh600744:2.310,2.360,2.380,2.300,11275164;
sh600746:7.480,7.510,7.530,7.420,6756737;
sh600748:5.140,5.260,5.170,5.080,13696186;
sh603893:32.880,32.880,32.880,32.880,88808;
sh600755:6.860,7.000,6.920,6.840,20145588;
sh600756:21.930,22.080,22.070,21.500,16366266;
sh600764:31.250,30.490,31.970,29.920,10073414;
sh600770:5.410,5.530,5.510,5.350,33185101;
sh600771:15.810,15.810,15.920,15.620,8030103;
sh600773:5.670,5.840,5.890,5.650,13241701;
sh600777:1.940,2.000,1.960,1.940,121411016;
sh600783:14.280,14.830,14.400,14.030,15852225;
sh600784:4.610,4.630,4.610,4.530,5165428;
sh600785:13.990,14.270,14.250,13.990,608930;
sh600796:5.570,5.600,5.620,5.490,6874667;
sh600800:5.080,5.140,5.130,5.060,8431578;
sh600802:9.880,10.030,10.020,9.790,26751280;
sh600808:2.740,2.810,2.750,2.730,35839778;
sh600818:11.150,11.250,11.300,11.060,1373841;
sh600819:5.100,5.080,5.100,4.990,8772488;
sh600821:4.200,4.240,4.230,4.140,4122347;
sh600822:9.670,9.680,9.680,9.550,7078307;
sh600824:3.120,3.160,3.130,3.100,5481417;
sh600825:5.120,5.140,5.150,5.060,6366259;
sh600828:4.050,4.130,4.090,4.040,5828999;
sh600829:7.960,7.980,8.100,7.820,8628551;
sh600830:5.170,5.340,5.250,5.120,10468179;
sh600831:10.440,10.650,10.480,10.150,78294898;
sh600833:10.400,10.310,10.490,10.210,3639559;
sh600834:6.360,6.530,6.500,6.340,3050267;
sh600836:4.370,4.500,4.380,4.320,12317508;
sh600838:5.520,5.600,5.550,5.490,4333407;
sh600841:6.510,6.590,6.560,6.460,1610577;
sh600843:7.300,7.460,7.510,7.300,1217400;
sh600846:9.050,9.250,9.120,8.970,19283300;
sh600851:8.150,8.090,8.190,7.940,4227702;
sh600853:3.100,3.160,3.140,3.090,8323170;
sh600854:3.460,3.540,3.500,3.460,4693305;
sh600855:11.900,11.800,11.920,11.570,6285457;
sh600857:9.670,9.620,9.670,9.500,714282;
sh600860:4.840,5.020,4.930,4.760,6898891;
sh600861:8.800,8.920,8.870,8.700,2373402;
sh600862:12.850,12.910,12.910,12.600,22867667;
sh600864:7.250,7.740,7.390,7.190,84641133;
sh600865:6.080,6.210,6.170,6.080,2224601;
sh600866:5.410,5.440,5.450,5.200,56016934;
sh600867:11.910,12.000,12.010,11.850,26639789;
sh600868:3.280,3.320,3.310,3.260,26104692;
sh600869:4.270,4.320,4.300,4.220,38859765;
sh600871:2.180,2.210,2.200,2.180,25608671;
sh600874:6.990,7.130,7.150,6.980,12377397;
sh600876:16.800,16.030,17.200,15.880,19497064;
sh600879:6.840,6.870,6.930,6.690,85665336;
sh600880:3.700,3.800,3.760,3.700,11157221;
sh600882:18.700,18.800,18.850,18.390,3592298;
sh600885:35.700,35.820,36.670,35.060,13480440;
sh600888:4.460,4.600,4.550,4.440,20746908;
sh600889:4.640,4.740,4.680,4.630,2889920;
sh600894:6.900,7.030,6.980,6.870,7403828;
sh600898:6.770,7.020,7.100,6.760,6052638;
sh600917:6.640,6.710,6.690,6.620,3275190;
sh600959:3.880,3.990,3.920,3.870,35193339;
sh600962:7.360,7.510,7.440,7.290,3320925;
sh600965:7.920,7.860,7.950,7.690,9002464;
sh600966:7.110,7.300,7.200,7.080,26143447;
sh600973:4.010,4.020,4.010,3.950,10047868;
sh600976:16.960,16.970,17.150,16.730,3277710;
sh600980:13.320,13.210,13.350,12.930,4929023;
sh600981:3.370,3.430,3.400,3.350,8031411;
sh600982:2.760,2.820,2.790,2.760,5849214;
sh600983:4.440,4.480,4.470,4.400,1794296;
sh600986:4.320,4.460,4.370,4.270,79633896;
sh600988:7.840,7.980,8.140,7.820,147589292;
sh600990:47.860,47.270,48.390,46.040,4131377;
sh600992:6.340,6.420,6.380,6.310,1382738;
sh601002:5.680,5.670,5.730,5.520,21739887;
sh601008:3.550,3.620,3.580,3.540,8827126;
sh601016:2.290,2.320,2.320,2.280,23547172;
sh601069:15.460,15.520,15.670,15.350,23674121;
sh601100:55.880,53.710,55.880,52.410,5779816;
sh601106:2.750,2.780,2.790,2.740,21169324;
sh601118:4.590,4.600,4.640,4.510,52359600;
sh601126:5.290,5.350,5.310,5.210,4359544;
sh601168:6.510,6.640,6.580,6.460,34859287;
sh601199:3.960,3.980,4.010,3.890,11451808;
sh601222:5.600,5.610,5.770,5.510,62437517;
sh601226:3.890,3.960,3.940,3.890,2420500;
sh601233:13.790,14.100,13.850,13.600,32979647;
sh601311:9.930,10.260,10.050,10.000,31869254;
sh601339:3.740,3.810,3.770,3.730,3979137;
sh601388:1.740,1.760,1.740,1.710,26696698;
sh601515:6.200,6.320,6.240,6.150,6013422;
sh601567:8.290,8.380,8.350,8.150,11258903;
sh601608:3.730,3.740,3.730,3.620,28229598;
sh601616:2.860,2.930,2.910,2.850,9782134;
sh601677:11.420,11.620,11.620,11.420,6910736;
sh601689:24.500,24.870,24.950,24.150,24563700;
sh601700:5.670,5.770,5.810,5.640,22342461;
sh601727:4.730,4.840,4.840,4.720,31436731;
sh601789:3.770,3.840,3.820,3.750,15298574;
sh601799:95.890,97.080,96.140,94.580,994495;
sh601818:3.900,3.950,3.920,3.880,133548123;
sh601866:2.270,2.290,2.280,2.240,35499135;
sh601958:6.860,6.970,6.910,6.830,17485079;
sh601968:4.810,4.870,4.840,4.780,2922278;
sh601996:2.630,2.680,2.660,2.620,10180522;
sh603002:4.790,4.800,4.870,4.670,23433163;
sh603003:7.570,7.680,7.730,7.500,6783151;
sh603006:11.320,11.650,11.700,11.040,5908405;
sh603009:8.560,9.370,9.330,8.380,80413235;
sh603010:17.940,17.070,17.940,16.010,51420930;
sh603015:5.910,6.080,6.050,5.910,2736165;
sh603017:9.840,9.940,9.900,9.750,1884543;
sh603018:10.000,10.040,10.120,9.930,3326027;
sh603020:7.840,8.020,7.910,7.820,3186024;
sh603021:6.780,6.890,6.820,6.700,4226448;
sh603022:16.700,16.970,17.170,16.630,3556910;
sh603023:4.450,4.550,4.500,4.430,6602512;
sh603025:8.850,9.010,8.990,8.800,3648802;
sh603085:7.060,7.200,7.150,6.970,4898340;
sh603088:8.950,9.190,9.020,8.920,2261946;
sh603099:8.250,8.510,8.400,8.200,3767063;
sh603108:10.820,10.890,10.940,10.730,7182175;
sh603111:6.380,6.450,6.490,6.320,17626894;
sh603116:5.970,6.110,6.000,5.930,4981380;
sh603117:3.670,3.760,3.730,3.660,9136334;
sh603123:6.900,7.080,6.900,6.720,4901540;
sh603126:4.420,4.520,4.470,4.420,5886038;
sh603158:23.800,26.180,26.070,23.800,8606026;
sh603168:8.340,8.460,8.410,8.310,4217359;
sh603222:53.060,52.720,53.110,52.480,382211;
sh603227:4.470,4.510,4.490,4.410,10617045;
sh603268:15.380,15.560,15.550,15.230,1633192;
sh603299:6.350,6.470,6.380,6.310,7877211;
sh603300:7.400,7.580,7.570,7.250,23113941;
sh603308:20.400,20.540,20.780,19.330,19658365;
sh603318:9.500,9.520,9.550,9.330,11397966;
sh603333:7.580,7.700,7.700,7.550,12127979;
sh603366:6.800,7.540,7.330,6.710,69300010;
sh603456:17.650,17.300,17.940,17.000,24124291;
sh603508:57.880,58.050,57.890,56.600,2408382;
sh603519:13.220,13.470,13.390,13.180,2108151;
sh603566:16.680,16.560,17.000,16.210,5442961;
sh603568:28.650,28.650,28.840,28.050,3805379;
sh603600:12.220,12.420,12.330,12.060,4853114;
sh603601:10.150,10.380,10.150,10.040,39819824;
sh603609:11.940,11.900,12.200,11.650,10828721;
sh603611:19.390,20.210,20.240,19.390,9796357;
sh603616:7.400,7.400,7.600,7.300,4278200;
sh603618:5.130,5.190,5.170,5.070,7031640;
sh603688:31.500,31.910,32.750,30.310,16575142;
sh603703:15.500,15.580,15.570,15.360,1616096;
sh603789:14.590,14.700,14.640,14.360,6265681;
sh603800:11.630,11.770,11.680,11.530,2350058;
sh603808:13.480,13.780,13.580,13.300,6645592;
sh603818:7.360,7.420,7.390,7.250,2716400;
sh603838:7.710,8.430,8.430,7.660,3549466;
sh603918:11.230,11.430,11.400,11.120,5375452;
sh603936:23.670,23.840,23.860,22.850,18237695;
sh603968:15.800,15.150,15.800,14.880,3130826;
sh603989:28.850,28.800,29.390,27.910,4008337;
sh603997:8.210,8.350,8.470,8.160,6758900;
sh603998:7.440,7.530,7.500,7.420,6356686;
sh603999:7.070,7.350,7.160,7.030,15260314;
sh600127:4.700,4.760,4.820,4.620,48313087;
sh603377:17.000,17.000,17.300,16.790,2111760;
sh601900:11.350,11.190,11.440,10.750,26017413;
sh603919:15.090,15.690,15.800,15.080,6809960;
sh603861:7.910,7.930,7.930,7.760,2090534;
sh603028:10.830,10.690,10.830,10.480,2753000;
sh603798:10.670,10.790,10.750,10.560,3489836;
sh603701:12.550,13.090,12.660,12.200,11425903;
sh603726:19.780,20.020,20.050,19.300,5342253;
sh603528:7.230,7.920,7.650,7.210,12464580;
sh603339:12.690,12.860,12.890,12.620,1865625;
sh603131:23.810,24.940,24.380,22.910,15863232;
sh603016:17.250,17.290,17.250,16.920,1574600;
sh603069:12.130,13.290,13.290,12.000,14233251;
sh600936:3.890,4.030,3.900,3.810,17529858;
sh601997:8.670,8.880,8.770,8.670,22061801;
sh601595:13.310,13.640,13.980,13.230,5568569;
sh603515:26.550,26.970,26.650,26.300,4221647;
sh603843:4.260,4.300,4.270,4.170,9997162;
sh601163:14.590,14.790,14.680,14.460,7415273;
sh603393:31.620,32.880,32.550,31.610,8563775;
sh603738:35.000,33.400,35.350,32.700,20832198;
sh601128:8.110,8.330,8.210,8.070,47521117;
sh603313:26.570,27.810,28.000,26.570,4395479;
sh600926:8.800,8.950,8.830,8.760,28570860;
sh603888:28.110,28.840,28.680,28.000,16076099;
sh603060:21.080,21.630,21.290,20.940,2478393;
sh603633:12.100,12.240,12.180,11.860,6369279;
sh603987:10.230,10.700,10.870,10.150,22885621;
sh603336:14.450,14.470,14.560,14.140,7847820;
sh603660:13.700,13.680,13.930,13.190,20808157;
sh603559:17.320,17.300,17.490,16.800,4445678;
sh603033:18.230,19.910,19.900,18.200,3596936;
sh603389:4.990,5.050,4.990,4.860,3164790;
sh603058:6.930,6.990,6.990,6.880,2637483;
sh603886:16.500,17.020,16.770,16.500,3836601;
sh603239:11.360,11.500,11.490,11.200,2996501;
sh601375:5.410,5.710,5.480,5.320,100008564;
sh603035:15.570,15.530,15.800,15.230,9773977;
sh603032:19.700,20.310,20.240,19.700,4295255;
sh603877:15.950,15.840,16.140,15.530,2093431;
sh603689:10.690,10.800,10.740,10.640,3183400;
sh603579:30.270,30.450,30.340,29.690,1344277;
sh603639:25.510,25.820,25.780,25.310,2620921;
sh601858:11.500,11.650,11.570,11.340,4596750;
sh603638:30.790,30.900,31.220,30.640,1271061;
sh603429:45.020,46.550,45.500,44.070,2930572;
sh603966:10.000,10.160,10.080,10.000,2444261;
sh603089:13.320,13.680,13.670,13.300,2334210;
sh603360:34.160,33.590,34.160,33.030,2346218;
sh603677:11.590,12.430,12.200,11.510,3513385;
sh603637:14.850,15.080,14.960,14.850,1169543;
sh601212:3.400,3.370,3.430,3.330,51171387;
sh603603:7.970,7.980,7.970,7.820,4043610;
sh603817:6.230,6.270,6.230,6.140,2669386;
sh603717:8.080,8.190,8.150,8.010,3793995;
sh603656:14.140,14.950,14.350,12.850,2586292;
sh603133:24.000,24.450,24.460,23.680,7372146;
sh603811:26.080,26.000,26.290,25.520,2930080;
sh603955:15.050,15.450,15.340,15.050,980081;
sh603908:23.070,23.670,23.520,23.030,636400;
sh603991:16.090,16.500,16.470,16.060,554245;
sh603578:22.610,22.650,22.610,21.950,1809117;
sh601366:5.320,5.380,5.350,5.300,4498500;
sh603787:15.370,15.960,15.390,13.970,19272517;
sh603320:16.490,16.570,16.640,16.210,1604858;
sh603906:9.900,10.450,10.020,10.390,10479231;
sh603586:18.600,18.550,18.600,18.080,4057330;
sh603538:24.090,24.300,24.280,24.000,3480686;
sh603385:10.180,10.380,10.260,10.080,5408318;
sh603178:10.290,10.400,10.490,10.280,5562579;
sh603238:22.760,21.930,22.770,21.000,3547492;
sh603229:25.280,24.910,25.680,24.510,2522263;
sh603728:12.050,12.570,12.770,12.050,9587147;
sh603896:29.810,30.750,30.900,29.810,1574226;
sh603488:8.090,8.270,8.230,8.080,1563400;
sh603197:33.560,33.360,33.810,32.540,4938743;
sh603580:11.580,11.840,11.760,11.580,1313192;
sh603200:24.260,26.320,26.320,24.260,4885643;
sh603042:15.110,15.550,15.380,15.040,5259233;
sh603536:15.250,16.450,16.450,15.080,24354971;
sh603326:17.250,18.010,17.420,17.170,2603283;
sh603316:8.180,8.370,8.300,8.180,1299300;
sh603335:4.430,4.530,4.520,4.430,5874208;
sh603380:16.700,16.860,16.850,16.440,2943168;
sh603286:16.590,16.930,16.910,16.480,3123900;
sh603938:31.500,33.430,34.850,29.850,10403101;
sh603331:15.700,15.950,15.820,15.600,551540;
sh603933:15.100,15.890,15.390,14.850,9749613;
sh603595:30.200,30.120,30.840,29.430,4750951;
sh603612:12.470,12.670,12.600,12.250,5340949;
sh603676:10.430,10.530,10.480,10.330,2373700;
sh603063:8.900,9.040,9.060,8.850,2690821;
sh603233:54.000,54.670,54.240,53.020,3874797;
sh603357:9.680,9.880,9.750,9.650,4580355;
sh603860:25.460,25.960,26.000,25.460,232200;
sh603880:15.280,14.630,15.350,14.500,9616044;
sh603776:20.850,20.900,21.130,20.380,5556459;
sh603976:16.630,16.760,16.780,16.510,2652821;
sh603079:52.100,50.800,53.000,48.880,6332113;
sh603725:6.580,6.680,6.630,6.530,2253077;
sh603813:17.620,17.890,17.790,17.450,833478;
sh603136:23.480,24.620,24.380,23.460,2661687;
sh603378:23.760,26.090,24.180,23.470,2958029;
sh603367:17.220,17.300,17.320,16.990,7155496;
sh603103:16.300,16.900,17.720,16.190,11263662;
sh603110:16.150,16.380,16.440,15.860,4009460;
sh603499:15.320,15.240,15.520,15.070,1626460;
sh603829:10.190,9.900,10.190,9.720,1707645;
sh603722:38.000,37.990,38.740,37.010,2896038;
sh603659:99.900,99.400,103.980,95.150,4964784;
sh603076:22.010,22.500,22.310,21.870,496312;
sh603661:39.510,40.230,40.260,39.510,1134983;
sh601019:6.530,6.620,6.600,6.530,5418962;
sh603890:11.020,11.390,11.270,10.880,10640709;
sh603477:11.480,11.560,11.690,11.230,7454852;
sh603895:20.380,20.460,20.470,20.010,1229080;
sh603516:50.000,50.770,51.490,49.700,2335573;
sh603871:30.830,31.000,31.050,30.620,1087173;
sh603709:23.100,23.450,23.450,23.070,345200;
sh603712:26.240,26.500,26.830,26.080,6377438;
sh603059:24.860,25.460,25.180,24.860,1844762;
sh600929:6.220,6.320,6.340,6.220,7022010;
sh603897:17.780,17.930,17.860,17.550,1653803;
sh603301:34.590,33.400,35.390,33.030,12087293;
sh603773:38.410,40.080,38.920,37.480,7216634;
sh603666:99.750,101.550,102.580,101.000,1414434;
sh601990:13.620,15.000,13.880,13.410,322854495;
sh603713:43.000,43.590,44.350,42.660,2221509;
sh601606:10.520,10.510,10.520,10.240,9627796;
sh603590:36.580,37.310,37.100,36.420,3077166;
sh603192:25.600,26.360,26.490,25.600,1674925;
sh601068:4.720,4.760,4.790,4.650,8984110;
sh603297:35.410,36.070,35.980,34.830,2635353;
sh603790:14.410,14.590,14.520,14.280,3289380;
sh603583:54.980,56.280,54.980,53.350,1755995;
sh601975:2.570,2.600,2.600,2.550,50400451;
sh603629:25.700,25.880,25.700,25.200,1366448;
sh603185:41.720,42.550,42.410,41.660,3491870;
sh601298:6.190,6.300,6.240,6.140,15745097;
sh603700:34.700,34.700,36.150,33.580,3686478;
sh601615:11.690,11.850,11.910,11.640,16708800;
sh601865:15.700,15.690,15.950,15.190,10478024;
sh603317:40.520,41.350,42.460,40.110,3021458;
sh603697:12.500,12.790,13.140,12.480,7556216;
sh603982:16.820,17.070,17.050,16.820,3516199;
sh603327:32.020,32.380,32.390,31.300,7857226;
sh603915:13.320,13.330,13.320,13.060,2959435;
sh601236:18.400,20.230,18.790,18.300,104478538;
sh603530:19.300,19.360,19.850,19.200,5272102;
sh603115:19.220,19.390,19.570,19.030,3829465;
sh603992:17.000,17.320,17.270,17.000,2178602;
sh603755:41.950,42.310,42.390,41.800,840600;
sh600000:11.170,11.230,11.170,11.060,35648276;
sh600004:15.880,17.010,16.720,15.860,34022686;
sh600006:4.050,4.120,4.110,4.040,14383208;
sh600007:15.300,15.390,15.480,15.110,2957901;
sh600008:3.240,3.270,3.260,3.220,22791463;
sh600009:72.050,73.800,74.080,72.000,16177505;
sh600011:4.920,4.990,4.940,4.900,37787079;
sh600012:5.410,5.500,5.430,5.390,4314602;
sh600015:7.130,7.200,7.150,7.110,21734559;
sh600016:5.910,5.940,5.920,5.860,90425498;
sh600017:2.640,2.690,2.670,2.640,14689302;
sh600018:4.860,4.920,4.890,4.820,44920801;
sh600019:5.370,5.400,5.380,5.320,59639271;
sh600020:4.000,4.090,4.020,3.980,30852775;
sh600021:7.270,7.360,7.290,7.230,6222703;
sh600023:3.570,3.610,3.590,3.560,19961691;
sh600026:5.920,6.140,6.090,5.880,27686177;
sh600027:3.370,3.420,3.410,3.360,25059620;
sh600028:4.760,4.790,4.780,4.750,117009768;
sh600029:6.340,6.400,6.460,6.310,100612361;
sh600030:24.070,25.420,24.450,24.070,374779044;
sh600031:16.730,17.000,16.870,16.520,81432246;
sh600033:2.860,2.890,2.870,2.850,9084353;
sh600035:3.100,3.140,3.120,3.090,10727829;
sh600036:35.660,35.980,35.700,35.200,72817550;
sh600037:9.990,10.030,10.060,9.790,35705313;
sh600038:45.000,44.570,45.280,43.800,8901265;
sh600050:5.500,5.580,5.530,5.440,180337819;
sh600054:8.460,8.610,8.590,8.420,11979265;
sh600055:12.500,12.500,12.570,12.260,11055929;
sh600056:15.400,15.540,15.780,15.320,28560474;
sh600057:3.950,4.000,3.980,3.920,15698970;
sh600059:7.900,7.980,8.000,7.850,6552544;
sh600060:12.700,12.810,12.830,12.310,25599064;
sh600062:13.610,13.680,13.660,13.410,11799128;
sh600064:9.120,9.280,9.130,9.050,17203557;
sh600066:14.650,14.950,15.200,14.550,26923249;
sh600068:6.130,6.180,6.150,6.070,37416847;
sh600072:12.860,12.930,12.920,12.580,16136424;
sh600073:7.760,7.810,7.840,7.680,16751030;
sh600075:5.130,5.170,5.170,5.020,10176597;
sh600085:27.570,27.710,27.780,27.400,6932370;
sh600089:6.530,6.570,6.590,6.480,33522232;
sh600093:14.140,14.220,14.150,13.670,37120377;
sh600097:9.320,9.390,9.400,9.260,1763722;
sh600098:5.990,6.040,6.030,5.980,2819179;
sh600100:9.470,9.510,9.570,9.280,66658594;
sh600104:22.900,23.000,23.100,22.680,20706272;
sh600105:4.150,4.220,4.200,4.090,18595602;
sh600106:2.770,2.820,2.800,2.770,10645976;
sh600109:10.070,11.180,10.550,10.020,318075996;
sh600114:14.700,14.940,15.200,14.040,69235824;
sh600116:7.390,7.470,7.440,7.300,6092221;
sh600118:36.300,37.480,37.770,35.300,56042131;
sh600125:5.330,5.380,5.340,5.250,19500094;
sh600126:4.530,4.560,4.560,4.490,10233962;
sh600129:12.440,12.330,12.530,12.060,6665921;
sh600131:19.000,19.010,19.100,18.660,12814883;
sh600132:49.990,50.220,50.660,49.500,4137911;
sh600133:5.120,5.150,5.150,5.040,14231925;
sh600138:11.290,11.480,11.600,11.240,40673963;
sh600141:10.800,10.690,10.830,10.470,32744069;
sh600143:8.820,9.000,8.950,8.710,83527087;
sh600150:20.100,20.270,20.220,19.900,10751629;
sh600153:8.120,8.220,8.150,8.080,20236116;
sh600158:9.770,9.830,9.840,9.660,13827796;
sh600170:3.260,3.320,3.280,3.250,34578138;
sh600171:21.700,21.780,22.270,20.820,73249489;
sh600176:10.190,10.310,10.280,10.100,35340123;
sh600177:6.770,6.840,6.800,6.740,17610224;
sh600183:27.460,27.950,27.860,26.880,57038397;
sh600195:12.170,12.120,12.340,11.960,21666402;
sh600196:26.050,26.260,26.250,25.950,21227303;
sh600216:14.440,14.470,14.660,14.300,26142792;
sh600217:5.680,5.680,5.710,5.550,17627811;
sh600219:2.200,2.230,2.220,2.190,102646155;
sh600233:14.710,14.900,15.020,14.640,16871841;
sh600252:3.180,3.220,3.210,3.160,24807719;
sh600256:2.960,2.990,2.970,2.930,42548140;
sh600258:17.880,18.540,18.690,17.880,23559560;
sh600260:13.140,13.220,13.380,12.880,38808932;
sh600261:4.300,4.360,4.310,4.240,16613214;
sh600269:3.750,3.800,3.790,3.740,10217301;
sh600271:23.360,23.510,23.490,22.950,24669778;
sh600276:90.180,90.800,91.080,89.250,15786103;
sh600284:6.390,6.440,6.440,6.370,11460641;
sh601658:5.500,5.560,5.510,5.480,89869849;
sh600969:6.160,6.270,6.230,6.130,4209112;
sh600297:3.480,3.570,3.510,3.440,51776015;
sh600298:28.380,28.920,29.270,28.130,14757957;
sh600299:10.830,10.940,10.910,10.700,7067729;
sh600305:16.700,17.700,17.790,16.650,31969188;
sh600309:51.020,51.620,51.680,50.950,18363304;
sh600312:6.220,6.300,6.300,6.150,11498680;
sh600315:27.390,27.640,27.640,27.090,11971491;
sh600316:14.000,13.840,14.040,13.550,18779700;
sh600320:3.400,3.440,3.420,3.380,9179022;
sh600325:6.910,7.100,6.970,6.880,27437699;
sh600332:37.000,36.720,37.000,36.280,19795877;
sh600340:24.720,24.890,24.880,24.560,12646929;
sh600343:8.880,9.000,9.060,8.800,18696561;
sh600345:20.810,20.960,21.360,20.190,7076069;
sh600350:4.260,4.330,4.350,4.260,11400844;
sh600352:13.220,14.000,13.580,13.220,129175027;
sh600361:3.680,3.720,3.720,3.650,7159881;
sh600362:14.700,14.890,14.760,14.420,41705565;
sh600369:5.140,5.390,5.210,5.110,103876266;
sh600372:14.760,14.650,14.820,14.330,15710826;
sh600376:7.050,7.100,7.050,6.970,9102236;
sh600377:10.380,10.480,10.450,10.370,11396179;
sh600380:10.570,10.620,10.670,10.510,19511806;
sh600383:13.820,13.990,13.820,13.430,38639120;
sh600388:11.320,11.450,11.320,11.060,25047405;
sh600390:8.150,8.400,8.210,8.030,38343970;
sh600391:17.030,17.680,17.890,16.610,52910436;
sh600406:19.430,19.650,19.580,19.200,28111882;
sh600410:10.880,10.990,11.020,10.630,83382997;
sh600418:4.710,4.760,4.760,4.680,22282681;
sh600420:9.610,9.680,9.700,9.470,13299477;
sh600422:10.770,10.860,10.850,10.650,19453802;
sh600428:3.330,3.410,3.370,3.310,11768954;
sh600435:8.400,8.600,8.460,8.310,29906681;
sh600436:125.500,126.390,126.950,125.200,4413064;
sh600439:3.140,3.190,3.160,3.110,12939998;
sh600446:19.920,21.910,20.230,19.670,73093993;
sh600452:17.090,17.160,17.490,17.070,4046485;
sh600460:20.260,20.630,20.840,19.700,120239243;
sh600477:4.030,4.150,4.200,4.030,58898957;
sh600482:18.680,18.730,18.750,18.350,5452868;
sh600483:8.200,8.250,8.260,8.150,6147035;
sh600486:69.130,70.010,70.770,69.130,4354158;
sh600487:16.300,16.420,16.430,16.020,44216913;
sh600489:8.420,8.410,8.440,8.310,45003549;
sh600496:3.260,3.280,3.320,3.240,19925420;
sh600497:3.950,4.020,3.980,3.890,47519983;
sh600498:25.710,25.840,25.980,25.240,17319426;
sh600500:6.110,6.080,6.130,5.880,35220534;
sh600507:9.220,9.390,9.410,9.140,26540490;
sh600511:28.080,28.180,28.320,28.010,5631030;
sh600516:11.120,11.090,11.130,10.870,84899103;
sh600519:1096.700,1118.000,1124.000,1095.410,4557948;
sh600522:8.400,8.360,8.500,8.160,71983175;
sh600529:34.660,35.320,35.230,33.680,6014761;
sh600535:15.720,15.870,15.880,15.630,16116551;
sh600536:77.580,77.500,78.730,75.880,27105995;
sh600545:5.720,5.770,5.770,5.670,11255143;
sh600547:35.450,35.270,35.710,35.080,60421366;
sh600548:10.080,10.320,10.310,10.080,9022972;
sh600557:14.560,14.390,14.560,14.180,9684939;
sh600563:59.290,59.430,60.100,58.040,3892603;
sh600565:3.020,3.050,3.030,2.980,28266494;
sh600566:24.410,24.600,24.630,24.260,7361912;
sh600570:97.010,104.890,98.410,100.060,43026554;
sh600571:10.560,11.060,10.820,10.460,28231708;
sh600572:6.350,6.320,6.420,6.250,61830727;
sh600577:2.960,2.950,2.960,2.850,63924633;
sh600578:2.870,2.870,2.900,2.840,8308422;
sh600580:14.670,15.250,15.080,14.250,81653692;
sh600582:2.950,3.010,2.980,2.940,25648557;
sh600583:6.750,7.020,6.940,6.730,38164367;
sh600584:30.230,30.300,30.880,28.900,97034851;
sh600585:52.480,52.450,52.660,51.510,25533424;
sh600588:43.130,43.290,44.270,42.450,51282184;
sh600590:5.740,5.820,5.790,5.650,14637809;
sh600597:11.380,11.790,11.690,11.330,21023322;
sh600598:12.170,12.690,12.480,11.910,80872533;
sh600600:45.520,46.500,46.570,45.510,13047026;
sh600606:6.050,6.120,6.080,5.980,52377668;
sh600611:3.700,3.800,3.800,3.690,14442562;
sh600612:47.880,47.420,48.290,46.880,2338146;
sh600616:4.550,4.640,4.650,4.550,5101413;
sh600618:9.050,8.910,9.050,8.740,12284851;
sh600619:7.950,8.050,8.010,7.880,3640555;
sh600622:3.860,3.920,3.900,3.750,53236338;
sh600633:9.750,9.640,9.830,9.290,35688949;
sh600635:4.410,4.550,4.460,4.380,43974974;
sh600637:11.180,11.200,11.240,10.970,30359463;
sh600642:5.440,5.490,5.480,5.420,9009042;
sh600643:8.870,9.230,8.930,8.760,34122771;
sh600648:15.670,15.960,15.720,15.510,3793095;
sh600650:9.150,9.460,9.340,9.120,4605750;
sh600655:7.480,7.590,7.520,7.450,6549780;
sh600657:3.510,3.550,3.520,3.480,8532868;
sh600658:4.470,4.920,4.610,4.470,13855999;
sh600660:24.700,25.090,24.950,24.600,14928608;
sh600663:12.080,12.150,12.170,11.890,4946328;
sh600667:12.520,13.080,12.950,12.050,147535482;
sh600674:9.080,9.150,9.090,9.030,6256812;
sh600685:13.950,14.100,14.160,13.710,7183670;
sh600686:6.790,6.930,6.940,6.770,5033273;
sh600688:3.650,3.690,3.670,3.640,11625030;
sh600690:18.210,18.890,18.750,18.100,50469291;
sh600699:28.200,27.800,28.200,27.000,56534135;
sh600702:26.230,26.890,26.970,26.200,12761987;
sh600703:26.060,27.550,26.350,25.610,173187085;
sh600704:5.230,5.250,5.260,5.160,62159497;
sh600705:4.480,4.640,4.510,4.430,80656728;
sh600713:4.740,4.760,4.770,4.670,13642710;
sh600717:5.690,5.780,5.750,5.680,11153957;
sh600718:13.080,13.240,13.170,12.820,20796473;
sh600720:12.330,12.420,12.370,12.080,22253158;
sh600723:5.580,5.700,5.610,5.560,12481527;
sh600728:10.330,10.200,10.460,10.010,63315224;
sh600729:26.780,27.190,27.350,26.670,6940745;
sh600733:6.580,6.750,6.840,6.500,33760243;
sh600741:27.660,28.410,27.690,27.100,23341601;
sh600743:2.220,2.260,2.250,2.220,7686835;
sh600745:131.800,136.750,135.080,128.980,28894041;
sh600749:9.270,9.470,9.530,9.270,4210318;
sh600750:13.000,13.100,13.090,12.850,7631915;
sh600754:28.360,29.730,30.180,27.800,13022596;
sh600760:28.710,28.880,28.920,28.200,15996118;
sh600761:9.900,10.050,10.040,10.000,6351069;
sh600763:103.000,108.340,108.140,102.580,6375061;
sh600765:9.930,10.080,10.050,10.010,16335925;
sh600775:9.260,9.260,9.270,8.990,16175658;
sh600776:19.220,19.400,19.470,18.850,26758960;
sh600779:46.400,47.710,48.000,46.400,6602084;
sh600787:4.830,4.900,4.870,4.790,12914763;
sh600789:12.190,11.700,12.200,11.380,132597436;
sh600790:3.190,3.230,3.200,3.170,9184963;
sh600794:3.510,3.540,3.540,3.460,20618906;
sh600795:2.140,2.160,2.160,2.130,60827066;
sh600797:9.560,9.770,9.680,9.400,48485727;
sh600798:3.250,3.300,3.300,3.230,7609305;
sh600801:22.800,23.160,23.080,22.390,33287478;
sh600803:10.540,10.590,10.720,10.390,12190384;
sh600804:6.150,6.260,6.410,6.100,60533567;
sh600805:4.690,4.750,4.700,4.640,7094560;
sh600809:87.630,91.230,91.100,87.320,7439314;
sh600812:9.020,8.970,9.120,8.830,31942674;
sh600814:4.930,5.050,4.940,4.900,4055148;
sh600816:3.190,3.480,3.230,3.150,183976035;
sh600820:5.560,5.630,5.580,5.530,16314752;
sh600823:4.140,4.160,4.150,4.100,14069750;
sh600826:10.620,10.790,10.680,10.520,2491590;
sh600827:7.940,8.050,7.950,7.850,9207350;
sh600835:15.450,15.650,15.460,15.320,8385362;
sh600837:14.850,15.520,15.060,14.750,185622389;
sh600839:2.680,2.840,2.720,2.670,115932932;
sh600845:47.300,46.770,47.370,45.400,15757967;
sh600848:21.620,21.830,21.770,21.340,7770627;
sh600850:28.280,28.400,28.580,27.800,10056316;
sh600859:12.550,12.850,12.830,12.510,8492959;
sh600872:37.610,39.280,38.530,37.560,15854298;
sh600873:4.330,4.420,4.370,4.310,31555073;
sh600875:9.890,10.510,10.150,10.030,67808924;
sh600884:14.500,14.720,14.800,14.360,36165838;
sh600886:8.120,8.210,8.180,8.090,13229945;
sh600887:30.490,31.090,31.200,30.350,56850227;
sh603551:18.130,18.260,18.470,17.810,3704295;
sh600893:25.710,25.070,25.710,24.550,74580924;
sh600895:14.130,14.200,14.140,13.870,16717247;
sh600897:20.490,20.840,20.840,20.360,1583484;
sh600900:17.500,17.620,17.530,17.450,13726485;
sh600958:10.160,10.840,10.330,10.130,92591483;
sh600967:10.400,10.560,10.510,10.330,12509599;
sh600970:6.080,6.200,6.120,6.040,27401670;
sh600975:8.200,8.110,8.310,7.980,32581619;
sh600987:6.030,6.120,6.080,6.010,5827171;
sh600993:16.850,17.060,17.080,16.740,8135158;
sh600995:7.320,7.480,7.480,7.310,9219287;
sh600998:16.370,16.210,16.450,16.030,10526561;
sh600999:18.450,19.320,18.730,18.300,42647770;
sh601003:5.130,5.160,5.150,5.070,8485128;
sh601006:7.370,7.420,7.400,7.350,25015888;
sh601007:8.210,8.540,8.470,8.210,3837761;
sh601009:7.960,8.110,7.990,7.930,45887681;
sh601010:3.060,3.140,3.080,3.050,12737985;
sh601012:32.800,33.250,33.280,32.150,53143902;
sh601018:3.410,3.470,3.440,3.400,20721255;
sh601021:39.530,39.990,40.660,39.530,10101899;
sh601038:6.570,6.550,6.620,6.400,19294005;
sh601088:16.660,16.760,16.730,16.560,26145932;
sh601099:3.460,3.660,3.520,3.450,280277685;
sh601107:3.580,3.660,3.630,3.580,8315520;
sh601111:8.320,8.390,8.490,8.240,108189157;
sh601116:12.840,12.830,12.840,12.610,4759900;
sh601117:7.130,7.320,7.210,7.080,37903306;
sh601137:12.750,13.150,13.350,12.750,19005538;
sh601139:6.820,6.860,6.860,6.700,16958037;
sh601158:5.410,5.450,5.430,5.390,4310655;
sh601166:17.950,18.150,17.980,17.850,71116659;
sh601169:5.270,5.320,5.290,5.230,58559713;
sh601186:9.300,9.380,9.300,9.210,47461796;
sh601198:12.380,12.910,12.430,12.200,48134319;
sh601211:17.650,18.460,17.850,17.560,77734333;
sh601216:2.960,2.990,3.000,2.920,54617445;
sh601231:24.000,24.360,24.900,23.500,57809346;
sh601238:11.100,11.300,11.260,11.050,14094373;
sh601288:3.480,3.510,3.490,3.460,193776133;
sh601360:24.540,24.970,24.830,23.970,21855966;
sh601318:82.000,83.280,82.140,81.350,81564917;
sh601328:5.310,5.350,5.330,5.290,78449860;
sh601333:2.690,2.710,2.700,2.680,24521051;
sh601336:47.020,48.410,47.150,46.600,25371192;
sh601377:6.820,7.300,6.890,6.760,179616620;
sh601390:5.340,5.380,5.360,5.310,62356843;
sh601398:5.480,5.510,5.480,5.440,270914307;
sh601519:8.530,9.540,8.850,8.380,202843236;
sh601555:9.520,10.080,9.650,9.360,111423003;
sh601579:8.220,8.300,8.340,8.170,977376;
sh601588:2.850,2.890,2.860,2.820,23418135;
sh601600:3.200,3.230,3.220,3.170,61035566;
sh601601:33.890,34.600,33.980,33.650,44602755;
sh601607:20.160,20.030,20.170,19.800,32561875;
sh601618:2.540,2.580,2.560,2.540,65485680;
sh601628:31.420,31.990,31.420,30.860,31034371;
sh601633:8.610,8.600,8.620,8.460,19863476;
sh601636:5.360,5.420,5.440,5.350,35730175;
sh601668:5.400,5.430,5.410,5.310,251087342;
sh601669:4.000,4.040,4.030,3.970,30377703;
sh601688:19.530,20.450,19.850,19.530,183745605;
sh601717:6.110,6.240,6.280,6.100,26707512;
sh601718:3.990,4.050,4.110,3.980,56999840;
sh601766:6.390,6.470,6.430,6.350,73773939;
sh601788:12.400,13.080,12.560,12.300,54661390;
sh601800:7.960,8.070,8.010,7.890,65859431;
sh601801:5.150,5.210,5.190,5.120,6626319;
sh601808:17.970,18.040,18.150,17.850,5986219;
sh601857:5.350,5.380,5.360,5.320,103512460;
sh601872:5.660,5.890,5.850,5.660,86171010;
sh601877:28.450,30.270,30.100,28.230,36123132;
sh601880:1.810,1.840,1.820,1.800,30415410;
sh601888:84.840,85.800,86.830,84.600,22031122;
sh601890:5.550,5.580,5.610,5.450,17253366;
sh601899:4.570,4.590,4.580,4.500,211715098;
sh601901:7.940,8.430,8.070,7.880,118392736;
sh601919:4.400,4.480,4.440,4.380,28775201;
sh601928:7.200,7.280,7.230,7.070,14215824;
sh601933:9.140,9.160,9.250,9.030,83143741;
sh601939:6.710,6.760,6.720,6.640,120735281;
sh601965:8.670,8.660,8.800,8.600,6968922;
sh601985:4.770,4.800,4.780,4.730,23035528;
sh601988:3.610,3.630,3.620,3.590,92058631;
sh601989:4.660,4.670,4.690,4.580,81619979;
sh601991:2.180,2.230,2.220,2.170,14766053;
sh601992:3.350,3.380,3.400,3.320,32444827;
sh601998:5.620,5.710,5.640,5.590,23173019;
sh603000:21.800,22.620,22.300,21.760,42519050;
sh603005:110.670,116.990,115.000,105.300,22040323;
sh603008:14.310,14.190,14.700,14.080,10456569;
sh603011:6.000,6.240,6.240,5.800,22181941;
sh603019:48.490,48.960,49.530,47.800,36460598;
sh603026:41.230,41.510,42.670,41.150,32887487;
sh603066:8.660,8.920,8.980,8.630,12236013;
sh603100:8.730,8.830,8.810,8.650,2169873;
sh603118:14.710,15.170,14.930,14.230,54351017;
sh603128:5.770,5.840,5.810,5.670,20370990;
sh603169:5.250,5.280,5.280,5.160,13553805;
sh603198:17.380,17.830,17.830,17.380,8178971;
sh603199:22.710,23.240,23.660,22.710,1728400;
sh603288:104.000,105.880,105.320,103.400,4616561;
sh603306:14.360,14.580,14.660,14.240,1811025;
sh603328:12.510,12.690,12.650,12.300,26802714;
sh603338:74.450,74.700,74.880,73.250,1558766;
sh603355:23.530,24.600,23.900,23.530,2888415;
sh603368:34.810,34.800,34.850,34.350,3942336;
sh603369:29.960,31.970,31.450,29.960,20558676;
sh603398:9.590,9.620,9.630,9.400,4373792;
sh603589:46.070,48.360,47.480,46.070,9199226;
sh603598:16.130,15.980,16.350,15.700,14245293;
sh603599:15.730,15.710,15.840,15.520,6774870;
sh603606:11.760,11.860,11.870,11.610,9149678;
sh603636:14.610,14.800,14.970,14.380,30782420;
sh603678:29.310,30.200,30.310,28.660,35168995;
sh603686:12.530,12.550,12.600,12.350,15761882;
sh603696:7.940,8.120,8.040,7.890,3577193;
sh603698:11.750,12.230,11.850,11.660,5615914;
sh603699:12.520,12.710,12.520,12.380,4796029;
sh603718:17.700,17.810,18.130,17.580,13772998;
sh603766:3.540,3.600,3.600,3.540,17130360;
sh603799:48.000,46.300,48.630,45.200,100443977;
sh603806:53.900,52.110,53.900,50.100,3386246;
sh603866:38.050,40.740,39.500,37.900,5740954;
sh603883:70.050,70.690,71.180,69.540,1654357;
sh603885:12.900,13.330,13.460,12.850,28808417;
sh603889:5.370,5.450,5.440,5.360,2414560;
sh603898:15.160,15.370,15.300,15.050,970972;
sh603899:47.130,48.030,47.520,46.710,3803315;
sh603939:83.370,83.040,84.650,82.060,2784134;
sh603993:4.780,4.680,4.820,4.590,444636755;
sh603225:11.220,11.310,11.290,11.090,3334161;
sh603195:183.940,183.200,187.600,180.100,20835675;
sh601816:7.450,7.600,7.580,7.400,284178007;
sh600673:8.860,8.750,8.860,8.630,24455491;
sh601916:4.290,4.390,4.310,4.280,122283540;
sh603027:21.810,22.620,22.650,21.790,7196119;
sh603520:47.100,47.200,47.950,47.010,1740954;
sh603868:36.600,36.850,36.930,36.280,1005548;
sh603737:92.100,97.930,94.250,91.380,2168714;
sh601611:6.530,6.600,6.560,6.480,11935162;
sh601127:9.510,9.700,9.600,9.420,3335558;
sh601966:23.780,24.070,23.980,23.650,6046379;
sh603322:18.550,18.650,18.700,18.270,3265632;
sh600919:6.610,6.710,6.630,6.590,41881390;
sh601811:12.180,12.360,12.340,12.070,2397528;
sh600977:13.610,14.400,14.550,13.610,36398701;
sh603986:341.000,375.240,363.000,339.000,7380165;
sh603658:116.750,117.920,117.420,115.500,1332025;
sh603189:24.810,26.570,26.570,24.810,8412437;
sh600908:5.150,5.250,5.180,5.120,17546093;
sh603421:17.230,17.530,17.490,16.900,7749562;
sh603777:10.890,11.460,11.250,10.800,6739003;
sh603816:42.950,44.100,44.360,42.880,4188469;
sh603160:346.960,359.000,358.580,336.300,6255736;
sh603258:32.400,31.990,32.600,31.160,6693423;
sh603290:57.620,57.620,57.620,57.620,168035;
sh601229:8.820,8.900,8.840,8.790,22671819;
sh603858:20.800,20.870,20.880,20.570,12125535;
sh603727:21.780,21.950,21.960,21.420,2744800;
sh603900:8.280,8.420,8.420,8.250,2108737;
sh600909:7.300,8.000,7.440,7.250,206790243;
sh603990:54.700,55.200,55.000,53.220,3345838;
sh603708:24.590,24.910,24.660,24.420,3013817;
sh603416:30.410,30.900,31.260,30.260,1337610;
sh600996:9.220,9.700,9.540,9.200,50602817;
sh603298:13.080,13.270,13.190,13.020,2884770;
sh603218:20.680,21.150,20.750,20.340,3323625;
sh603929:15.810,15.870,16.040,15.400,5699597;
sh603186:52.610,54.670,55.000,52.580,3602577;
sh603444:413.800,416.500,423.000,409.000,1055285;
sh603228:49.300,50.050,50.270,48.800,5949796;
sh603690:42.500,42.100,43.400,39.910,9726601;
sh603039:87.990,86.640,89.700,85.600,1180497;
sh603337:21.880,22.070,22.150,21.700,2210497;
sh601881:10.820,11.470,10.900,10.730,109588588;
sh603881:49.060,49.120,50.200,47.500,8898578;
sh603208:82.300,82.920,83.900,81.180,882747;
sh600939:4.240,4.290,4.270,4.200,5843400;
sh603501:190.000,203.800,199.000,190.000,8860813;
sh603517:39.940,41.490,40.830,39.500,9534264;
sh603960:36.210,37.830,36.780,35.700,3405095;
sh603630:13.090,13.210,13.230,12.870,3448356;
sh603138:27.960,27.700,27.960,26.800,10097353;
sh603803:14.080,14.270,14.190,13.780,12429863;
sh603232:53.440,54.310,54.970,52.600,2378517;
sh603920:28.290,28.050,28.470,27.150,16930824;
sh603078:46.000,46.080,47.000,44.100,7221783;
sh601200:11.690,11.730,11.760,11.500,11226154;
sh603303:9.500,9.640,9.570,9.460,2329842;
sh603833:121.000,120.200,122.750,119.260,1103099;
sh601228:3.380,3.450,3.420,3.380,12526681;
sh603345:59.880,61.750,62.000,58.890,1982743;
sh601952:7.570,7.710,7.660,7.450,43680924;
sh603383:71.390,78.520,72.280,70.540,5548282;
sh603496:32.180,31.100,32.680,30.000,9039931;
sh603226:15.660,16.110,15.980,15.660,3389223;
sh603980:7.480,7.740,7.660,7.480,8563162;
sh601878:10.650,11.460,10.740,10.510,148356330;
sh603043:27.850,28.700,28.660,27.320,4214926;
sh603801:21.760,22.120,21.850,21.600,2199739;
sh603387:36.300,36.520,37.260,35.480,16717832;
sh603707:52.840,52.900,53.770,52.100,2071311;
sh603825:29.120,28.870,29.620,27.730,6414784;
sh603978:24.600,24.810,25.000,24.350,4109500;
sh603602:22.770,22.990,22.980,22.380,8126967;
sh601326:2.820,2.860,2.850,2.810,10410976;
sh603129:45.410,46.630,45.900,44.320,1994332;
sh601949:6.070,6.150,6.130,6.010,13450308;
sh603127:71.320,72.150,72.390,71.150,2084401;
sh603183:9.550,9.740,9.700,9.550,2499035;
sh603882:55.040,55.180,55.680,53.940,5782153;
sh603277:9.690,9.850,9.760,9.600,1481726;
sh603386:16.180,16.790,16.790,16.030,6595316;
sh603648:9.040,9.160,9.100,8.960,4141200;
sh603321:7.510,7.550,7.550,7.390,3754300;
sh603106:7.870,8.360,8.040,7.850,25273560;
sh603533:16.950,18.280,18.280,16.950,14470558;
sh603363:16.000,15.990,16.280,15.720,9443157;
sh603466:14.730,14.900,14.990,14.530,4327555;
sh601108:10.850,11.750,11.090,10.820,213789981;
sh603607:19.910,20.280,20.100,19.820,2010780;
sh603260:29.720,29.890,30.380,29.540,6523035;
sh603289:8.680,8.760,8.750,8.610,2246280;
sh603912:14.880,15.800,15.160,14.810,8986730;
sh603856:10.950,11.010,11.070,10.850,4501381;
sh600903:12.770,12.880,12.850,12.630,10858620;
sh603083:35.180,36.300,36.380,35.050,8922159;
sh603605:116.630,119.390,119.500,114.800,1244448;
sh603619:14.560,14.600,14.730,14.390,10465023;
sh603365:14.810,14.910,14.910,14.640,2239679;
sh603711:23.900,24.130,24.650,23.700,4154955;
sh603848:15.200,15.300,15.850,15.040,9309861;
sh600025:3.910,3.930,3.920,3.880,24441660;
sh603283:51.400,49.800,54.800,48.780,11834790;
sh603329:12.090,12.220,12.220,11.950,2224368;
sh603080:14.850,14.890,14.890,14.620,1646000;
sh601155:34.000,34.220,34.200,33.450,14075632;
sh603180:64.000,65.200,65.490,63.900,939199;
sh603056:11.350,11.610,11.630,11.180,15936193;
sh601828:10.950,11.070,11.030,10.870,9203608;
sh601838:8.320,8.490,8.340,8.290,30790220;
sh603156:26.450,26.780,26.780,26.340,2860899;
sh600901:5.640,5.830,5.700,5.620,28015429;
sh603214:37.580,38.400,38.170,37.580,1185454;
sh603259:110.480,111.000,111.850,109.800,9201654;
sh603486:27.450,28.000,27.500,26.080,8559131;
sh601138:18.590,18.810,18.750,18.230,98006799;
sh601330:10.230,10.220,10.290,10.070,9850302;
sh601066:32.880,35.470,33.080,32.260,118118250;
sh601869:31.960,32.190,32.240,31.500,3357788;
sh601577:8.350,8.570,8.390,8.330,20313513;
sh601162:6.240,6.880,6.330,6.180,366377972;
sh603220:20.090,20.290,20.400,19.780,6431007;
sh601319:7.190,7.540,7.200,7.080,172847977;
sh603187:36.000,37.130,36.560,35.720,4893485;
sh601860:4.660,4.870,4.700,4.600,81701279;
sh603121:18.930,19.430,19.320,18.810,7788540;
sh603739:24.310,24.600,24.680,24.310,2752844;
sh601598:3.800,3.850,3.830,3.780,27141381;
sh600928:6.480,6.760,6.530,6.440,44095204;
sh603068:122.730,122.880,126.070,114.500,6490203;
sh600968:2.640,2.710,2.650,2.620,99058623;
sh601698:19.740,19.950,20.300,19.010,83790465;
sh603236:241.500,244.280,244.000,230.060,1351219;
sh603983:76.980,76.990,77.750,75.010,2150744;
sh603613:117.510,113.000,121.500,109.000,3624722;
sh603267:63.650,64.700,64.350,62.320,5398248;
sh603093:26.800,28.620,28.200,26.050,36121433;
sh603927:80.000,79.700,80.680,77.130,7733071;
sz000006:4.840,4.880,4.860,4.800,10667332;
sz000007:8.200,8.180,8.240,8.070,6348751;
sz000008:3.280,3.300,3.300,3.220,37345368;
sz000009:7.980,8.030,8.180,7.680,272614818;
sz000011:8.140,8.260,8.190,8.080,3946877;
sz000017:3.900,3.950,3.920,3.850,6551430;
sz000023:11.750,11.850,11.890,11.660,2402822;
sz000025:19.400,19.450,19.450,19.090,6108632;
sz000028:46.500,47.320,47.490,46.420,3440140;
sz000036:3.720,3.760,3.730,3.700,8731353;
sz000038:10.380,10.440,10.540,10.250,9337858;
sz000045:8.120,8.400,8.120,7.740,28701248;
sz000050:17.090,17.990,17.250,16.860,94247658;
sz000055:4.440,4.480,4.480,4.360,8575059;
sz000058:6.960,7.110,7.020,6.860,21847147;
sz000059:5.730,5.780,5.770,5.630,18901279;
sz000061:5.770,5.850,5.820,5.620,26508536;
sz000068:3.620,3.720,3.680,3.590,17051832;
sz000078:5.000,4.890,5.020,4.800,159801816;
sz000150:4.220,4.310,4.270,4.180,13939712;
sz000151:8.870,8.990,8.880,8.760,4868629;
sz000155:5.000,4.960,5.040,4.880,23075077;
sz000301:4.880,4.950,4.880,4.840,10362592;
sz000402:7.170,7.260,7.210,7.110,10287108;
sz000415:3.500,3.580,3.690,3.450,65080541;
sz000416:4.900,5.240,4.990,4.870,26774478;
sz000421:4.180,4.260,4.220,4.160,2180622;
sz000430:5.000,5.440,5.100,4.910,17372249;
sz000498:4.280,4.310,4.280,4.240,8526815;
sz000501:11.360,11.890,12.260,11.360,20797390;
sz000503:15.390,15.910,15.940,15.320,32060717;
sz000505:5.670,5.850,5.840,5.670,16279391;
sz000506:2.740,2.760,2.760,2.710,24916044;
sz000507:5.270,5.350,5.300,5.230,10957884;
sz000510:4.220,4.310,4.220,4.110,25104007;
sz000514:4.050,4.080,4.070,3.990,7864021;
sz000517:2.770,2.810,2.800,2.730,21140946;
sz000518:5.610,5.410,5.630,5.190,73882388;
sz000523:7.130,7.190,7.210,7.050,12345491;
sz000525:9.800,9.910,9.960,9.660,23441354;
sz000526:29.960,30.490,30.600,29.770,1633761;
sz000529:6.780,6.840,6.910,6.730,9538856;
sz000530:3.780,3.990,4.070,3.780,28425349;
sz000531:6.210,6.440,6.350,6.210,7152951;
sz000532:11.050,11.380,11.170,10.910,13705164;
sz000533:2.630,2.680,2.670,2.620,8699059;
sz000536:2.320,2.550,2.350,2.300,145507328;
sz000537:6.880,6.890,6.880,6.760,11967333;
sz000540:4.220,4.330,4.340,4.030,516592101;
sz000543:4.180,4.250,4.200,4.160,22128888;
sz000544:6.230,6.310,6.230,6.140,6324074;
