sh600079:15.970,17.570,17.370,15.850,82367334;
sh600310:3.690,3.720,3.690,3.620,6406678;
sh603002:3.990,4.080,4.070,3.990,9982755;
sh603032:17.370,19.100,17.480,17.100,4930337;
sh600745:115.490,118.300,119.200,115.400,20331798;
sh600812:9.870,10.180,10.500,10.100,131708609;
sh600816:2.930,3.010,2.950,2.820,144576704;
sh601555:8.210,8.370,8.240,8.110,44641819;
sh600745:115.490,118.300,119.200,115.400,20331798;
sh600812:9.870,10.180,10.500,10.100,131708609;
sh600816:2.930,3.010,2.950,2.820,144576704;
sh601555:8.210,8.370,8.240,8.110,44641819;
sh601162:5.650,5.850,5.750,5.600,141485515;
sz000901:10.410,11.300,11.060,10.370,22865276;
sz002079:11.500,11.610,11.700,11.320,72135415;
sz002308:4.670,5.170,5.170,4.660,26894036;
sz000977:36.810,39.790,38.800,36.710,97530579;
sz002884:15.260,15.700,15.560,15.260,3581542;
