sh600048:15.300,14.870,15.350,14.700,69537191;
sh600053:23.670,23.260,23.780,23.260,1963100;
sh600061:12.460,12.250,12.500,12.240,9903118;
sh600063:3.790,3.710,3.810,3.690,18661768;
sh600071:8.620,8.610,8.730,8.510,1171379;
sh600076:3.790,3.830,3.860,3.790,6839402;
sh600077:2.780,2.800,2.850,2.780,2501078;
sh600078:5.320,5.300,5.540,5.240,84799503;
sh600081:10.690,10.490,10.700,10.440,2637732;
sh600082:3.400,3.380,3.440,3.360,4032901;
sh600090:4.000,3.960,4.020,3.950,7432200;
sh600101:5.920,5.880,5.960,5.880,1195530;
sh600111:8.600,8.990,8.630,8.530,52427194;
sh600113:6.090,6.150,6.210,6.060,4225635;
sh600115:4.190,4.130,4.200,4.100,24722702;
sh600120:8.590,8.550,8.600,8.470,5462317;
sh600146:10.330,10.170,10.490,10.080,6574040;
sh600151:4.290,4.230,4.320,4.200,5632740;
sh600156:4.640,4.490,4.640,4.440,9969200;
sh600160:6.890,6.780,6.930,6.760,22078268;
sh600161:35.200,36.380,35.900,35.050,8756501;
sh600162:2.050,2.030,2.070,2.030,6890750;
sh600169:2.090,2.050,2.090,2.040,11501200;
sh600175:1.300,1.350,1.300,1.270,83909898;
sh600197:12.910,13.250,13.140,12.840,6518157;
sh600199:5.060,5.150,5.170,5.020,6907979;
sh600200:6.870,6.630,6.890,6.610,19877144;
sh600203:8.900,8.540,8.940,8.420,24739800;
sh600206:12.270,11.980,12.360,11.810,36951946;
sh600207:4.150,4.110,4.220,4.090,3025466;
sh600208:3.090,3.020,3.090,3.010,39002146;
sh600213:7.250,7.450,7.350,7.200,6023339;
sh600218:8.410,8.360,8.450,8.300,4397891;
sh600221:1.580,1.550,1.580,1.550,56215426;
sh600223:7.050,6.700,7.050,6.700,27343395;
sh600226:2.230,2.230,2.260,2.210,23100194;
sh600227:3.020,3.030,3.040,2.980,9799589;
sh600235:4.380,4.330,4.400,4.330,3773800;
sh600236:4.550,4.570,4.570,4.530,2494790;
sh600242:8.700,7.700,8.770,7.700,55382335;
sh600246:6.600,6.780,6.820,6.570,17475178;
sh600262:14.970,15.350,14.970,14.790,900908;
sh600266:6.820,6.760,6.830,6.720,7398620;
sh600267:14.630,14.160,14.650,14.050,61561286;
sh600268:6.060,5.870,6.090,5.830,17273161;
sh600278:9.470,9.250,9.530,9.200,4308744;
sh600279:3.730,3.730,3.730,3.700,2920289;
sh600283:9.760,10.130,9.890,9.580,10377748;
sh600285:8.410,8.300,8.460,8.270,5011434;
sh600288:11.080,10.910,11.130,10.900,1872924;
sh600291:7.350,7.320,7.370,7.150,10658534;
sh600293:2.750,2.670,2.770,2.660,11260300;
sh600300:3.080,3.310,3.380,3.060,113170982;
sh600310:3.700,3.680,3.730,3.680,3393052;
sh600311:2.590,2.500,2.600,2.500,21356172;
sh600313:3.840,4.300,4.300,3.740,178587415;
sh600317:2.150,2.160,2.160,2.150,5828725;
sh600322:2.580,2.540,2.580,2.520,12189200;
sh600323:20.200,19.960,20.320,19.840,5436682;
sh600326:6.700,6.590,6.710,6.580,8129661;
sh600336:4.900,4.770,4.940,4.750,11365898;
sh600337:4.240,4.120,4.270,4.080,25271420;
sh600338:7.740,7.860,7.900,7.690,9580280;
sh600339:2.630,2.650,2.650,2.630,17864053;
sh600351:5.000,4.960,5.030,4.950,3595500;
sh600353:5.530,5.160,5.550,5.130,14632667;
sh600354:3.110,3.270,3.270,3.060,38785495;
sh600355:3.130,3.100,3.190,3.100,10641300;
sh600360:7.680,7.410,7.830,7.400,56659710;
sh600363:12.840,12.710,13.030,12.630,4867301;
sh600366:6.200,6.440,6.410,6.070,146244304;
sh600371:12.630,14.100,13.550,12.510,46240336;
sh600375:4.290,4.270,4.350,4.220,4902300;
sh600381:4.640,4.680,4.660,4.580,3543226;
sh600392:6.360,6.910,6.360,6.300,44408319;
sh600393:2.600,2.580,2.610,2.560,8859702;
sh600398:6.460,6.330,6.460,6.300,7182690;
sh600419:12.350,12.810,13.290,12.180,14793153;
sh600425:3.770,3.600,3.780,3.600,23783100;
sh600429:5.370,5.590,5.620,5.310,14914359;
sh600449:12.500,12.620,12.770,12.260,18019696;
sh600455:23.850,23.420,23.850,23.400,1270600;
sh600463:6.000,6.010,6.080,5.990,1169200;
sh600466:6.250,6.030,6.290,6.000,19686232;
sh600467:2.430,2.670,2.630,2.380,110578361;
sh600476:12.470,12.270,12.470,12.210,1112600;
sh600478:3.890,3.900,3.940,3.860,9085700;
sh600479:8.660,8.660,8.690,8.600,4504360;
sh600480:8.580,8.540,8.650,8.310,6530580;
sh600481:2.990,2.960,3.000,2.950,1460600;
sh600488:4.440,4.340,4.450,4.320,5781100;
sh600495:4.900,4.950,5.040,4.840,93701436;
sh600499:4.270,4.160,4.280,4.150,6049200;
sh600501:7.960,7.800,7.960,7.770,2582373;
sh600503:3.050,3.040,3.060,3.010,9274400;
sh600505:8.940,8.900,9.110,8.900,1814603;
sh600506:8.810,9.180,9.200,8.710,8374824;
sh600517:6.680,6.620,6.830,6.560,12402603;
sh600520:9.000,8.900,9.240,8.900,1829200;
sh600525:5.210,5.170,5.230,5.150,5950179;
sh600526:5.770,6.070,6.070,5.760,7271691;
sh600527:2.420,2.360,2.430,2.350,27035100;
sh600530:3.490,3.390,3.490,3.360,6002821;
sh600533:3.190,3.110,3.200,3.100,15250755;
sh600537:3.040,3.000,3.070,3.000,3781660;
sh600549:11.150,11.330,11.170,11.010,9075096;
sh600559:8.510,8.540,8.600,8.460,7550557;
sh600562:13.720,13.480,13.800,13.460,3016624;
sh600568:1.540,1.520,1.560,1.520,21757214;
sh600573:6.200,6.390,6.290,6.130,7903164;
sh600587:17.560,17.310,17.650,17.020,8887958;
sh600593:38.850,39.330,39.120,38.650,918193;
sh600596:8.480,8.650,8.640,8.420,12191627;
sh600601:3.190,3.140,3.190,3.140,8208795;
sh600602:7.230,7.150,7.270,7.120,5144626;
sh600603:5.780,5.760,5.800,5.680,7814018;
sh600604:7.030,6.960,7.120,6.950,10547068;
sh600613:6.880,6.780,6.950,6.770,3029100;
sh600623:5.420,5.350,5.430,5.340,5953384;
sh600624:8.330,8.210,8.350,8.170,8499479;
sh600626:5.210,5.050,5.250,5.020,10864704;
sh600628:12.780,11.900,12.900,11.900,11917941;
sh600630:7.670,7.520,7.670,7.510,8632400;
sh600638:5.290,5.260,5.300,5.230,1433852;
sh600639:12.050,12.250,12.470,12.050,4573151;
sh600640:17.000,16.510,17.200,16.510,6846575;
sh600641:18.930,18.300,19.280,18.200,14929760;
sh600644:4.880,4.810,4.890,4.800,1302525;
sh600645:18.780,18.550,19.020,18.460,5139916;
sh600647:12.510,12.370,12.630,12.280,950718;
sh600649:5.520,5.490,5.640,5.430,11369728;
sh600651:3.760,3.660,3.820,3.580,15485487;
sh600661:16.020,15.880,16.070,15.810,1052575;
sh600662:3.830,3.800,3.860,3.780,3866600;
sh600668:14.200,14.100,14.220,14.010,4680045;
sh603179:20.090,19.830,20.210,19.350,1117608;
sh600671:10.680,10.810,10.820,10.670,1374700;
sh600677:4.680,4.570,4.800,4.560,16872967;
sh600678:6.860,6.480,6.860,6.380,23579211;
sh600682:8.480,8.400,8.510,8.370,6755800;
sh600683:3.800,3.720,3.830,3.710,6322923;
sh600684:3.100,3.110,3.130,3.060,2878103;
sh600689:8.100,8.060,8.180,8.020,983100;
sh600693:4.930,5.010,5.050,4.930,5382255;
sh600695:8.030,7.810,8.180,7.800,21018527;
sh600697:15.180,14.950,15.190,14.900,1305102;
sh600706:7.180,7.150,7.250,7.140,1919526;
sh600708:3.070,3.030,3.070,3.010,11549041;
sh600711:4.100,4.110,4.120,4.040,23617265;
sh600712:5.500,5.400,5.500,5.320,20446924;
sh600716:3.820,3.790,3.830,3.760,1971898;
sh600719:4.440,4.520,4.480,4.320,16003767;
sh600724:3.820,3.700,3.840,3.690,11038446;
sh600730:4.380,4.270,4.400,4.260,2659696;
sh600734:4.230,4.000,4.240,4.000,14170809;
sh600736:5.180,5.150,5.270,5.110,9391069;
sh600737:8.450,9.140,8.850,8.440,67844385;
sh600744:2.220,2.170,2.230,2.170,6777980;
sh600746:6.120,5.920,6.120,5.920,2847800;
sh600748:5.110,5.090,5.170,5.070,14810732;
sh603893:53.450,52.560,54.900,52.180,5390650;
sh600755:6.290,6.410,6.310,6.230,14602024;
sh600756:18.670,18.510,18.890,18.490,2466481;
sh600764:27.700,27.480,28.090,27.090,2712171;
sh600770:4.570,4.490,4.590,4.480,6384557;
sh600771:13.620,13.160,13.650,13.080,6394213;
sh600773:5.410,5.300,5.440,5.230,6009500;
sh600777:1.770,1.760,1.780,1.750,61548967;
sh600783:12.800,12.460,12.860,12.400,4631140;
sh600784:4.310,4.280,4.340,4.260,2421900;
sh600785:14.150,14.100,14.310,13.950,548239;
sh600796:5.570,5.680,5.670,5.560,3374408;
sh600800:5.320,5.200,5.350,5.060,20506497;
sh600802:11.290,10.740,11.290,10.680,21118783;
sh600808:2.550,2.520,2.560,2.500,29685873;
sh600818:9.790,9.550,9.790,9.550,578900;
sh600819:4.750,4.780,4.870,4.750,4756700;
sh600821:3.940,3.820,3.960,3.800,4884200;
sh600822:8.630,8.670,8.670,8.570,4633746;
sh600824:3.230,3.160,3.270,3.130,12298100;
sh600825:5.140,5.210,5.540,5.110,15645534;
sh600828:4.310,4.260,4.340,4.210,6073386;
sh600829:7.200,7.060,7.250,7.040,3702100;
sh600830:5.640,5.420,5.680,5.370,19044613;
sh600831:8.210,8.080,8.300,8.070,7300771;
sh600833:9.170,9.020,9.180,9.000,1118800;
sh600834:6.260,6.230,6.280,6.200,964000;
sh600836:5.210,5.330,5.440,5.210,12107756;
sh600838:6.020,6.300,6.190,5.950,25752809;
sh600841:6.580,6.530,6.610,6.480,864200;
sh600843:6.360,6.270,6.380,6.250,1847714;
sh600846:8.260,8.240,8.300,8.220,5875020;
sh600851:7.800,8.060,7.900,7.800,4306091;
sh600853:3.680,3.880,3.710,3.610,48372748;
sh600854:3.860,3.820,3.900,3.780,5283210;
sh600855:17.700,18.410,17.770,16.030,85632785;
sh600857:10.250,9.740,10.280,9.610,3884058;
sh600860:3.700,3.700,3.700,3.700,816300;
sh600861:9.960,10.110,10.290,10.020,2170783;
sh600862:12.200,12.060,12.400,11.920,10330888;
sh600864:6.590,6.480,6.610,6.470,17696402;
sh600865:6.150,6.350,6.190,6.070,14360031;
sh600866:5.200,5.510,5.380,5.140,47215010;
sh600867:10.710,10.610,10.740,10.570,12417921;
sh600868:3.190,3.160,3.210,3.150,14930977;
sh600869:4.390,4.230,4.410,4.230,26997900;
sh600871:2.100,2.070,2.100,2.050,36384400;
sh600874:6.960,7.150,6.980,6.860,15411150;
sh600876:13.180,13.010,13.330,13.000,3093015;
sh600879:6.560,6.370,6.620,6.360,27623218;
sh600880:3.910,3.740,3.980,3.700,39487740;
sh600882:22.110,22.920,22.420,21.580,6330517;
sh600885:27.150,27.610,27.580,26.870,8440219;
sh600888:4.280,4.220,4.290,4.180,6476379;
sh600889:5.230,5.390,5.350,5.230,3636100;
sh600894:7.140,7.280,7.390,6.990,25601248;
sh600898:5.890,5.920,6.000,5.890,1630219;
sh600917:6.340,6.340,6.390,6.290,1957300;
sh600959:3.630,3.620,3.660,3.620,8497989;
sh600962:7.820,7.950,8.140,7.740,12319449;
sh600965:8.180,8.660,8.630,8.120,23992374;
sh600966:7.950,7.830,8.120,7.800,15670605;
sh600973:4.170,4.070,4.230,4.030,19680214;
sh600976:15.520,15.550,15.800,15.450,667101;
sh600980:11.820,11.750,11.820,11.440,2821022;
sh600981:3.280,3.350,3.400,3.250,14429050;
sh600982:2.710,2.670,2.710,2.660,3118172;
sh600983:5.550,6.290,6.290,5.310,59978154;
sh600986:3.630,3.560,3.630,3.560,13668120;
sh600988:8.400,8.390,8.590,8.340,107048530;
sh600990:38.300,37.040,38.370,36.860,1231533;
sh600992:6.180,6.190,6.210,6.130,1810200;
sh601002:6.130,6.060,6.190,6.010,22680732;
sh601008:3.410,3.430,3.440,3.400,8796241;
sh601016:2.160,2.140,2.160,2.140,11953160;
sh601069:13.970,13.770,14.020,13.730,8300410;
sh601100:61.040,61.500,62.000,60.040,2541309;
sh601106:2.640,2.600,2.660,2.590,10887241;
sh601118:5.140,5.340,5.340,5.070,75967025;
sh601126:6.250,5.940,6.250,5.940,8692018;
sh601168:5.630,5.670,5.720,5.610,12246539;
sh601199:3.730,3.700,3.740,3.680,8846455;
sh601222:5.130,5.170,5.210,5.110,12409311;
sh601226:3.840,3.790,3.870,3.770,2277092;
sh601233:11.570,11.730,11.620,11.450,18642956;
sh601311:8.560,8.420,8.560,8.360,5821797;
sh601339:3.510,3.420,3.530,3.410,8695400;
sh601388:1.650,1.680,1.670,1.640,18876861;
sh601515:6.060,5.970,6.100,5.960,5662787;
sh601567:7.540,7.380,7.540,7.350,4825542;
sh601608:3.360,3.290,3.380,3.280,8419050;
sh601616:2.990,2.910,3.040,2.900,17069100;
sh601677:10.330,10.210,10.410,10.170,4801066;
sh601689:16.240,16.260,16.400,15.900,15660671;
sh601700:5.680,5.610,5.790,5.600,19612187;
sh601727:4.680,4.600,4.690,4.600,9646052;
sh601789:4.270,4.140,4.290,4.110,36016526;
sh601799:83.000,83.760,85.380,82.250,1160032;
sh601818:3.710,3.610,3.710,3.610,104892789;
sh601866:2.010,2.030,2.020,1.990,42592630;
sh601958:6.000,6.050,6.010,5.930,11377353;
sh601968:4.430,4.410,4.440,4.360,1494700;
sh601996:2.690,2.780,2.700,2.660,22997690;
sh603002:4.300,4.220,4.300,4.210,10286800;
sh603003:7.130,6.930,7.160,6.930,13073802;
sh603006:10.300,10.020,10.420,10.000,830700;
sh603009:6.800,6.560,6.860,6.530,5776600;
sh603010:12.270,11.810,12.400,11.810,10731769;
sh603015:5.980,5.920,6.030,5.810,3063296;
sh603017:10.630,10.750,10.690,10.470,3892500;
sh603018:13.400,13.780,13.450,12.900,31648234;
sh603020:8.900,9.310,9.180,8.710,17622155;
sh603021:5.680,5.590,5.730,5.560,1568407;
sh603022:16.560,17.240,16.980,16.420,6021546;
sh603023:4.800,4.610,4.820,4.610,10114700;
sh603025:7.780,7.720,7.860,7.670,2276487;
sh603085:6.210,6.110,6.300,6.110,1833160;
sh603088:9.250,8.860,9.330,8.860,3091143;
sh603099:8.020,7.930,8.080,7.920,963600;
sh603108:10.010,9.980,10.160,9.960,3776066;
sh603111:6.990,7.050,7.160,6.910,20533310;
sh603116:7.080,7.020,7.260,7.010,5353514;
sh603117:3.540,3.530,3.550,3.490,3539360;
sh603123:9.650,10.510,10.200,10.170,13959553;
sh603126:4.530,4.320,4.540,4.320,10743390;
sh603158:17.820,17.350,18.250,17.100,2574592;
sh603168:7.960,8.000,8.040,7.910,2709639;
sh603222:48.700,49.000,49.270,48.100,877200;
sh603227:4.080,4.050,4.100,4.040,2830564;
sh603268:14.330,14.100,14.360,14.010,948843;
sh603299:5.980,6.100,6.160,5.940,7841438;
sh603300:7.120,6.910,7.130,6.900,6276301;
sh603308:13.900,13.560,13.910,13.510,6457380;
sh603318:7.210,6.900,7.230,6.870,8887356;
sh603333:7.170,7.800,7.590,7.170,19056721;
sh603366:5.340,5.180,5.360,5.160,8229602;
sh603456:20.550,20.600,20.650,19.780,10570248;
sh603508:52.030,51.330,52.400,51.290,1169945;
sh603519:12.610,12.030,12.770,11.910,2712429;
sh603566:17.710,18.200,18.120,17.400,4458232;
sh603568:28.080,28.520,28.300,27.920,2183081;
sh603600:13.500,14.020,13.990,13.460,10916839;
sh603601:11.170,10.690,11.170,10.680,43229987;
sh603609:12.000,12.740,12.460,11.810,28716322;
sh603611:16.380,16.120,16.630,16.090,1307460;
sh603616:8.270,8.110,8.460,8.110,14408400;
sh603618:5.750,5.520,5.800,5.500,14999783;
sh603688:21.390,20.820,21.390,20.820,3591631;
sh603703:18.050,17.800,18.230,17.790,3889556;
sh603789:13.110,13.410,13.310,13.030,4900650;
sh603800:11.950,12.750,11.950,11.750,14010124;
sh603808:11.260,11.050,11.280,10.990,2549445;
sh603818:6.830,6.740,6.840,6.690,1364800;
sh603838:7.710,7.680,7.770,7.540,1067939;
sh603918:12.000,12.190,12.190,11.810,11386177;
sh603936:17.380,17.120,17.550,17.040,3608980;
sh603968:12.890,12.730,12.950,12.670,705399;
sh603989:22.260,22.650,23.710,22.260,4004981;
sh603997:7.820,8.210,8.210,7.690,11454757;
sh603998:6.870,6.640,6.890,6.630,4668412;
sh603999:5.780,5.680,5.800,5.670,3000140;
sh600127:6.700,7.410,7.410,6.510,106808762;
sh603377:14.200,14.670,14.300,13.760,3884800;
sh601900:9.690,10.050,9.810,9.670,6795259;
sh603919:13.400,13.480,13.590,13.240,4913664;
sh603861:8.420,8.230,8.540,8.210,2983551;
sh603028:11.770,11.960,12.200,11.700,2717420;
sh603798:9.750,9.800,9.810,9.730,1164227;
sh603701:10.420,10.570,10.660,10.290,4380034;
sh603726:20.330,20.330,20.330,20.330,194200;
sh603528:7.480,7.180,7.530,7.160,5739907;
sh603339:11.800,11.740,11.930,11.720,711494;
sh603131:15.330,14.860,15.540,14.810,2963377;
sh603016:19.650,20.930,20.500,19.620,3013109;
sh603069:11.350,11.180,11.460,11.050,8656144;
sh600936:3.700,3.670,3.700,3.660,2112763;
sh601997:7.770,7.660,7.780,7.650,14253014;
sh601595:12.100,11.900,12.150,11.550,5053201;
sh603515:23.870,24.180,24.190,23.870,2355060;
sh603843:5.020,4.910,5.040,4.870,38499466;
sh601163:12.780,12.620,12.850,12.570,2418929;
sh603393:40.200,37.940,40.600,37.800,7974351;
sh603738:25.010,25.100,26.450,24.840,8895646;
sh601128:6.930,6.840,7.040,6.840,18433940;
sh603313:18.150,17.830,18.430,17.570,4007898;
sh600926:7.870,7.700,7.870,7.660,14466792;
sh603888:22.940,22.010,22.950,21.970,7502165;
sh603060:19.460,20.280,19.850,19.070,2387686;
sh603633:10.990,10.840,11.080,10.770,2292030;
sh603987:11.590,10.940,11.600,10.450,19476760;
sh603336:16.310,17.630,17.240,16.310,22804693;
sh603660:10.880,10.580,10.950,10.550,5384629;
sh603559:23.480,22.490,23.600,22.470,16706153;
sh603033:25.470,25.550,26.360,25.170,2265430;
sh603389:4.220,4.220,4.330,4.220,1470280;
sh603058:6.610,6.530,6.690,6.520,726800;
sh603886:17.500,18.040,17.960,17.240,10236200;
sh603239:12.320,12.230,12.540,12.120,1362086;
sh601375:5.000,4.890,5.040,4.860,26033980;
sh603035:12.840,13.100,13.220,12.770,9718903;
sh603877:15.030,14.670,15.190,14.600,730900;
sh603689:10.390,10.530,10.420,10.380,2031700;
sh603579:29.390,28.130,29.390,28.060,2259572;
sh603639:26.460,26.560,26.720,26.370,1113267;
sh601858:9.420,9.340,9.430,9.300,1590602;
sh603638:31.860,35.200,34.260,31.860,5401742;
sh603429:35.850,35.600,36.660,35.160,2179620;
sh603966:9.440,9.520,9.520,9.340,1829674;
sh603089:11.670,11.570,11.720,11.510,526735;
sh603360:24.330,24.110,24.630,24.010,1571936;
sh603677:10.200,10.140,10.220,10.050,778400;
sh603637:13.660,13.890,13.780,13.510,1564360;
sh601212:2.830,2.800,2.850,2.800,17507425;
sh603603:7.000,6.740,7.000,6.720,1761000;
sh603817:5.680,5.660,5.790,5.620,1117800;
sh603717:7.710,7.970,7.900,7.620,4977540;
sh603656:13.590,13.500,13.590,13.000,550720;
sh603133:18.030,17.470,18.200,17.380,2880900;
sh603811:24.080,24.370,24.260,23.800,1407980;
sh603955:16.460,17.620,17.000,16.320,4895442;
sh603908:22.920,22.610,23.500,22.610,779186;
sh603991:18.850,19.140,19.290,18.700,1428940;
sh603578:19.200,19.550,20.500,19.200,648400;
sh601366:7.010,7.010,7.050,6.870,22885265;
sh603787:11.550,11.320,11.600,11.270,1767422;
sh603320:14.960,16.310,15.600,14.960,5576322;
sh603906:9.030,8.960,9.120,8.930,1286332;
sh603586:16.580,16.930,17.130,16.580,742588;
sh603538:29.150,29.580,29.580,28.400,6300940;
sh603385:10.450,10.840,10.780,10.380,8377755;
sh603178:7.830,7.640,7.950,7.610,2223200;
sh603238:24.650,23.850,24.650,23.400,1335000;
sh603229:27.340,26.800,27.400,26.700,1398409;
sh603728:12.710,13.570,13.570,12.660,24906166;
sh603896:27.600,27.590,27.610,27.300,957400;
sh603488:8.230,8.140,8.310,8.110,965300;
sh603197:25.680,25.970,25.680,25.080,4120634;
sh603580:12.100,12.160,12.450,11.970,2557272;
sh603200:48.690,47.620,49.400,46.430,1737374;
sh603042:18.590,17.530,18.590,17.510,8584489;
sh603536:12.900,13.660,13.660,12.500,6047946;
sh603326:18.030,17.950,18.150,17.920,1039260;
sh603316:11.290,10.800,11.380,10.730,7440708;
sh603335:4.000,4.060,4.020,3.960,5728136;
sh603380:15.770,15.420,15.850,15.350,1846545;
sh603286:15.160,15.070,15.260,15.020,567900;
sh603938:24.000,22.810,24.000,22.310,4186200;
sh603331:17.980,18.200,18.280,17.800,2268310;
sh603933:12.680,12.340,12.780,12.320,1219960;
sh603595:26.990,26.500,27.050,26.200,2249580;
sh603612:10.720,10.550,10.720,10.400,1776540;
sh603676:9.980,10.150,10.140,10.080,2907701;
sh603063:8.430,8.370,8.500,8.240,2517400;
sh603233:61.410,63.000,62.980,60.660,3353484;
sh603357:10.320,10.070,10.370,10.050,4825060;
sh603860:25.230,25.900,26.660,25.230,1045236;
sh603880:13.990,13.350,13.990,13.300,6149315;
sh603776:17.860,17.750,17.930,17.570,1684050;
sh603976:15.670,15.210,15.750,15.190,1113020;
sh603079:38.540,38.720,39.380,38.030,2755263;
sh603725:6.330,6.270,6.370,6.220,831390;
sh603813:17.360,17.800,17.490,17.110,2198134;
sh603136:21.900,21.730,21.990,21.500,543905;
sh603378:28.210,27.700,28.760,27.640,1357800;
sh603367:16.800,16.790,16.950,16.670,3381496;
sh603103:14.100,13.590,14.190,13.440,4774735;
sh603110:14.300,14.000,14.530,13.900,1300408;
sh603499:15.800,15.530,16.040,15.440,1178400;
sh603829:9.690,9.610,9.870,9.580,1644040;
sh603722:26.680,27.320,28.300,26.680,2865650;
sh603659:63.000,60.000,63.120,60.000,4898449;
sh603076:20.730,20.110,20.800,19.960,893112;
sh603661:34.730,34.600,35.140,34.530,380400;
sh601019:6.510,6.470,6.550,6.450,2068119;
sh603890:13.470,13.000,13.870,12.990,10054574;
sh603477:11.380,12.400,12.200,11.270,10665370;
sh603895:19.220,19.100,19.550,19.100,659000;
sh603516:40.300,39.160,40.500,38.000,2979909;
sh603871:26.990,27.150,27.360,26.810,490864;
sh603709:25.580,25.210,25.890,24.810,734100;
sh603712:24.880,24.000,25.040,23.990,11424345;
sh603059:25.180,24.820,25.330,24.740,863350;
sh600929:5.880,6.070,6.140,5.760,15333831;
sh603897:16.750,16.350,16.800,16.260,2302400;
sh603301:41.050,39.730,41.400,39.520,10391682;
sh603773:31.750,30.760,31.750,30.650,959000;
sh603666:88.380,89.100,89.870,87.000,441200;
sh601990:15.860,15.550,16.180,15.520,145483091;
sh603713:49.220,50.100,50.350,48.600,1413708;
sh601606:8.810,8.940,9.090,8.760,8801395;
sh603590:37.800,37.460,37.800,37.380,1366001;
sh603192:28.430,27.520,28.950,27.500,3398200;
sh601068:4.290,4.240,4.290,4.210,5199736;
sh603297:31.890,32.030,32.350,31.320,694559;
sh603790:13.300,14.510,14.070,13.300,9613234;
