sh600048:15.880,15.820,15.880,15.670,51105347;
sh600053:24.980,25.050,25.450,24.760,3374006;
sh600061:12.300,12.220,12.340,12.200,13342000;
sh600063:3.640,3.650,3.690,3.620,23040153;
sh600071:9.220,9.130,9.290,9.110,2096197;
sh600076:3.760,3.730,3.780,3.720,6784527;
sh600077:2.970,3.020,3.020,2.930,14641695;
sh600078:5.190,5.090,5.260,5.070,31339285;
sh600079:20.200,20.090,20.750,19.610,47305191;
sh600081:10.760,10.670,10.810,10.610,2639623;
sh600082:3.420,3.410,3.440,3.370,3063774;
sh600090:4.120,4.080,4.140,4.080,12471400;
sh600101:5.970,5.970,6.000,5.920,2172706;
sh600111:9.040,9.080,9.110,9.040,25236217;
sh600113:6.290,6.320,6.320,6.250,5205167;
sh600115:4.260,4.260,4.290,4.230,51956900;
sh600120:9.590,9.470,9.760,9.420,34580186;
sh600146:13.250,13.020,13.360,13.000,10529124;
sh600151:4.400,4.290,4.410,4.280,9314173;
sh600156:4.480,4.400,4.500,4.400,6849401;
sh600160:7.020,6.970,7.160,6.940,28993949;
sh600161:36.100,34.790,36.380,34.700,18077886;
sh600162:2.020,2.030,2.030,2.010,6125402;
sh600169:2.030,2.070,2.080,2.020,33264989;
sh600175:1.120,1.110,1.130,1.100,70602633;
sh600197:12.940,13.070,13.170,12.860,8102677;
sh600199:5.050,5.060,5.150,5.030,7714208;
sh600200:7.420,7.310,7.480,7.220,32773516;
sh600203:9.250,9.050,9.350,8.980,16680201;
sh600206:12.560,12.490,12.830,12.470,34225314;
sh600207:4.130,4.070,4.130,4.050,5602400;
sh600208:3.200,3.150,3.270,3.130,146672276;
sh600213:7.510,7.570,7.550,7.430,5932155;
sh600218:8.890,9.050,8.980,8.850,11933530;
sh600221:1.540,1.560,1.550,1.530,101096410;
sh600223:6.780,6.680,6.860,6.670,13660900;
sh600226:2.700,2.600,2.870,2.590,220888572;
sh600227:3.010,3.050,3.030,3.000,10445950;
sh600235:4.680,4.580,4.680,4.560,5864685;
sh600236:4.480,4.420,4.480,4.410,2315253;
sh600242:7.330,7.280,7.480,7.250,16007198;
sh600246:7.510,7.450,7.510,7.290,17713751;
sh600262:15.540,15.990,15.630,15.460,1334700;
sh600266:6.880,6.910,6.940,6.880,9129478;
sh600267:17.100,16.630,17.410,16.440,76670166;
sh600268:9.340,9.340,9.340,8.900,93458547;
sh600278:9.010,8.960,9.050,8.950,1884000;
sh600279:3.740,3.720,3.740,3.690,2651469;
sh600283:10.420,10.620,10.640,10.300,9822486;
sh600285:8.840,8.670,8.880,8.600,8982520;
sh600288:11.150,11.080,11.230,11.060,3089125;
sh600291:7.210,7.240,7.250,7.170,11797971;
sh600293:2.740,2.720,2.790,2.720,8419400;
sh600300:3.370,3.350,3.420,3.330,49258451;
sh600310:3.870,3.800,3.890,3.800,5152857;
sh600311:2.540,2.490,2.550,2.490,16428353;
sh600313:3.970,3.890,4.000,3.870,57742805;
sh600317:2.160,2.150,2.160,2.140,4541360;
sh600322:2.540,2.540,2.550,2.520,7617700;
sh600323:20.220,19.870,20.250,19.830,5294926;
sh600326:6.830,6.980,6.920,6.830,25063678;
sh600336:5.500,5.730,5.540,5.400,48597811;
sh600337:4.250,4.160,4.280,4.160,15079100;
sh600338:8.100,8.020,8.130,7.990,5464197;
sh600339:2.740,2.710,2.750,2.700,16249347;
sh600351:5.350,5.230,5.390,5.190,14406610;
sh600353:5.230,5.250,5.320,5.220,5472699;
sh600354:4.330,4.120,4.430,4.110,30443566;
sh600355:3.210,3.200,3.310,3.190,12138800;
sh600360:7.740,7.830,8.150,7.740,77112530;
sh600363:14.160,13.950,14.250,13.890,5953656;
sh600366:5.580,6.080,5.660,5.560,81645778;
sh600371:14.050,13.780,14.100,13.590,26352443;
sh600375:4.450,4.430,4.450,4.380,4198035;
sh600381:4.790,4.750,4.880,4.730,6654659;
sh600392:7.130,7.100,7.210,7.080,31975547;
sh600393:2.910,2.890,2.930,2.880,15168610;
sh600398:6.420,6.410,6.470,6.380,8095379;
sh600419:11.730,11.650,11.750,11.640,4548109;
sh600425:3.760,3.860,3.830,3.740,43974234;
sh600429:5.180,5.220,5.260,5.180,4117129;
sh600449:13.620,14.060,13.690,13.310,30179767;
sh600455:24.240,24.020,24.350,24.000,1382881;
sh600463:6.030,6.020,6.080,6.000,999200;
sh600466:6.210,6.160,6.240,6.120,19208377;
sh600467:2.630,2.580,2.650,2.570,60358673;
sh600476:12.680,12.600,12.760,12.550,1747668;
sh600478:3.920,3.890,3.940,3.880,9361049;
sh600479:9.340,9.170,9.360,9.130,9962540;
sh600480:9.850,9.800,9.850,9.510,12362985;
sh600481:2.970,2.980,2.980,2.950,4735062;
sh600488:4.940,4.800,5.000,4.780,16344473;
sh600495:4.290,4.550,4.380,4.280,75061005;
sh600499:4.330,4.370,4.430,4.310,9467500;
sh600501:9.180,8.940,9.230,8.900,15542943;
sh600503:3.120,3.080,3.120,3.070,10130900;
sh600505:9.670,9.750,9.800,9.620,3983736;
sh600506:9.030,8.780,9.090,8.770,4592200;
sh600517:7.330,7.220,7.480,7.090,22358827;
sh600520:8.670,8.270,8.670,8.180,7089200;
sh600525:5.090,5.050,5.090,5.050,7643594;
sh600526:6.400,6.200,6.700,6.130,28372831;
sh600527:4.660,4.220,4.820,4.170,335560509;
sh600530:3.510,3.380,3.540,3.380,12157243;
sh600533:3.170,3.230,3.220,3.150,26892885;
sh600537:3.000,2.970,3.020,2.960,4970086;
sh600549:11.450,11.410,11.570,11.350,11194423;
sh600559:8.650,8.770,8.830,8.640,15097637;
sh600562:14.540,14.410,14.800,14.320,5373066;
sh600568:1.490,1.460,1.490,1.460,21889020;
sh600573:6.200,6.060,6.200,6.030,2942410;
sh600587:18.400,18.780,18.410,17.950,15393596;
sh600593:40.920,41.300,41.150,40.780,777900;
sh600596:8.500,8.490,8.520,8.440,8403949;
sh600601:3.330,3.310,3.370,3.300,11700080;
sh600602:7.340,7.270,7.490,7.240,10001590;
sh600603:6.140,6.070,6.140,6.040,15207125;
sh600604:7.120,7.060,7.140,7.060,8666509;
sh600613:7.370,7.230,7.400,7.200,5570807;
sh600623:5.390,5.380,5.440,5.370,6331043;
sh600624:8.640,8.550,8.690,8.540,12727465;
sh600626:5.030,5.000,5.060,4.990,5817203;
sh600628:11.990,11.960,12.070,11.800,2700253;
sh600630:7.530,7.510,7.590,7.500,6184311;
sh600638:5.130,5.100,5.160,5.100,1526661;
sh600639:12.880,12.850,13.060,12.800,1307919;
sh600640:18.820,18.520,19.500,18.400,11627583;
sh600641:19.380,19.170,19.780,19.120,14016129;
sh600644:4.940,4.920,4.970,4.900,1820744;
sh600645:21.330,20.890,21.350,20.510,14936559;
sh600647:13.020,12.790,13.090,12.760,1456124;
sh600649:5.260,5.260,5.270,5.210,5659961;
sh600651:3.500,3.470,3.530,3.470,8807180;
sh600661:15.940,15.940,16.150,15.850,946719;
sh600662:3.840,3.820,3.880,3.820,4374381;
sh600668:14.800,15.280,14.940,14.750,22146925;
sh603179:22.370,22.980,23.180,22.370,1853088;
sh600671:11.830,11.750,12.000,11.710,1982452;
sh600677:4.190,4.060,4.230,4.050,16726190;
sh600678:6.860,7.050,7.090,6.770,31435077;
sh600682:8.310,8.230,8.340,8.210,7331751;
sh600683:3.940,3.930,3.990,3.900,8291799;
sh600684:3.210,3.170,3.210,3.160,1850467;
sh600689:8.190,8.080,8.190,8.080,1462370;
sh600693:4.770,4.750,4.800,4.730,2861892;
sh600695:7.660,7.690,7.760,7.610,17910809;
sh600697:14.940,14.930,15.020,14.920,779718;
sh600706:8.530,8.480,8.780,8.400,11155459;
sh600708:3.060,3.070,3.080,3.040,10657552;
sh600711:4.160,4.140,4.190,4.130,13306788;
sh600712:5.500,5.360,5.510,5.340,18307102;
sh600716:3.770,3.700,3.810,3.690,7350010;
sh600719:4.500,4.430,4.530,4.410,3408631;
sh600724:3.700,3.920,3.750,3.650,26067215;
sh600730:4.420,4.390,4.430,4.370,3183697;
sh600734:3.550,3.500,3.630,3.470,12841516;
sh600736:5.380,5.280,5.410,5.250,13666594;
sh600737:8.570,8.390,8.600,8.300,36547005;
sh600744:2.660,2.460,2.710,2.450,56806207;
sh600746:5.880,5.850,5.930,5.830,2114703;
sh600748:5.360,5.330,5.390,5.300,16046057;
sh603893:53.410,53.440,55.660,52.860,6163065;
sh600755:6.300,6.270,6.320,6.270,8578775;
sh600756:18.510,18.390,18.670,18.360,4230399;
sh600764:28.100,27.930,28.470,27.850,1707861;
sh600770:4.610,4.630,4.710,4.610,6663084;
sh600771:13.090,13.020,13.280,13.000,4629289;
sh600773:5.460,5.580,5.480,5.430,10711418;
sh600777:1.770,1.750,1.780,1.750,39004730;
sh600783:13.690,13.520,13.740,13.430,8025672;
sh600784:4.290,4.270,4.300,4.260,1527286;
sh600785:14.680,14.530,14.730,14.470,600641;
sh600796:6.130,6.000,6.150,5.990,9894752;
sh600800:5.180,5.100,5.180,5.000,12176451;
sh600802:10.900,11.320,11.060,10.880,33511650;
sh600808:2.590,2.600,2.600,2.580,24945346;
sh600818:9.310,9.180,9.430,9.180,943400;
sh600819:4.790,4.780,4.840,4.770,2895900;
sh600821:3.940,3.960,3.970,3.910,3134467;
sh600822:8.410,8.380,8.500,8.350,1351615;
sh600824:3.440,3.380,3.510,3.310,18084481;
sh600825:5.670,5.460,5.670,5.390,10761756;
sh600828:4.020,4.030,4.070,4.020,2972099;
sh600829:9.160,8.540,9.160,8.530,38439052;
sh600830:5.840,5.630,5.870,5.580,19284719;
sh600831:8.250,8.200,8.360,8.180,10104416;
sh600833:10.100,9.850,10.250,10.000,5747447;
sh600834:6.310,6.320,6.360,6.260,1737731;
sh600836:5.960,6.570,6.220,5.910,45361578;
sh600838:6.410,6.430,6.480,6.200,28191308;
sh600841:7.020,6.970,7.100,6.960,1299729;
sh600843:6.830,6.800,6.830,6.730,1953000;
sh600846:8.660,8.490,8.660,8.470,9025005;
sh600851:8.190,8.080,8.260,8.060,3303100;
sh600853:3.540,3.680,3.650,3.510,42094017;
sh600854:3.790,3.770,3.820,3.730,4641800;
sh600855:22.660,21.950,23.430,21.630,59984460;
sh600857:9.370,9.410,9.480,9.350,562972;
sh600860:3.470,3.450,3.490,3.420,2832900;
sh600861:10.550,10.360,10.640,10.350,1463702;
sh600862:13.690,13.450,13.880,13.380,22379513;
sh600864:6.460,6.400,6.490,6.380,17527640;
sh600865:6.280,6.270,6.290,6.220,3797383;
sh600866:5.800,5.520,5.830,5.470,54442652;
sh600867:11.940,11.930,11.990,11.740,22339180;
sh600868:3.240,3.210,3.250,3.200,19943442;
sh600869:4.330,4.270,4.360,4.260,20995844;
sh600871:2.060,2.050,2.070,2.040,20580333;
sh600874:6.830,6.860,6.870,6.830,4658045;
sh600876:13.430,13.470,13.430,13.150,4615178;
sh600879:6.700,6.670,6.810,6.630,32902714;
sh600880:3.940,3.950,3.980,3.900,18325761;
sh600882:25.400,24.890,25.470,23.600,5687347;
sh600885:30.500,30.480,31.500,30.270,5278019;
sh600888:4.320,4.280,4.320,4.250,6172966;
sh600889:5.860,6.090,5.960,5.780,8859600;
sh600894:7.190,7.160,7.190,7.090,10981867;
sh600898:5.840,5.810,5.940,5.800,2276232;
sh600917:6.400,6.350,6.400,6.340,2161608;
sh600959:3.690,3.660,3.710,3.650,6943159;
sh600962:7.790,7.740,7.920,7.700,3900870;
sh600965:7.490,7.450,7.520,7.410,4225431;
sh600966:7.590,7.800,7.850,7.580,15743200;
sh600973:4.120,4.070,4.160,4.060,12063106;
sh600976:16.460,16.260,16.600,16.240,1226493;
sh600980:12.370,12.380,12.400,12.280,2731501;
sh600981:3.560,3.500,3.610,3.490,9397654;
sh600982:2.790,2.780,2.800,2.770,4119800;
sh600983:5.390,5.220,5.450,5.210,13843440;
sh600986:4.380,4.190,4.490,4.110,176547290;
sh600988:8.700,8.460,8.700,8.400,88962717;
sh600990:38.850,38.700,39.030,38.480,1136272;
sh600992:6.230,6.190,6.270,6.170,1941402;
sh601002:5.880,6.310,5.950,5.800,61414438;
sh601008:3.490,3.460,3.500,3.450,5967760;
sh601016:2.260,2.230,2.260,2.210,24922300;
sh601069:15.110,14.780,15.200,14.710,21737917;
sh601100:69.220,67.680,71.350,67.510,4818920;
sh601106:2.620,2.610,2.630,2.610,10850593;
sh601118:5.050,5.050,5.100,5.000,32077776;
sh601126:6.560,6.320,6.620,6.310,12381604;
sh601168:5.840,5.800,5.900,5.780,11014400;
sh601199:3.950,4.010,3.970,3.910,14182616;
sh601222:5.110,5.130,5.140,5.090,15450940;
sh601226:3.950,4.070,4.010,3.950,8106800;
sh601233:12.060,12.110,12.140,11.980,18194086;
sh601311:8.920,8.760,8.950,8.720,8654478;
sh601339:3.400,3.400,3.410,3.390,2564900;
sh601388:1.670,1.660,1.680,1.650,10117680;
sh601515:6.200,6.270,6.250,6.150,6185000;
sh601567:8.130,7.860,8.180,7.860,22586455;
sh601608:3.380,3.360,3.440,3.350,19041282;
sh601616:3.170,3.090,3.190,3.060,28804932;
sh601677:10.320,10.210,10.340,10.190,4668301;
sh601689:20.220,20.310,20.880,19.920,22796884;
sh601700:6.030,5.860,6.080,5.850,31029926;
sh601727:4.880,4.760,4.880,4.750,27924556;
sh601789:4.220,4.470,4.340,4.180,95884100;
sh601799:87.280,90.330,90.450,87.030,1603221;
sh601818:3.620,3.610,3.630,3.600,109313632;
sh601866:2.010,2.010,2.030,2.000,23215804;
sh601958:6.180,6.200,6.230,6.170,10424997;
sh601968:4.490,4.440,4.520,4.430,1909000;
sh601996:2.740,2.680,2.740,2.670,10987700;
sh603002:4.390,4.310,4.410,4.300,8018150;
sh603003:9.470,9.500,10.360,9.090,64878460;
sh603006:10.360,10.170,10.390,10.150,1029500;
sh603009:7.540,7.330,7.660,7.300,10097400;
sh603010:13.050,13.250,13.450,13.000,15510107;
sh603015:5.840,5.750,5.860,5.740,951000;
sh603017:10.180,10.410,10.320,10.130,3042200;
sh603018:13.500,14.060,13.590,13.320,15552735;
sh603020:8.600,8.840,8.670,8.540,6755371;
sh603021:5.840,5.770,5.880,5.750,1566638;
sh603022:20.000,19.000,20.000,19.000,5157404;
sh603023:5.100,5.000,5.130,5.000,7304540;
sh603025:7.800,7.730,7.880,7.720,2314456;
sh603085:6.280,6.210,6.310,6.200,2312332;
sh603088:9.560,9.240,9.630,9.140,3552337;
sh603099:7.930,7.830,8.000,7.820,2115964;
sh603108:10.980,10.700,11.110,10.640,13284387;
sh603111:7.190,7.750,7.320,7.060,46388688;
sh603116:7.090,6.960,7.170,6.940,2661420;
sh603117:3.530,3.530,3.560,3.520,3043760;
sh603123:8.850,8.760,8.900,8.680,8153471;
sh603126:4.430,4.370,4.430,4.350,3173100;
sh603158:17.800,18.670,17.940,17.460,9766558;
sh603168:8.450,8.330,8.490,8.300,2271738;
sh603222:46.800,47.000,47.010,46.550,1933838;
sh603227:4.060,4.070,4.120,4.060,2864600;
sh603268:13.830,13.760,13.920,13.750,1034470;
sh603299:6.300,6.180,6.320,6.160,5096894;
sh603300:6.810,6.720,6.840,6.700,6798680;
sh603308:14.160,14.650,14.700,14.150,8949607;
sh603318:7.580,7.310,7.630,7.310,10799232;
sh603333:8.030,7.840,8.080,7.830,16631300;
sh603366:5.860,5.600,5.880,5.580,24810359;
sh603456:21.360,20.400,21.480,20.130,13392640;
sh603508:52.250,53.430,52.880,52.250,2421882;
sh603519:11.860,12.010,12.120,11.860,1166500;
sh603566:18.540,18.110,18.550,18.110,5475600;
sh603568:30.950,30.310,31.560,30.220,4234225;
sh603600:12.300,12.740,12.580,12.300,9854552;
sh603601:12.100,11.990,12.380,11.590,57286924;
sh603609:13.540,13.850,13.980,13.540,28064264;
sh603611:17.380,17.190,17.550,17.070,2260732;
sh603616:7.250,7.300,7.250,7.100,3744500;
sh603618:5.870,5.800,5.890,5.790,10773705;
sh603688:22.060,22.050,22.500,21.850,4919706;
sh603703:17.870,18.010,18.140,17.850,2938625;
sh603789:13.280,13.280,13.430,13.240,6549502;
sh603800:10.930,10.880,11.060,10.880,1357100;
sh603808:11.020,10.990,11.080,10.980,2608970;
sh603818:6.580,6.590,6.660,6.550,819900;
sh603838:7.750,7.660,7.810,7.660,822500;
sh603918:12.180,12.490,12.280,12.030,11517719;
sh603936:18.490,18.210,18.680,18.190,5201215;
sh603968:13.320,13.610,13.490,13.320,1973600;
sh603989:24.590,24.360,25.150,24.250,1742637;
sh603997:8.780,8.880,8.880,8.710,32039810;
sh603998:7.120,7.020,7.150,7.020,7841800;
sh603999:5.800,5.790,5.890,5.760,4197180;
sh600127:9.200,9.100,9.540,8.900,132625050;
sh603377:14.960,15.140,14.990,14.780,3323209;
sh601900:10.050,10.010,10.110,10.010,3352211;
sh603919:14.100,14.350,14.490,14.060,5243335;
sh603861:8.220,8.220,8.290,8.150,2609700;
sh603028:11.480,11.890,12.480,11.480,3745440;
sh603798:10.090,9.990,10.150,10.010,1741013;
sh603701:10.700,10.720,10.840,10.660,4586104;
sh603726:13.130,13.090,13.290,13.060,5306872;
sh603528:7.950,7.880,8.060,7.820,6166804;
sh603339:12.550,12.720,12.920,12.550,3430706;
sh603131:16.000,15.690,16.000,15.680,2959200;
sh603016:23.450,23.130,23.680,23.020,2063300;
sh603069:9.440,9.710,9.740,9.440,6428347;
sh600936:3.770,3.770,3.800,3.760,2566300;
sh601997:7.640,7.660,7.670,7.610,17511316;
sh601595:12.110,12.940,12.630,12.110,10672168;
sh603515:23.890,23.940,23.980,23.810,1294605;
sh603843:4.400,4.420,4.500,4.330,14757707;
sh601163:13.290,13.370,13.390,13.280,2807233;
sh603393:43.300,44.190,44.090,43.300,4543078;
sh603738:23.550,23.040,23.970,22.920,6113540;
sh601128:6.740,6.780,6.860,6.730,28482305;
sh603313:18.900,19.690,19.750,18.610,12491527;
sh600926:7.730,7.770,7.760,7.720,15550975;
sh603888:24.230,24.920,24.550,24.020,19626381;
sh603060:21.970,21.440,21.970,21.340,1943044;
sh603633:11.080,10.960,11.300,10.940,2721294;
sh603987:12.080,11.630,12.240,11.620,10373406;
sh603336:16.130,15.970,16.500,15.910,9169242;
sh603660:11.100,11.210,11.230,11.070,9482403;
sh603559:23.060,22.730,23.790,22.550,22707173;
sh603033:28.010,28.590,28.780,28.010,1744186;
sh603389:4.240,4.180,4.310,4.180,1702780;
sh603058:7.490,7.380,7.490,7.240,12661810;
sh603886:17.710,16.650,17.800,16.540,11977938;
sh603239:12.060,12.450,12.760,11.900,10072027;
sh601375:4.950,4.920,4.970,4.910,20868844;
sh603035:11.980,11.670,12.500,11.580,7319038;
sh603032:20.100,21.970,22.610,20.100,14633656;
sh603877:15.220,15.030,15.380,14.890,535600;
sh603689:10.600,10.560,10.670,10.550,1676100;
sh603579:30.110,30.180,30.460,29.740,2206103;
sh603639:27.000,27.000,27.250,26.710,1266300;
sh601858:9.700,9.540,9.790,9.510,3306200;
sh603638:39.290,39.350,39.910,38.890,1752006;
sh603429:34.420,35.720,36.150,34.180,3644154;
sh603966:9.980,10.200,10.150,10.040,3231210;
sh603089:11.590,11.820,11.790,11.530,966068;
sh603360:29.750,29.360,29.870,29.030,3526718;
sh603677:10.270,10.240,10.480,10.210,686204;
sh603637:13.550,13.820,13.760,13.550,997197;
sh601212:2.890,2.870,2.920,2.860,27124581;
sh603603:6.440,6.380,6.490,6.360,4422512;
sh603817:5.980,5.900,5.980,5.880,1421700;
sh603717:7.830,7.790,7.910,7.780,2569620;
sh603656:13.210,13.130,13.300,13.100,474788;
sh603133:17.790,17.700,18.150,17.660,3617000;
sh603811:26.590,26.000,26.700,25.900,2220960;
sh603955:17.340,17.720,17.500,17.120,1826141;
sh603908:22.730,22.650,22.990,22.600,437700;
sh603991:27.250,25.600,27.990,25.600,4140021;
sh603578:19.430,19.300,19.550,19.220,483081;
sh601366:6.280,6.520,6.580,6.280,31930088;
sh603787:12.030,11.830,12.080,11.800,2408800;
sh603320:16.200,16.010,16.360,15.930,3305445;
sh603906:9.420,9.460,9.480,9.370,1474268;
sh603586:16.350,16.520,16.650,16.350,501610;
sh603538:36.310,34.910,36.380,34.270,9955452;
sh603385:10.140,10.120,10.230,10.080,5419232;
sh603178:8.040,7.970,8.170,7.920,2379800;
sh603238:32.000,32.270,33.770,31.410,3527326;
sh603229:30.750,29.550,30.750,29.330,1530865;
sh603728:12.140,11.990,12.240,11.900,3972404;
sh603896:28.650,28.250,28.850,28.000,1084153;
sh603488:9.100,9.050,9.350,9.040,17880271;
sh603197:26.260,26.060,26.630,25.920,2345763;
sh603580:11.780,11.750,11.930,11.610,966427;
sh603200:61.290,61.980,65.600,60.280,2133455;
sh603042:18.700,18.190,18.980,18.110,8804410;
sh603536:13.690,13.170,13.790,13.170,7203600;
sh603326:19.750,20.000,20.030,19.710,1743270;
sh603316:11.330,11.720,11.830,11.260,6406200;
sh603335:4.350,4.190,4.370,4.190,10788799;
sh603380:16.550,16.380,16.810,16.300,2873100;
sh603286:15.390,15.380,15.600,15.200,968000;
sh603938:24.000,23.570,24.280,23.310,2826864;
sh603331:16.470,16.460,16.700,16.400,688400;
sh603933:13.270,13.120,13.410,13.080,2758384;
sh603595:26.930,27.100,28.000,26.930,2312296;
sh603612:10.510,10.470,10.590,10.410,3774420;
sh603676:12.300,12.130,12.540,11.730,13004792;
sh603063:8.310,8.370,8.370,8.280,1657800;
sh603233:65.390,64.440,66.200,63.300,2240967;
sh603357:9.830,10.030,9.900,10.000,5399945;
sh603860:26.000,26.280,26.600,26.000,377500;
sh603880:14.690,14.360,14.770,14.250,4255388;
sh603776:19.360,20.000,19.650,19.270,4678818;
sh603976:16.210,15.780,16.290,15.740,1955400;
sh603079:44.580,45.590,45.150,44.000,3761304;
sh603725:6.660,6.640,6.740,6.610,960020;
sh603813:17.960,17.500,17.960,17.500,591490;
sh603136:23.310,24.060,23.870,23.250,2183164;
sh603378:28.750,28.420,28.910,28.300,1056100;
sh603367:17.500,17.400,17.600,17.350,5658207;
sh603103:14.000,14.180,14.270,14.000,2075792;
sh603110:14.930,14.850,15.070,14.780,1193780;
sh603499:15.180,14.880,15.230,14.830,1743640;
sh603829:10.050,9.990,10.130,10.020,1990973;
sh603722:27.590,27.440,27.970,27.440,1460200;
sh603659:71.680,71.100,72.360,70.500,5900355;
sh603076:20.950,20.890,21.100,20.880,359200;
sh603661:34.800,34.930,35.180,34.780,417900;
sh601019:6.470,6.430,6.510,6.420,2987285;
sh603890:16.200,17.020,17.500,16.160,13997342;
sh603477:11.780,11.790,11.920,11.720,3017928;
sh603895:19.230,18.920,19.380,18.900,562940;
sh603516:39.030,39.090,40.120,38.890,1627651;
sh603871:27.320,27.150,27.320,27.100,329455;
sh603709:29.250,29.200,29.720,28.850,996900;
sh603712:28.180,28.520,28.800,27.820,11112954;
sh603059:28.680,27.310,29.000,27.010,4387375;
sh600929:6.150,6.060,6.200,6.040,9004200;
sh603897:16.420,16.650,16.990,16.420,1604000;
sh603301:40.880,40.160,41.170,40.130,5820735;
sh603773:31.700,31.360,32.180,31.340,1123359;
sh603666:96.000,100.090,101.780,100.020,1204438;
sh601990:14.920,14.850,15.030,14.790,101066719;
sh603713:60.110,59.580,60.860,59.010,1282420;
sh601606:9.560,9.350,9.620,9.350,10159542;
sh603590:40.200,39.490,40.270,39.350,2770953;
sh603192:25.130,25.330,25.450,25.130,661100;
sh601068:4.270,4.310,4.330,4.250,8977313;
sh603297:31.130,31.600,32.400,31.130,1090391;
sh603790:12.990,12.820,13.070,12.790,2706170;
