sh600048:16.410,16.690,16.980,16.400,179390473;
sh600053:26.600,27.700,27.980,26.600,7021911;
sh600061:13.200,13.540,13.330,13.030,30342553;
sh600063:4.500,4.810,4.810,4.450,128039730;
sh600071:9.890,9.950,9.920,9.650,2481757;
sh600076:3.730,3.860,3.840,3.730,11468516;
sh600077:2.800,2.860,2.890,2.800,8110077;
sh600078:4.680,4.840,4.820,4.680,22025812;
sh600079:13.840,14.280,14.040,13.800,15771442;
sh600081:11.320,11.810,11.740,11.300,6971703;
sh600082:3.400,3.590,3.490,3.390,9425233;
sh600090:4.220,4.330,4.320,4.210,15363654;
sh600101:5.880,6.090,6.090,5.880,3445062;
sh600111:9.080,9.400,9.340,9.080,36121796;
sh600113:6.210,6.410,6.370,6.210,4616762;
sh600115:4.530,4.640,4.600,4.530,44197590;
sh600120:9.570,9.790,9.790,9.450,22716718;
sh600146:14.430,15.160,15.230,14.430,14555211;
sh600151:4.610,4.770,4.680,4.570,15647231;
sh600156:5.830,6.010,6.300,5.270,62438357;
sh600160:8.560,8.450,8.620,8.160,105650474;
sh600161:34.510,35.000,34.880,34.300,9687901;
sh600162:2.150,2.170,2.190,2.120,24966151;
sh600169:1.990,2.090,2.110,1.980,26343473;
sh600175:1.600,1.590,1.650,1.500,176901685;
sh600197:13.250,13.590,13.480,13.250,5020502;
sh600199:5.070,5.230,5.180,5.060,6632800;
sh600200:8.400,8.490,8.550,8.020,55735172;
sh600203:8.350,8.350,8.350,8.350,7413632;
sh600206:13.960,14.200,14.120,13.710,53399592;
sh600207:4.440,4.580,4.530,4.420,6435700;
sh600208:3.190,3.290,3.280,3.170,115479899;
sh600213:7.920,8.160,8.090,7.920,6198430;
sh600218:9.860,10.140,10.060,10.060,12116537;
sh600221:1.880,1.820,1.900,1.800,238666401;
sh600223:7.590,7.880,7.890,7.590,22728887;
sh600226:2.660,2.750,2.720,2.660,43020554;
sh600227:2.590,2.660,2.650,2.590,7036718;
sh600235:4.790,4.980,5.010,4.770,18531900;
sh600236:4.400,4.450,4.440,4.330,10229670;
sh600242:7.210,7.760,7.480,7.210,15225101;
sh600246:5.210,5.450,5.320,5.200,7078920;
sh600262:15.390,15.750,15.760,15.390,599217;
sh600266:7.200,7.580,7.540,7.200,27192405;
sh600267:15.570,15.160,15.750,14.930,53350722;
sh600268:5.700,6.290,6.290,5.620,43493067;
sh600278:9.400,9.600,9.550,9.400,4234300;
sh600279:3.740,3.880,3.850,3.740,5624970;
sh600283:8.770,9.170,9.270,8.770,2113546;
sh600285:8.950,9.110,9.110,8.940,8081615;
sh600288:12.560,12.710,12.780,12.540,9601977;
sh600291:7.330,7.540,7.560,7.290,15157668;
sh600293:2.870,3.010,3.000,2.870,17454260;
sh600300:2.950,3.010,3.000,2.940,23623653;
sh600310:3.820,3.950,3.940,3.820,10417525;
sh600311:2.950,3.020,2.980,2.910,30526297;
sh600313:2.970,3.070,3.030,2.970,27853527;
sh600317:2.180,2.230,2.240,2.170,14960311;
sh600322:2.580,2.670,2.670,2.580,18151646;
sh600323:19.180,20.210,20.330,19.180,13751762;
sh600326:6.880,7.300,7.280,6.820,55109959;
sh600336:5.440,5.480,5.520,5.090,27002347;
sh600337:4.230,4.310,4.300,4.230,10423005;
sh600338:9.600,10.300,9.950,10.100,12250143;
sh600339:2.750,2.860,2.840,2.740,54448607;
sh600351:5.400,5.480,5.500,5.380,5477505;
sh600353:5.380,5.790,5.520,5.340,19353968;
sh600354:4.620,4.760,4.800,4.620,20459759;
sh600355:3.500,3.620,3.590,3.400,33120738;
sh600360:8.850,8.840,8.930,8.510,133460621;
sh600363:14.300,15.240,15.050,14.300,18033079;
sh600366:5.700,5.920,5.910,5.700,20631055;
sh600371:11.630,12.060,11.990,11.630,10117303;
sh600375:4.310,4.440,4.540,4.250,9280183;
sh600381:4.790,4.920,4.870,4.790,2970798;
sh600392:7.100,7.360,7.320,7.050,21069341;
sh600393:2.670,2.730,2.740,2.660,33874200;
sh600398:6.860,6.930,6.930,6.830,11789391;
sh600419:11.240,11.500,11.480,11.240,3344764;
sh600425:3.720,4.020,3.980,3.710,66239168;
sh600429:5.020,5.170,5.120,5.020,4921985;
sh600449:10.710,11.490,11.440,10.690,32347525;
sh600455:26.000,26.750,26.470,26.000,2454576;
sh600463:6.060,6.260,6.270,6.060,2370563;
sh600466:6.560,6.940,6.920,6.530,52723195;
sh600467:2.220,2.280,2.270,2.210,16258376;
sh600476:13.360,13.750,13.540,13.300,3580704;
sh600478:4.340,4.550,4.430,4.290,30314750;
sh600479:8.920,9.040,8.970,8.880,13107794;
sh600480:10.200,10.840,10.520,10.010,21074046;
sh600481:3.080,3.160,3.140,3.080,5710296;
sh600488:4.960,5.200,5.250,4.930,27497148;
sh600495:3.760,3.920,3.960,3.760,27020848;
sh600499:5.070,5.280,5.300,5.070,17936956;
sh600501:8.450,8.670,8.650,8.450,6337427;
sh600503:3.320,3.430,3.410,3.310,48982478;
sh600505:8.890,9.050,9.230,8.860,2766949;
sh600506:8.520,8.830,8.780,8.520,2236511;
sh600517:7.080,7.330,7.150,6.990,22188121;
sh600520:10.040,10.200,10.100,10.050,2786803;
sh600525:5.240,5.540,5.320,5.210,20742787;
sh600526:4.980,5.070,5.070,4.980,3570624;
sh600527:3.400,3.260,3.460,3.000,170025209;
sh600530:3.830,3.920,3.900,3.610,20330351;
sh600533:3.130,3.300,3.290,3.130,28201634;
sh600537:3.390,3.500,3.480,3.250,40912770;
sh600549:12.000,12.310,12.290,12.000,13960497;
sh600559:9.480,9.720,9.590,9.440,22337885;
sh600562:13.610,13.870,13.820,13.560,7442031;
sh600568:1.830,1.880,1.870,1.790,111314852;
sh600573:5.810,5.970,5.920,5.810,3187038;
sh600587:17.690,17.780,18.090,17.320,10532606;
sh600593:38.500,39.500,38.890,38.360,1235071;
sh600596:8.930,9.260,9.150,8.930,14965973;
sh600601:3.460,3.550,3.530,3.440,40262091;
sh600602:8.290,8.510,8.440,8.260,14160203;
sh600603:5.010,5.310,5.260,5.010,11421378;
sh600604:7.270,7.950,7.940,7.270,45544151;
sh600613:7.560,7.680,7.640,7.520,5790247;
sh600623:5.770,5.930,5.930,5.770,12039647;
sh600624:10.050,10.370,10.350,10.020,38908982;
sh600626:6.520,6.850,6.840,6.440,32918622;
sh600628:9.390,10.700,10.370,10.080,19995841;
sh600630:9.710,9.430,9.850,9.070,47869473;
sh600638:5.460,5.750,5.780,5.450,4405383;
sh600639:12.630,12.990,12.990,12.630,2384464;
sh600640:20.990,20.920,21.440,19.490,21095211;
sh600641:22.600,22.690,22.860,22.060,26176716;
sh600644:4.930,5.070,5.050,4.930,2017800;
sh600645:18.360,18.850,18.920,18.220,15821263;
sh600647:12.090,12.550,12.550,12.090,1741508;
sh600649:5.190,5.430,5.360,5.160,13404473;
sh600651:3.850,3.900,3.990,3.760,18982718;
sh600661:21.000,21.040,21.150,19.700,11868531;
sh600662:3.910,4.020,3.970,3.900,7960274;
sh600668:14.550,15.530,15.470,14.510,36011671;
sh603179:22.010,23.180,22.990,21.800,2043191;
sh600671:11.510,11.790,11.700,11.510,1887497;
sh600677:4.760,4.660,4.820,4.580,32431021;
sh600678:7.310,7.890,7.800,7.270,48355415;
sh600682:9.210,9.300,9.320,9.110,12946201;
sh600683:3.730,3.990,3.850,3.730,4721276;
sh600684:3.130,3.260,3.230,3.130,6638895;
sh600689:8.290,8.620,8.570,8.280,2863970;
sh600693:4.810,4.940,4.920,4.750,4006000;
sh600695:8.330,8.780,8.580,8.300,35190608;
sh600697:15.200,15.520,15.480,15.200,1479270;
sh600706:7.230,7.510,7.460,7.230,2016308;
sh600708:2.960,3.230,3.050,2.950,37476473;
sh600711:4.630,4.760,4.690,4.580,72220804;
sh600712:5.970,6.200,6.080,5.910,30340220;
sh600716:3.820,3.930,3.900,3.820,5203775;
sh600719:4.020,4.060,4.080,4.010,5187300;
sh600724:3.740,4.110,4.110,3.660,16911391;
sh600730:4.850,5.010,5.020,4.850,15549595;
sh600734:5.000,5.220,5.160,4.900,14498949;
sh600736:5.200,5.430,5.400,5.200,19737214;
sh600737:8.210,8.650,8.450,8.210,25742444;
sh600744:2.230,2.310,2.320,2.230,8210797;
sh600746:6.990,7.170,7.150,6.990,4384475;
sh600748:5.150,5.370,5.380,5.140,24489509;
sh603893:64.100,64.100,64.100,64.100,800875;
sh600755:6.480,6.690,6.640,6.480,17004044;
sh600756:20.570,20.920,20.750,20.300,10426465;
sh600764:27.800,28.200,28.230,27.500,5395352;
sh600770:5.200,5.400,5.320,5.190,17115537;
sh600771:14.600,14.790,14.770,14.540,4496290;
sh600773:6.850,7.250,7.500,6.300,76241894;
sh600777:1.910,1.970,1.960,1.910,78556066;
sh600783:14.000,14.810,14.810,13.860,11206181;
sh600784:4.400,4.510,4.490,4.400,4140432;
sh600785:13.690,13.970,13.880,13.650,593659;
sh600796:5.380,5.680,5.500,5.360,7469733;
sh600800:4.860,4.990,5.020,4.860,7934186;
sh600802:11.100,11.750,11.750,10.800,48631176;
sh600808:2.770,2.870,2.880,2.760,38118738;
sh600818:10.180,10.700,10.590,10.180,1733186;
sh600819:4.850,5.040,4.990,4.840,7508291;
sh600821:4.270,4.180,4.350,4.090,7783492;
sh600822:9.080,9.320,9.240,9.080,3155968;
sh600824:3.070,3.160,3.130,3.070,4898562;
sh600825:4.780,4.810,4.870,4.720,11166657;
sh600828:3.950,4.060,4.060,3.950,5362871;
sh600829:7.980,8.060,8.070,7.760,8954905;
sh600830:5.040,5.150,5.090,4.970,5295157;
sh600831:8.960,9.550,9.290,8.960,46197397;
sh600833:9.850,10.080,10.090,10.020,2029532;
sh600834:6.160,6.320,6.300,6.160,1698817;
sh600836:4.380,4.380,4.380,4.210,7534330;
sh600838:5.300,5.460,5.470,5.290,2647700;
sh600841:6.420,6.440,6.420,6.310,1015939;
sh600843:7.380,7.750,7.540,7.380,2968727;
sh600846:8.810,9.500,9.480,8.810,37780389;
sh600851:7.730,7.890,7.930,7.730,3799762;
sh600853:3.190,3.470,3.470,3.190,26777062;
sh600854:3.650,3.800,3.740,3.600,6567603;
sh600855:11.060,11.500,11.500,11.060,4499758;
sh600857:9.980,10.500,10.870,10.420,6366462;
sh600860:4.460,4.550,4.720,4.460,4279800;
sh600861:11.100,11.040,11.560,10.920,8470436;
sh600862:12.900,13.390,13.090,12.450,27171227;
sh600864:7.210,7.530,7.350,7.120,55327055;
sh600865:5.920,6.070,6.010,5.910,2694852;
sh600866:5.380,5.480,5.520,5.270,34182994;
sh600867:11.450,11.690,11.610,11.450,22542095;
sh600868:3.700,3.890,4.070,3.580,329178473;
sh600869:4.030,4.150,4.130,4.030,26687028;
sh600871:2.200,2.190,2.200,2.130,52777506;
sh600874:6.830,7.030,7.000,6.830,12069355;
sh600876:14.230,15.600,15.170,14.230,14474630;
sh600879:7.300,7.440,7.370,7.110,101228018;
sh600880:3.710,3.740,3.710,3.640,9911907;
sh600882:16.500,16.760,17.000,16.430,3321171;
sh600885:34.610,34.860,34.800,33.120,12398806;
sh600888:4.800,4.850,4.850,4.680,41175940;
sh600889:5.000,5.150,5.300,4.910,12806067;
sh600894:6.750,7.090,6.980,6.750,11162081;
sh600898:6.900,7.040,7.070,6.850,2617988;
sh600917:6.400,6.540,6.500,6.400,3437004;
sh600959:3.740,3.900,3.800,3.740,30489963;
sh600962:6.950,7.090,7.080,6.900,2589401;
sh600965:7.160,7.420,7.280,7.160,3131240;
sh600966:6.390,6.700,6.840,6.390,19856306;
sh600973:4.140,4.250,4.240,4.130,21647958;
sh600976:16.680,16.920,16.890,16.630,1763784;
sh600980:12.280,12.670,12.500,12.280,1973450;
sh600981:3.220,3.330,3.320,3.220,6671428;
sh600982:2.690,2.750,2.750,2.680,4503151;
sh600983:4.300,4.420,4.440,4.300,1948201;
sh600986:3.950,4.230,4.020,3.940,82324766;
sh600988:8.540,8.600,8.800,8.250,197189303;
sh600990:44.180,44.860,44.880,43.690,2077452;
sh600992:6.120,6.360,6.260,6.120,2344884;
sh601002:5.670,5.990,6.030,5.670,20589173;
sh601008:3.390,3.470,3.480,3.370,11413205;
sh601016:2.230,2.320,2.320,2.230,26144497;
sh601069:14.300,14.820,14.620,14.280,21434484;
sh601100:58.020,61.900,63.800,58.020,9213885;
sh601106:2.710,2.790,2.850,2.700,43386123;
sh601118:4.210,4.300,4.310,4.210,23560931;
sh601126:5.330,5.520,5.500,5.330,4408850;
sh601168:6.090,6.330,6.270,6.090,25646076;
sh601199:3.680,3.800,3.810,3.680,8521311;
sh601222:5.220,5.380,5.320,5.180,23618535;
sh601226:3.800,4.000,3.930,3.800,6263050;
sh601233:13.550,13.920,13.910,13.550,47497884;
sh601311:9.340,9.620,9.510,9.340,16099923;
sh601339:3.640,3.690,3.710,3.630,7417100;
sh601388:1.730,1.780,1.760,1.720,31913983;
sh601515:6.070,6.220,6.210,6.070,4854830;
sh601567:8.150,8.610,8.490,8.080,18973974;
sh601608:3.560,3.800,3.800,3.560,58860032;
sh601616:2.960,3.110,3.020,2.960,13726690;
sh601677:11.080,11.680,11.360,11.080,11169597;
sh601689:20.390,21.490,21.280,20.200,26020916;
sh601700:5.550,6.030,6.130,5.550,53969486;
sh601727:4.530,4.660,4.680,4.510,23226819;
sh601789:4.020,4.380,4.380,4.020,45697053;
sh601799:97.300,100.100,99.010,95.910,3276762;
sh601818:3.790,3.860,3.850,3.780,92980059;
sh601866:2.110,2.200,2.170,2.110,50823158;
sh601958:6.510,6.600,6.590,6.480,17844822;
sh601968:4.460,4.610,4.640,4.440,3583977;
sh601996:2.570,2.670,2.660,2.570,12507456;
sh603002:4.440,4.600,4.480,4.420,14222050;
sh603003:8.600,9.090,8.640,8.300,15408895;
sh603006:11.260,11.460,11.460,11.080,4518039;
sh603009:7.520,7.820,7.890,7.460,17498783;
sh603010:15.150,15.470,15.500,14.650,14054278;
sh603015:5.710,5.820,5.800,5.680,1910843;
sh603017:9.480,10.400,10.400,10.350,6966148;
sh603018:11.070,11.830,11.830,11.050,27137692;
sh603020:7.790,7.940,7.920,7.770,3295600;
sh603021:6.570,6.860,6.770,6.570,2699676;
sh603022:15.570,15.340,15.770,15.040,3163108;
sh603023:4.630,5.090,5.090,4.630,34195428;
sh603025:8.130,8.680,8.670,8.100,5512141;
sh603085:6.650,6.960,6.940,6.620,4488261;
sh603088:8.750,9.060,8.960,8.630,2113997;
sh603099:8.170,8.360,8.350,8.170,1780140;
sh603108:10.530,10.840,10.990,10.450,7760128;
sh603111:6.200,6.640,6.440,6.200,28517229;
sh603116:6.230,6.460,6.320,6.180,5370100;
sh603117:3.550,3.770,3.650,3.550,9966392;
sh603123:7.440,7.670,7.580,7.440,5847431;
sh603126:4.250,4.430,4.440,4.250,5060963;
sh603158:23.550,23.550,24.130,22.820,4163800;
sh603168:8.500,8.790,8.860,8.500,5832939;
sh603222:52.530,52.530,53.000,52.400,276300;
sh603227:4.270,4.440,4.400,4.270,11841800;
sh603268:15.210,15.690,15.520,15.190,2210600;
sh603299:6.030,6.180,6.120,6.030,6346915;
sh603300:7.380,7.610,7.600,7.340,30065880;
sh603308:17.960,18.860,18.680,17.710,15277962;
sh603318:8.350,9.200,9.200,8.350,15058688;
sh603333:6.710,6.930,6.960,6.710,10730744;
sh603366:6.300,6.490,6.480,6.280,20161100;
sh603456:20.000,19.870,20.280,19.250,16282252;
sh603508:59.410,62.770,60.950,59.000,4946705;
sh603519:12.580,13.170,12.940,12.580,1771713;
sh603566:19.210,18.110,19.210,17.880,11917149;
sh603568:27.500,29.630,28.990,27.500,8852783;
sh603600:11.770,12.140,12.000,11.770,7163650;
sh603601:12.930,13.110,13.220,12.100,107341740;
sh603609:11.220,11.780,11.630,11.220,10832647;
sh603611:19.360,19.620,19.550,19.160,4247759;
sh603616:7.040,7.510,7.490,7.040,7513400;
sh603618:5.320,5.530,5.390,5.220,14524305;
sh603688:25.210,25.270,25.530,24.610,11376736;
sh603703:15.300,15.710,15.690,15.300,1899745;
sh603789:13.220,13.450,13.370,13.150,4144568;
sh603800:10.870,11.360,11.230,10.860,1822900;
sh603808:12.430,12.680,12.590,12.390,3333063;
sh603818:7.190,7.450,7.360,7.190,2426829;
sh603838:7.600,7.900,8.110,7.590,1447700;
sh603918:11.380,12.000,11.680,11.320,6801729;
sh603936:22.000,22.530,22.100,21.530,12607874;
sh603968:14.170,14.580,14.440,14.170,1257444;
sh603989:26.850,27.270,27.120,26.230,2541852;
sh603997:8.190,8.400,8.410,8.190,3286950;
sh603998:7.090,7.220,7.170,7.090,4807002;
sh603999:6.480,6.660,6.640,6.480,7805441;
sh600127:4.630,4.740,4.700,4.550,28906799;
sh603377:16.020,16.150,16.550,16.020,3209372;
sh601900:10.420,10.630,10.580,10.330,12537098;
sh603919:14.550,14.880,14.850,14.550,3530014;
sh603861:7.710,7.980,7.920,7.710,1994300;
sh603028:10.180,10.330,10.500,10.180,1381591;
sh603798:9.830,10.110,10.110,10.020,1809119;
sh603701:12.000,12.280,12.100,11.900,4293545;
sh603726:22.330,23.980,23.870,21.500,6488121;
sh603528:7.700,7.830,7.880,7.600,9790502;
sh603339:12.710,13.150,13.050,12.710,2094912;
sh603131:20.660,21.300,20.850,20.320,8361736;
sh603016:17.690,18.580,18.360,17.190,7027078;
sh603069:11.590,11.730,11.800,11.350,4718030;
sh600936:3.680,3.960,3.810,3.680,20028155;
sh601997:8.400,8.590,8.530,8.390,28635089;
sh601595:12.320,12.930,12.460,12.290,3607800;
sh603515:25.000,25.370,25.380,24.990,4536424;
sh603843:4.130,4.520,4.420,4.130,18152848;
sh601163:13.720,14.090,14.000,13.720,5756151;
sh603393:34.160,35.690,35.800,34.160,6127299;
sh603738:29.990,30.400,30.600,29.410,9158809;
sh601128:7.940,8.130,8.030,7.880,28539934;
sh603313:26.480,27.300,26.750,25.180,11130638;
sh600926:8.580,8.770,8.680,8.560,25242875;
sh603888:25.350,26.280,25.940,25.330,12917073;
sh603060:20.350,21.570,21.480,20.320,2965584;
sh603633:11.080,11.990,11.570,11.080,6886047;
sh603987:9.710,9.640,9.790,9.500,13193807;
sh603336:14.380,14.750,14.710,14.250,5851668;
sh603660:14.160,14.330,14.520,14.020,13747627;
sh603559:16.900,18.330,17.440,16.900,7071859;
sh603033:22.050,21.960,22.400,21.830,2425707;
sh603389:4.640,4.780,4.830,4.600,3035960;
sh603058:6.450,6.750,6.760,6.450,2489348;
sh603886:15.750,16.130,16.130,15.730,3197157;
sh603239:10.700,10.800,11.170,10.610,1684600;
sh601375:5.430,5.560,5.490,5.330,52983873;
sh603035:14.930,14.880,15.000,14.100,9845773;
sh603032:18.810,20.530,19.320,18.810,7878328;
sh603877:15.630,16.210,16.200,15.630,2496724;
sh603689:10.310,10.570,10.460,10.310,3192660;
sh603579:27.230,28.160,27.850,27.230,1104119;
sh603639:24.790,26.000,25.610,24.760,3179228;
sh601858:10.840,10.930,10.900,10.680,3944648;
sh603638:32.900,33.980,34.040,32.420,2753965;
sh603429:40.250,41.180,40.990,38.800,3210245;
sh603966:9.700,10.310,10.050,10.020,3967864;
sh603089:12.340,12.750,12.690,12.340,1180619;
sh603360:29.740,30.880,30.800,29.520,2687450;
sh603677:11.060,11.520,11.550,11.060,917076;
sh603637:14.310,14.710,14.760,14.220,1274720;
sh601212:3.060,3.160,3.130,3.050,25873728;
sh603603:7.490,7.950,7.920,7.420,6042037;
sh603817:5.960,6.120,6.110,5.960,2145859;
sh603717:7.610,8.000,7.940,7.580,3646902;
sh603656:13.460,13.960,13.970,13.440,692493;
sh603133:23.900,24.760,24.720,23.900,8141080;
sh603811:24.970,25.160,25.180,24.460,3473755;
sh603955:14.810,15.990,16.100,14.810,2351647;
sh603908:22.830,23.470,23.520,22.830,421543;
sh603991:15.550,16.150,15.940,15.550,900100;
sh603578:21.830,22.380,22.380,21.730,1730239;
sh601366:5.270,5.410,5.370,5.270,5426796;
sh603787:14.260,14.460,14.690,14.200,4714900;
sh603320:15.280,16.310,16.800,15.280,2690485;
sh603906:9.320,9.630,9.480,9.200,3270103;
sh603586:16.790,17.500,17.270,16.770,1912542;
sh603538:23.500,24.270,23.800,23.400,3166831;
sh603385:9.660,10.210,10.000,10.180,6923438;
sh603178:9.250,9.990,9.820,9.250,6130117;
sh603238:27.500,27.890,28.500,26.500,9608217;
sh603229:23.640,24.090,24.440,23.630,1056900;
sh603728:12.800,13.140,13.050,12.670,9314667;
sh603896:28.600,29.000,28.790,28.510,1009086;
sh603488:8.180,8.350,8.280,8.070,1294400;
sh603197:35.560,35.760,36.360,34.570,7364480;
sh603580:10.870,11.360,11.300,10.870,1193556;
sh603200:43.600,40.990,46.880,38.880,13498098;
sh603042:15.120,16.410,15.740,15.120,7427590;
sh603536:14.820,15.330,15.480,14.320,10344792;
sh603326:17.350,18.450,17.540,17.250,3719600;
sh603316:7.980,8.280,8.430,7.980,1658500;
sh603335:4.240,4.390,4.350,4.230,6881548;
sh603380:16.400,16.980,16.750,16.400,2618249;
sh603286:15.700,16.380,16.220,15.700,2187461;
sh603938:29.360,30.160,30.200,29.340,3001155;
sh603331:15.170,15.650,15.450,15.170,893454;
sh603933:13.870,14.030,13.870,13.630,3659396;
sh603595:39.990,38.970,40.290,36.700,6230917;
sh603612:12.140,12.130,12.190,11.930,2674187;
sh603676:9.990,10.140,10.090,10.050,1752552;
sh603063:9.500,9.670,9.510,9.320,5736720;
sh603233:53.750,55.500,55.980,53.750,4515821;
sh603357:10.110,11.020,11.020,10.110,16898371;
sh603860:24.550,25.700,25.820,24.550,457067;
sh603880:17.700,18.260,18.680,15.740,23592684;
sh603776:19.320,20.320,19.970,19.320,4147325;
sh603976:16.600,17.030,16.980,16.600,2577892;
sh603079:50.500,51.150,52.290,49.330,4483029;
sh603725:6.120,6.350,6.430,6.120,2844010;
sh603813:17.800,17.800,17.800,17.320,821510;
sh603136:22.400,22.800,22.760,22.140,1849833;
sh603378:28.200,30.400,29.920,27.680,2460334;
sh603367:16.640,16.910,16.800,16.550,5381200;
sh603103:14.450,15.270,14.840,14.450,4873649;
sh603110:15.220,16.780,16.200,15.220,4686473;
sh603499:14.520,15.040,14.920,14.520,2286678;
sh603829:9.300,9.710,9.590,9.300,832385;
sh603722:35.380,35.780,35.960,34.600,2639152;
sh603659:86.000,80.990,86.340,80.180,9631530;
sh603076:20.970,21.390,21.130,20.750,429100;
sh603661:36.420,37.790,37.470,36.420,800746;
sh601019:6.650,6.810,6.850,6.630,8234945;
sh603890:11.160,11.720,11.460,11.000,9386159;
sh603477:10.880,12.000,12.000,10.810,13081011;
sh603895:19.450,19.690,19.470,19.100,1038961;
sh603516:48.000,48.460,48.800,46.590,3007456;
sh603871:28.440,29.210,29.070,28.300,917667;
sh603709:22.110,22.800,22.620,22.110,570954;
sh603712:25.850,27.480,27.400,25.850,9509559;
sh603059:23.290,23.990,23.850,23.290,1036119;
sh600929:5.880,6.010,5.980,5.870,5345700;
sh603897:16.650,17.530,17.390,16.650,1898575;
sh603301:41.800,42.250,44.620,37.800,22186900;
sh603773:35.390,36.110,35.600,35.000,3140665;
sh603666:96.950,99.040,99.680,96.950,809500;
sh601990:13.910,14.010,14.020,13.460,157465524;
sh603713:50.630,55.380,54.440,50.630,2893397;
sh601606:9.450,9.750,9.700,9.450,8128258;
sh603590:36.190,36.920,36.390,35.810,1899738;
sh603192:24.380,25.030,24.880,24.100,1045493;
sh601068:4.560,4.770,4.750,4.460,26714187;
sh603297:37.510,38.350,38.390,36.830,2815969;
sh603790:12.900,13.420,13.300,12.900,2754705;
