sh600048:15.600,15.760,15.930,15.460,83846251;
sh600053:24.610,24.760,24.850,24.220,2393438;
sh600061:12.120,12.200,12.350,12.100,13827762;
sh600063:3.660,3.630,3.670,3.610,26359497;
sh600071:9.170,9.170,9.190,9.030,1950154;
sh600076:3.750,3.740,3.780,3.720,6440601;
sh600077:2.900,2.950,2.910,2.880,8831206;
sh600078:5.220,5.230,5.250,5.110,32127547;
sh600079:20.900,20.340,21.470,20.160,49378760;
sh600081:10.600,10.710,10.710,10.580,2455677;
sh600082:3.430,3.420,3.430,3.360,3117800;
sh600090:4.160,4.140,4.160,4.110,12390527;
sh600101:5.940,5.990,6.060,5.800,3076472;
sh600111:9.090,9.040,9.100,8.980,22835648;
sh600113:6.200,6.270,6.210,6.130,2825059;
sh600115:4.210,4.220,4.240,4.200,20035110;
sh600120:8.640,9.610,8.780,8.630,33661620;
sh600146:13.170,13.240,13.380,12.980,10172422;
sh600151:4.420,4.380,4.430,4.350,4206514;
sh600156:4.620,4.490,4.630,4.480,7176174;
sh600160:7.010,6.950,7.050,6.950,20740746;
sh600161:35.790,36.400,36.410,35.430,12801202;
sh600162:2.010,2.020,2.020,2.000,7135807;
sh600169:2.020,2.030,2.040,2.010,5955759;
sh600175:1.150,1.110,1.160,1.080,116592959;
sh600197:12.870,12.860,12.870,12.770,2418726;
sh600199:5.000,5.050,5.000,4.930,6506701;
sh600200:7.550,7.460,7.580,7.410,44109095;
sh600203:9.150,9.170,9.150,8.920,10788701;
sh600206:12.260,12.460,12.490,12.070,22344942;
sh600207:4.130,4.110,4.170,4.090,3218039;
sh600208:3.040,3.200,3.090,3.030,146058108;
sh600213:7.530,7.480,7.550,7.430,2721601;
sh600218:8.900,8.940,9.030,8.830,12085605;
sh600221:1.550,1.530,1.550,1.530,65113087;
sh600223:6.650,6.740,6.720,6.570,12111501;
sh600226:2.380,2.640,2.520,2.380,113043370;
sh600227:3.030,3.010,3.060,3.000,14066100;
sh600235:4.620,4.660,4.670,4.610,4233110;
sh600236:4.420,4.460,4.470,4.400,3077692;
sh600242:7.140,7.380,7.350,7.140,18178529;
sh600246:7.270,7.430,7.410,7.190,18443172;
sh600262:15.370,15.540,15.460,15.270,640500;
sh600266:6.870,6.890,6.880,6.820,6712744;
sh600267:17.410,17.250,17.550,17.050,98992948;
sh600268:7.980,8.490,8.490,7.870,60880565;
sh600278:9.000,8.980,9.020,8.920,1700600;
sh600279:3.710,3.720,3.740,3.700,2685730;
sh600283:10.600,10.490,10.940,10.420,9621578;
sh600285:8.900,8.850,9.100,8.760,9516781;
sh600288:11.130,11.100,11.130,10.970,2764823;
sh600291:7.110,7.150,7.200,7.090,5697288;
sh600293:2.770,2.750,2.770,2.700,7126792;
sh600300:3.370,3.370,3.420,3.330,57445604;
sh600310:3.770,3.860,3.930,3.770,6893788;
sh600311:2.550,2.560,2.550,2.510,13118466;
sh600313:4.030,4.000,4.140,3.930,79848503;
sh600317:2.150,2.150,2.160,2.140,4678823;
sh600322:2.520,2.530,2.540,2.510,7006853;
sh600323:19.860,20.120,20.130,19.680,7299321;
sh600326:6.830,6.830,6.890,6.770,9251707;
sh600336:5.240,5.560,5.310,5.150,25888362;
sh600337:4.390,4.270,4.390,4.270,16479804;
sh600338:8.170,8.020,8.170,7.960,5960745;
sh600339:2.700,2.730,2.740,2.690,18006482;
sh600351:5.390,5.400,5.430,5.310,21377939;
sh600353:5.200,5.220,5.210,5.120,4773722;
sh600354:4.330,4.330,4.330,4.200,17817305;
sh600355:3.170,3.200,3.210,3.140,7125882;
sh600360:7.550,7.680,7.740,7.490,40525794;
sh600363:13.810,14.140,14.180,13.810,4198355;
sh600366:5.530,5.530,5.550,5.450,23144962;
sh600371:13.750,14.280,14.160,13.590,44250076;
sh600375:4.430,4.420,4.450,4.360,6533800;
sh600381:4.850,4.810,4.860,4.770,7338975;
sh600392:7.150,7.130,7.210,7.070,33622361;
sh600393:2.850,2.880,2.890,2.830,13666400;
sh600398:6.360,6.410,6.440,6.340,8203448;
sh600419:11.720,11.650,11.900,11.590,5194860;
sh600425:3.730,3.740,3.750,3.710,13969100;
sh600429:5.280,5.210,5.310,5.080,5431853;
sh600449:13.430,13.410,13.540,13.110,24311808;
sh600455:24.490,24.090,24.490,24.000,1539000;
sh600463:6.020,6.030,6.040,5.980,925648;
sh600466:6.150,6.160,6.200,6.040,13739246;
sh600467:2.650,2.620,2.660,2.610,58738591;
sh600476:12.430,12.640,12.580,12.390,1699400;
sh600478:3.860,3.900,3.900,3.840,9294387;
sh600479:9.360,9.300,9.430,9.240,12085380;
sh600480:9.470,9.800,9.820,9.450,9008507;
sh600481:2.950,2.960,2.970,2.930,2087239;
sh600488:5.070,4.970,5.070,4.920,20355340;
sh600495:4.180,4.300,4.360,4.130,25443648;
sh600499:4.290,4.290,4.300,4.240,6194800;
sh600501:9.300,9.160,9.420,9.050,17082113;
sh600503:3.080,3.100,3.090,3.040,13394909;
sh600505:9.460,9.640,9.680,9.430,2899000;
sh600506:9.170,9.020,9.220,9.000,3432402;
sh600517:6.950,7.190,7.100,6.820,21028465;
sh600520:8.000,8.800,8.180,7.920,7141703;
sh600525:5.070,5.060,5.120,5.040,6311168;
sh600527:4.690,4.520,4.880,4.320,360877894;
sh600530:3.570,3.480,3.570,3.460,13662451;
sh600533:3.150,3.160,3.190,3.140,9348062;
sh600537:2.950,2.970,2.990,2.930,4863746;
sh600549:11.480,11.260,11.510,11.150,10601937;
sh600559:8.670,8.610,8.670,8.580,6859646;
sh600562:14.390,14.490,14.680,14.300,4442664;
sh600568:1.510,1.490,1.510,1.470,35286140;
sh600573:6.130,6.160,6.160,6.090,1878800;
sh600587:18.010,18.530,18.120,17.750,18605538;
sh600593:40.800,40.910,41.000,40.520,720100;
sh600596:8.540,8.450,8.540,8.410,9380915;
sh600601:3.310,3.330,3.350,3.270,11469415;
sh600602:7.220,7.280,7.250,7.160,4735147;
sh600603:5.910,6.140,6.130,5.840,25136845;
sh600604:7.070,7.090,7.080,7.010,9074136;
sh600613:7.400,7.380,7.400,7.240,8079140;
sh600623:5.360,5.390,5.390,5.340,4707398;
sh600624:8.660,8.610,8.670,8.550,12007770;
sh600626:5.000,5.000,5.020,4.960,4827400;
sh600628:11.950,11.940,12.070,11.900,2599760;
sh600630:7.640,7.540,7.640,7.510,6596098;
sh600638:5.110,5.110,5.130,5.080,1257411;
sh600639:12.810,12.940,12.900,12.700,1636821;
sh600640:18.190,18.660,18.760,18.180,8836639;
sh600641:18.500,18.980,18.920,18.330,8745610;
sh600644:4.850,4.960,4.960,4.840,2498507;
sh600645:20.110,21.260,21.390,20.060,18813948;
sh600647:13.180,13.000,13.180,12.880,1166360;
sh600649:5.250,5.240,5.250,5.190,5723956;
sh600651:3.550,3.530,3.570,3.510,3844873;
sh600661:15.870,15.940,16.040,15.760,1068149;
sh600662:3.830,3.840,3.840,3.810,4510448;
sh600668:14.750,14.760,14.840,14.660,6595041;
sh603179:22.500,22.680,22.510,21.910,909568;
sh600671:11.870,11.840,12.100,11.820,2123307;
sh600677:4.050,4.190,4.240,4.010,19100655;
sh600678:6.770,6.850,6.810,6.630,9863231;
sh600682:8.200,8.270,8.290,8.150,5309577;
sh600683:3.950,3.910,3.960,3.830,10328510;
sh600684:3.170,3.170,3.170,3.130,4178252;
sh600689:8.150,8.110,8.150,8.070,1673800;
sh600693:4.770,4.760,4.780,4.730,3031802;
sh600695:7.550,7.620,7.750,7.500,12003576;
sh600697:14.900,14.920,14.970,14.850,632300;
sh600706:8.260,8.390,8.590,8.260,6689192;
sh600708:3.020,3.060,3.070,3.020,5637289;
sh600711:4.140,4.150,4.160,4.120,9121650;
sh600712:5.370,5.460,5.520,5.350,18863099;
sh600716:3.850,3.780,3.860,3.760,2612000;
sh600719:4.280,4.480,4.460,4.280,4535391;
sh600724:3.730,3.690,3.750,3.660,6727736;
sh600730:4.390,4.440,4.430,4.380,2873571;
sh600734:3.450,3.550,3.510,3.370,14403525;
sh600736:5.180,5.390,5.220,5.160,16147977;
sh600737:8.550,8.560,8.710,8.500,23179674;
sh600744:2.350,2.620,2.620,2.320,36098779;
sh600746:5.920,5.870,5.940,5.850,1985900;
sh600748:5.350,5.320,5.420,5.280,13052513;
sh603893:51.820,52.120,52.400,51.110,2511292;
sh600755:6.300,6.280,6.320,6.260,9959594;
sh600756:18.410,18.450,18.430,18.270,3628817;
sh600764:27.450,27.890,27.940,27.380,1741673;
sh600770:4.560,4.610,4.640,4.550,5870185;
sh600771:13.320,13.160,13.520,13.130,5837894;
sh600773:5.420,5.440,5.450,5.350,6172935;
sh600777:1.750,1.760,1.760,1.740,33318830;
sh600783:13.500,13.590,13.600,13.300,5632129;
sh600784:4.290,4.290,4.290,4.240,1361400;
sh600785:14.710,14.680,14.710,14.510,412024;
sh600796:5.860,6.150,5.880,5.720,12294345;
sh600800:5.080,5.220,5.290,5.070,12359848;
sh600802:10.840,10.890,10.920,10.780,12691671;
sh600808:2.570,2.580,2.590,2.550,24370661;
sh600818:9.400,9.360,9.460,9.310,567300;
sh600819:4.880,4.800,4.880,4.780,4519800;
sh600821:3.940,3.940,3.950,3.900,2040601;
sh600822:8.380,8.380,8.430,8.330,1709947;
sh600824:3.440,3.460,3.510,3.360,22807635;
sh600825:5.570,5.640,5.680,5.530,6779979;
sh600828:4.010,4.020,4.040,3.990,2692945;
sh600829:9.260,9.480,10.220,10.090,50650512;
sh600830:5.690,5.760,5.780,5.650,16285627;
sh600831:8.120,8.220,8.220,8.090,6886991;
sh600833:10.210,10.230,10.450,10.120,8259021;
sh600834:6.330,6.260,6.340,6.230,1652177;
sh600836:6.060,6.000,6.250,5.830,27274878;
sh600838:6.580,6.610,6.920,6.470,34974017;
sh600841:6.830,7.020,7.180,6.800,2113659;
sh600843:6.920,6.790,6.920,6.740,3567348;
sh600846:8.400,8.560,8.520,8.370,10249904;
sh600851:8.340,8.230,8.430,8.200,3420133;
sh600853:3.520,3.530,3.540,3.470,12712728;
sh600854:3.760,3.790,3.810,3.730,4549693;
sh600855:24.100,23.140,24.110,22.610,71167568;
sh600857:9.430,9.380,9.480,9.310,950600;
sh600860:3.410,3.450,3.490,3.400,2156220;
sh600861:10.510,10.550,10.660,10.460,1341938;
sh600862:13.680,13.700,13.770,13.460,16240212;
sh600864:6.350,6.410,6.490,6.330,17738888;
sh600865:6.300,6.260,6.330,6.180,4498206;
sh600866:5.400,5.310,5.410,5.210,30145467;
sh600867:11.750,11.910,11.960,11.620,25942108;
sh600868:3.170,3.230,3.330,3.150,34869997;
sh600869:4.210,4.330,4.380,4.210,28592536;
sh600871:2.050,2.050,2.060,2.040,17175220;
sh600874:6.870,6.830,6.870,6.810,5239810;
sh600876:13.200,13.310,13.280,12.900,3546518;
sh600879:6.650,6.680,6.750,6.610,30176360;
sh600880:3.790,3.960,3.840,3.760,17399481;
sh600882:24.500,25.320,25.180,24.500,3148726;
sh600885:29.780,30.300,30.270,29.310,9496983;
sh600888:4.250,4.300,4.280,4.220,5224344;
sh600889:5.800,5.860,5.850,5.660,4937175;
sh600894:7.050,7.130,7.150,7.030,9363083;
sh600898:5.950,5.880,5.950,5.860,1581500;
sh600917:6.340,6.380,6.390,6.320,2280216;
sh600959:3.660,3.680,3.670,3.640,6880669;
sh600962:8.010,7.810,8.070,7.780,6352900;
sh600965:7.510,7.450,7.570,7.420,5366183;
sh600966:7.560,7.600,7.670,7.430,7343968;
sh600973:4.000,4.120,4.190,3.980,18018262;
sh600976:16.330,16.540,16.550,16.130,2382458;
sh600980:12.290,12.340,12.290,12.120,1630888;
sh600981:3.560,3.570,3.580,3.510,6189881;
sh600982:2.730,2.800,2.850,2.730,8552400;
sh600983:5.340,5.430,5.450,5.130,18479518;
sh600986:3.790,4.110,4.110,3.760,116678651;
sh600988:8.620,8.850,8.810,8.600,75677163;
sh600990:38.300,38.650,38.740,37.720,1066252;
sh600992:6.320,6.220,6.350,6.200,1675900;
sh601002:5.870,5.840,5.940,5.760,7794201;
sh601008:3.450,3.470,3.490,3.450,6075259;
sh601016:2.200,2.260,2.300,2.190,47610207;
sh601069:14.900,15.300,15.310,14.870,24498161;
sh601100:68.240,69.200,69.300,67.650,2688771;
sh601106:2.610,2.610,2.630,2.600,13050105;
sh601118:5.070,5.030,5.130,5.000,33551394;
sh601126:6.080,6.460,6.480,6.050,20007416;
sh601168:5.800,5.800,5.800,5.730,9055374;
sh601199:3.900,3.940,4.010,3.880,12395337;
sh601222:5.050,5.090,5.110,5.030,9601220;
sh601226:3.900,3.940,3.930,3.870,3005150;
sh601233:11.890,12.050,11.950,11.840,13651417;
sh601311:8.670,8.870,8.810,8.630,9891065;
sh601339:3.390,3.400,3.420,3.380,3109400;
sh601388:1.650,1.670,1.670,1.640,11890687;
sh601515:6.120,6.160,6.210,6.100,3730640;
sh601567:7.910,8.070,8.060,7.800,22069990;
sh601608:3.330,3.370,3.370,3.330,10289179;
sh601616:3.020,3.190,3.170,2.990,54352431;
sh601677:10.210,10.310,10.310,10.180,3103095;
sh601689:19.630,19.800,19.920,19.100,18552296;
sh601700:5.760,5.990,6.060,5.750,40465491;
sh601727:4.610,4.830,4.880,4.610,54672139;
sh601789:4.160,4.200,4.260,4.140,20709900;
sh601799:86.500,87.280,87.340,85.200,1079849;
sh601818:3.590,3.610,3.620,3.590,45417723;
sh601866:2.000,2.010,2.010,1.990,17529936;
sh601958:6.190,6.160,6.190,6.130,10476574;
sh601968:4.450,4.490,4.460,4.410,1736682;
sh601996:2.710,2.730,2.750,2.710,6612600;
sh603002:4.330,4.350,4.370,4.300,6411800;
sh603003:8.300,9.460,9.460,8.080,62005665;
sh603006:10.300,10.260,10.300,10.170,655873;
sh603009:7.380,7.600,7.470,7.320,11747122;
sh603010:12.020,12.990,12.310,12.020,16149115;
sh603015:5.800,5.810,5.800,5.710,977400;
sh603017:10.140,10.180,10.180,10.070,1218400;
sh603018:13.310,13.470,13.360,13.090,7579356;
sh603020:8.470,8.600,8.520,8.350,4840842;
sh603021:5.880,5.820,5.940,5.790,1783120;
sh603022:17.980,18.580,18.100,17.700,3121700;
sh603023:5.090,5.040,5.090,4.990,6404219;
sh603025:7.730,7.760,7.760,7.650,1632716;
sh603085:6.250,6.240,6.280,6.210,2017725;
sh603088:9.690,9.540,9.730,9.440,3054440;
sh603099:7.980,7.890,7.980,7.860,1230728;
sh603108:10.530,10.910,10.750,10.420,18475153;
sh603111:7.030,7.160,7.190,7.010,11299497;
sh603116:7.070,7.070,7.090,6.970,1475495;
sh603117:3.510,3.530,3.540,3.500,2566733;
sh603123:9.460,8.920,9.530,8.800,17004400;
sh603126:4.350,4.400,4.370,4.330,3122700;
sh603158:17.940,17.610,17.940,17.100,7714679;
sh603168:8.550,8.450,8.550,8.290,3218091;
sh603222:46.540,46.850,47.090,46.450,990400;
sh603227:4.100,4.060,4.100,4.040,2174200;
sh603268:14.050,13.820,14.130,13.770,1570540;
sh603299:6.250,6.270,6.320,6.220,3789100;
sh603300:6.970,6.790,6.980,6.770,8564660;
sh603308:14.100,14.020,14.120,13.880,3775051;
sh603318:7.600,7.530,7.610,7.370,9344800;
sh603333:7.830,8.020,8.140,7.780,17916101;
sh603366:5.320,5.850,5.470,5.310,23640459;
sh603456:21.010,20.530,21.110,20.370,7725940;
sh603508:51.820,52.180,52.220,51.620,957284;
sh603519:12.000,11.890,12.010,11.800,1252380;
sh603566:18.250,18.630,18.470,18.110,7066500;
sh603568:30.130,30.950,30.670,29.000,2809003;
sh603600:12.190,12.410,12.320,12.100,3098433;
sh603601:12.400,12.150,12.600,12.100,53980386;
sh603609:13.880,13.580,13.930,13.330,24574712;
sh603611:17.000,17.320,17.550,16.920,2533112;
sh603616:7.190,7.180,7.280,7.150,2944400;
sh603618:5.750,5.830,5.970,5.660,12884236;
sh603688:21.180,21.700,21.580,20.760,5454603;
sh603703:17.800,17.880,17.930,17.770,4586385;
sh603789:13.630,13.360,13.630,13.280,8008920;
sh603800:10.860,10.880,10.980,10.860,987100;
sh603808:10.990,10.970,11.000,10.890,2556476;
sh603818:6.560,6.550,6.570,6.500,592000;
sh603838:8.000,7.750,8.040,7.730,951900;
sh603918:12.000,12.170,12.190,11.950,6610511;
sh603936:18.060,18.290,18.260,17.860,4084661;
sh603968:13.260,13.440,13.260,13.050,1326324;
sh603989:23.960,24.570,24.250,23.610,1641037;
sh603997:8.780,8.910,9.000,8.660,26711223;
sh603998:7.190,7.170,7.250,7.020,12993200;
sh603999:5.740,5.790,5.770,5.700,3203340;
sh600127:9.480,9.320,9.930,9.180,137864352;
sh603377:14.390,14.960,14.480,14.270,3121495;
sh601900:9.790,10.060,9.880,9.690,3759250;
sh603919:14.160,14.000,14.210,13.860,4805631;
sh603861:8.140,8.210,8.350,8.100,1802200;
sh603028:11.600,11.490,11.640,11.370,2629000;
sh603798:10.040,10.080,10.190,10.000,1903700;
sh603701:10.550,10.640,10.630,10.400,2427088;
sh603726:13.140,13.040,13.200,12.960,4761468;
sh603528:7.810,7.880,8.000,7.770,4490003;
sh603339:12.350,12.680,13.240,12.340,4940626;
sh603131:15.740,15.810,15.880,15.510,2541280;
sh603016:22.370,23.380,22.990,22.040,4049254;
sh603069:9.420,9.400,9.650,9.380,4341100;
sh600936:3.780,3.770,3.780,3.750,2042200;
sh601997:7.570,7.620,7.610,7.570,13063107;
sh601595:12.190,12.110,12.190,12.010,1833000;
sh603515:23.750,23.760,23.830,23.580,964676;
sh603843:4.390,4.380,4.430,4.330,8009420;
sh601163:13.170,13.260,13.340,13.120,2286600;
sh603393:43.070,43.400,43.800,42.800,3777169;
sh603738:23.000,23.250,23.450,22.000,5406679;
sh601128:6.700,6.720,6.720,6.660,26022322;
sh603313:18.680,18.410,18.850,18.350,7457415;
sh600926:7.710,7.720,7.720,7.680,7818517;
sh603888:23.370,24.140,23.850,23.290,10144288;
sh603060:21.830,21.590,21.940,21.530,1312214;
sh603633:11.070,11.080,11.070,10.910,1663980;
sh603987:12.030,12.110,12.330,11.910,10861410;
sh603336:16.730,16.280,16.800,16.210,11301501;
sh603660:10.880,11.030,11.060,10.850,4491963;
sh603559:23.200,23.620,23.840,22.810,15123946;
sh603033:27.380,28.230,28.630,27.380,1397733;
sh603389:4.200,4.230,4.250,4.160,1390849;
sh603058:7.000,7.570,7.140,6.920,8432290;
sh603886:17.320,17.510,17.650,17.300,3705590;
sh603239:12.250,11.960,12.290,11.760,1626858;
sh601375:4.870,4.910,4.970,4.860,18171492;
sh603035:11.700,11.780,11.940,11.620,4589800;
sh603032:21.500,20.550,21.500,19.560,10028938;
sh603877:15.000,15.230,15.160,14.960,783800;
sh603689:10.550,10.610,10.750,10.530,1699100;
sh603579:28.800,30.110,30.190,28.800,2899063;
sh603639:27.300,26.950,27.520,26.900,1576807;
sh601858:9.360,9.600,9.470,9.360,2821037;
sh603638:38.370,38.790,38.850,37.610,1914068;
sh603429:33.080,34.000,33.460,32.870,1910200;
sh603966:9.700,10.020,9.880,9.460,2416750;
sh603089:11.450,11.640,11.580,11.450,475007;
sh603360:29.600,29.480,29.790,29.110,3431445;
sh603677:10.120,10.280,10.190,10.110,1110469;
sh603637:13.620,13.480,13.700,13.400,503097;
sh601212:2.920,2.910,2.930,2.880,33787965;
sh603603:6.610,6.440,6.610,6.400,5501899;
sh603817:5.930,5.950,5.980,5.860,1357600;
sh603717:7.690,7.710,7.740,7.670,1525071;
sh603656:13.300,13.170,13.300,12.850,629071;
sh603133:17.600,17.590,17.610,17.400,2019133;
sh603811:26.650,26.470,26.650,26.060,2256884;
sh603955:17.080,17.310,17.390,17.000,1166790;
sh603908:22.510,22.750,22.880,22.510,295314;
sh603991:26.890,27.270,29.090,26.650,5256220;
sh603578:19.220,19.220,19.430,19.040,430283;
sh601366:6.280,6.280,6.390,6.240,6172200;
sh603787:11.830,12.020,11.870,11.700,2227269;
sh603320:16.350,16.280,16.790,16.120,3464672;
sh603906:9.360,9.380,9.410,9.330,1698116;
sh603586:16.480,16.480,16.680,16.250,575909;
sh603538:37.100,36.310,37.180,35.580,10231650;
sh603385:10.220,10.150,10.230,10.040,3509902;
sh603178:7.940,8.000,8.110,7.830,1911804;
sh603238:32.690,32.820,32.990,31.980,2519010;
sh603229:30.450,30.500,31.000,30.030,1694800;
sh603728:11.800,12.120,12.090,11.660,3900584;
sh603896:29.060,28.530,29.200,28.340,1252560;
sh603488:8.240,8.500,8.360,8.210,1267500;
sh603197:26.000,26.000,26.300,25.780,1891797;
sh603580:12.070,11.830,12.070,11.640,1775167;
sh603200:62.500,60.850,62.500,59.270,1729545;
sh603042:18.200,18.540,18.500,17.930,6317100;
sh603536:13.760,13.700,14.060,13.650,5734585;
sh603326:19.110,19.870,19.800,19.080,1938770;
sh603316:11.480,11.750,11.800,11.120,9809745;
sh603335:4.340,4.340,4.390,4.310,11134612;
sh603380:16.110,16.240,16.230,15.920,1387700;
sh603286:15.400,15.390,15.400,15.120,592800;
sh603938:22.960,23.950,23.000,22.520,3483247;
sh603331:16.410,16.500,16.630,16.360,1189300;
sh603933:13.390,13.260,13.480,13.180,4143890;
sh603595:26.900,26.800,27.480,26.500,1426600;
sh603612:10.500,10.490,10.600,10.430,2003344;
sh603676:12.700,12.600,12.940,12.380,15866281;
sh603063:8.220,8.300,8.370,8.210,1285000;
sh603233:62.900,65.340,64.000,62.550,2746022;
sh603357:9.680,9.800,9.840,9.670,1782159;
sh603860:26.120,26.280,26.190,25.750,289400;
sh603880:14.580,14.700,14.800,14.350,4738143;
sh603776:18.790,19.230,18.900,18.560,2817181;
sh603976:15.920,16.200,16.080,15.800,2280480;
sh603079:44.750,44.620,45.360,43.610,3450259;
sh603725:6.770,6.660,6.800,6.590,1665340;
sh603813:17.800,17.550,17.800,17.300,545966;
sh603136:23.500,23.130,23.660,23.100,781113;
sh603378:29.900,28.800,29.900,28.060,1646174;
sh603367:17.550,17.540,17.820,17.380,6582171;
sh603103:14.070,14.040,14.070,13.810,1149968;
sh603110:14.810,14.820,15.030,14.760,1163940;
sh603499:15.120,15.120,15.450,14.860,2612560;
sh603829:9.970,10.070,10.160,10.020,1214140;
sh603722:28.090,27.500,28.110,27.000,1453600;
sh603659:70.000,70.560,70.900,69.030,4890734;
sh603076:20.790,20.830,20.990,20.790,193500;
sh603661:34.850,34.730,34.960,34.490,428900;
sh601019:6.430,6.460,6.460,6.400,2501602;
sh603890:16.400,16.320,16.490,15.910,10120802;
sh603477:11.930,11.920,12.250,11.820,3377127;
sh603895:19.050,19.160,19.240,18.880,468900;
sh603516:38.200,38.800,39.010,37.900,1437085;
sh603871:27.010,27.100,27.130,26.860,308884;
sh603709:29.330,29.050,29.660,28.660,1041200;
sh603712:27.680,28.340,28.490,27.580,13235945;
sh603059:29.500,29.900,29.850,28.520,5894139;
sh600929:6.120,6.180,6.170,6.060,8600483;
sh603897:16.560,16.910,16.880,16.490,1709995;
sh603301:40.400,41.300,40.430,39.650,8734788;
sh603773:31.100,31.590,31.190,30.710,981130;
sh603666:98.590,94.850,99.000,92.390,1230432;
sh601990:14.610,14.840,15.150,14.560,91226714;
sh603713:59.590,59.780,60.350,58.570,1517900;
sh601606:9.490,9.580,9.680,9.420,11110593;
sh603590:40.560,40.140,40.850,39.830,3514072;
sh603192:25.280,25.100,25.440,24.810,826800;
sh601068:4.240,4.260,4.260,4.220,3639762;
sh603297:31.160,31.340,31.260,30.690,506390;
sh603790:13.320,12.990,13.320,12.900,3676340;
sh603583:48.940,49.050,49.550,48.280,1697906;
sh601975:2.460,2.450,2.470,2.440,21235539;
sh603629:22.300,22.280,22.390,21.910,581457;
sh603185:39.640,38.900,40.380,38.850,3410115;
sh601298:5.630,5.620,5.630,5.600,5354587;
sh603700:36.080,36.230,36.790,34.710,2544339;
sh601615:10.080,10.170,10.150,10.010,6573995;
sh601865:11.240,11.320,11.390,11.230,6126811;
sh603317:48.300,47.930,48.890,47.700,3276544;
sh603697:13.170,13.400,13.170,13.010,4004085;
sh603982:16.930,17.900,18.500,16.580,16459359;
sh603327:25.300,25.130,25.300,24.940,1729700;
sh603915:12.830,12.870,12.940,12.700,1816300;
sh601236:19.050,19.370,19.690,19.000,31495859;
sh603530:20.580,20.920,21.380,20.250,6658165;
sh603115:17.260,17.190,17.260,17.040,999800;
sh603992:16.750,16.280,16.750,16.190,2536270;
sh603755:49.020,50.460,49.960,48.770,855700;
sh600000:10.100,10.160,10.180,10.100,14402797;
sh600004:13.310,13.540,13.440,13.240,7357570;
sh600006:4.050,4.050,4.080,4.030,7114976;
sh600007:13.370,14.320,14.000,13.330,10026670;
sh600008:3.190,3.230,3.250,3.180,20806804;
sh600009:65.130,65.220,65.290,64.600,6463159;
sh600011:4.210,4.300,4.320,4.190,26230491;
sh600012:5.170,5.160,5.200,5.130,1511195;
sh600015:6.440,6.480,6.460,6.430,12534807;
sh600016:5.750,5.780,5.780,5.740,53222974;
sh600017:2.450,2.460,2.450,2.440,6932325;
sh600018:4.310,4.320,4.330,4.300,10349494;
sh600019:4.870,4.900,4.890,4.850,20596784;
sh600020:3.750,3.780,3.770,3.750,6153468;
sh600021:7.480,7.630,7.690,7.440,4663523;
sh600023:3.390,3.490,3.510,3.390,26049873;
sh600026:8.400,8.470,8.620,8.340,26971851;
sh600027:3.490,3.520,3.520,3.450,20204097;
sh600028:4.470,4.470,4.480,4.470,80857407;
sh600029:5.200,5.150,5.200,5.130,26215169;
sh600030:22.890,23.670,23.940,22.850,227890726;
sh600031:19.030,19.160,19.210,18.820,69111873;
sh600033:2.720,2.740,2.750,2.710,5008684;
sh600035:3.120,3.140,3.140,3.110,7059352;
sh600036:32.200,32.100,32.410,31.960,29498482;
sh600037:8.700,8.800,8.760,8.670,5754166;
sh600038:43.950,44.760,45.290,43.500,7425612;
sh600050:5.270,5.290,5.310,5.270,67528040;
sh600054:8.630,8.560,8.630,8.450,5034620;
sh600055:14.890,16.120,15.440,14.800,34853342;
sh600056:15.750,16.480,15.980,15.600,71406973;
sh600057:5.050,5.190,5.090,4.880,34738658;
sh600059:7.270,7.270,7.300,7.250,1850664;
sh600060:9.330,9.540,9.440,9.220,11280568;
sh600062:13.230,13.280,13.400,13.140,10892139;
sh600064:8.370,8.410,8.380,8.310,6177803;
sh600066:12.800,12.840,12.810,12.680,6944926;
sh600068:6.470,6.560,6.650,6.450,49925245;
sh600072:11.460,11.400,11.610,11.330,11815260;
sh600073:8.500,8.490,8.600,8.300,25499721;
sh600075:4.790,4.770,4.800,4.750,5358300;
sh600085:25.430,25.460,25.740,25.270,7189589;
sh600089:7.440,8.110,7.960,7.410,206917941;
sh600093:12.300,13.070,12.690,12.230,37883663;
sh600097:10.200,10.290,10.360,10.150,3369351;
sh600098:5.730,5.760,5.810,5.730,1941900;
sh600100:8.000,8.040,8.030,7.980,15043980;
sh600104:18.520,18.970,18.700,18.410,23402497;
sh600105:4.380,4.480,4.430,4.340,13879903;
sh600106:2.810,2.820,2.820,2.800,3781877;
sh600109:9.510,9.630,9.810,9.490,51543713;
sh600114:9.290,9.240,9.360,9.150,13696590;
sh600116:8.760,8.700,8.770,8.300,24415260;
sh600118:33.580,33.680,34.340,33.330,23660852;
sh600125:4.800,4.850,4.830,4.780,6377429;
sh600126:8.010,7.930,8.360,7.860,87782233;
sh600129:13.120,13.050,13.270,12.900,8188180;
sh600131:19.080,19.440,19.630,18.940,12254945;
sh600132:51.770,52.220,52.220,50.700,2949723;
sh600133:6.150,6.330,6.450,6.130,37845877;
sh600138:9.890,9.900,9.910,9.840,6525597;
sh600141:9.710,9.560,9.740,9.550,11990609;
sh600143:9.810,9.350,9.810,9.350,95338423;
sh600150:18.570,18.730,18.900,18.440,7053586;
sh600153:7.650,7.620,7.690,7.610,7971793;
sh600158:8.280,8.440,8.380,8.280,5834283;
sh600170:3.230,3.240,3.260,3.210,19016185;
sh600171:16.600,16.880,16.820,16.410,15334248;
sh600176:8.290,8.320,8.360,8.210,19002944;
sh600177:6.450,6.470,6.490,6.440,6811487;
sh600183:28.000,28.310,28.450,27.720,16599733;
sh600195:13.330,13.290,13.440,13.190,11252450;
sh600196:34.440,36.530,35.090,34.150,89670636;
sh600216:17.350,17.140,17.600,16.950,33235761;
sh600217:5.070,5.090,5.100,5.050,5423019;
sh600219:2.080,2.100,2.100,2.080,31284542;
sh600233:11.260,11.260,11.300,11.130,11214511;
sh600252:3.540,3.550,3.620,3.470,62601335;
sh600256:2.620,2.620,2.630,2.590,18804364;
sh600258:14.020,13.960,14.020,13.820,6983890;
sh600260:13.520,13.860,13.730,13.400,36485771;
sh600261:3.610,3.640,3.610,3.580,5611450;
sh600269:3.530,3.540,3.540,3.500,4592581;
sh600271:19.110,19.280,19.160,19.000,11956880;
sh600276:96.170,97.410,97.920,95.520,13955286;
sh600284:6.800,6.810,6.840,6.770,11143933;
sh601658:5.240,5.240,5.250,5.200,26906935;
sh600969:6.360,6.500,6.610,6.300,6172270;
sh600297:3.700,3.640,3.750,3.620,27404692;
sh600298:36.800,37.010,36.870,35.910,11467551;
sh600299:12.620,12.600,12.790,12.490,12431558;
sh600305:19.600,19.660,19.860,19.420,9172358;
sh600309:42.930,42.200,42.980,42.080,16473914;
sh600312:8.900,9.990,9.990,8.870,128638796;
sh600315:24.990,25.030,25.250,24.810,2065600;
sh600316:13.350,13.710,13.890,13.280,13993142;
sh600320:3.250,3.230,3.260,3.210,7216242;
sh600325:6.590,6.670,6.660,6.500,14784066;
sh600332:32.410,32.110,32.560,31.820,12668094;
sh600340:21.220,21.170,21.300,21.120,5520576;
sh600343:8.320,8.330,8.370,8.200,3868200;
sh600345:20.780,20.860,20.870,20.370,3080469;
sh600350:4.130,4.170,4.160,4.120,5905900;
sh600352:11.980,11.890,11.990,11.890,27668060;
sh600361:4.030,4.060,4.150,4.020,13084161;
sh600362:13.100,13.060,13.100,12.940,11612890;
sh600369:4.510,4.560,4.600,4.490,20174786;
sh600372:13.170,13.370,13.470,13.150,4889536;
sh600376:6.610,6.600,6.620,6.550,3935888;
sh600377:9.860,10.070,10.080,10.010,6381241;
sh600380:12.800,12.910,13.050,12.630,29018540;
sh600383:13.530,13.560,13.840,13.450,18222149;
sh600388:9.000,9.070,9.070,8.970,3935858;
sh600390:7.250,7.300,7.340,7.210,7434608;
sh600391:17.360,17.990,17.940,17.040,14585141;
sh600406:20.500,21.370,21.670,20.410,32885340;
sh600410:12.010,12.290,12.330,11.960,55209963;
sh600418:4.970,4.960,4.980,4.930,10286015;
sh600420:10.280,10.160,10.430,10.070,19558360;
sh600422:10.450,10.530,10.620,10.320,21761459;
sh600428:3.170,3.170,3.190,3.140,4806053;
sh600435:7.610,7.750,7.740,7.530,12890137;
sh600436:134.050,135.080,136.500,133.000,2783188;
sh600439:2.720,2.790,2.750,2.710,8967745;
sh600446:17.200,17.620,17.540,17.110,14321166;
sh600452:20.670,21.450,21.650,20.530,6965069;
sh600460:14.680,14.730,14.780,14.400,19907834;
sh600477:3.940,3.940,4.000,3.910,13168424;
sh600482:16.580,16.760,16.880,16.520,3480813;
sh600483:8.140,8.120,8.150,8.070,3379735;
sh600486:74.780,75.380,75.440,73.910,2664267;
sh600487:16.400,16.830,16.770,16.130,55666307;
sh600489:8.880,8.980,9.000,8.800,51634036;
sh600496:3.670,3.700,3.690,3.610,29616952;
sh600497:3.590,3.570,3.590,3.550,13687145;
sh600498:31.580,32.120,32.330,31.310,26507739;
sh600500:5.200,5.230,5.210,5.170,6354189;
sh600507:5.480,5.420,5.480,5.420,8366860;
sh600511:39.300,38.850,43.240,38.100,67378771;
sh600516:9.010,9.080,9.100,8.980,19391893;
sh600519:1192.970,1197.100,1196.500,1184.100,2171574;
sh600522:10.660,11.180,11.140,10.510,156387923;
sh600529:34.960,35.050,35.080,33.900,4360259;
sh600535:14.920,14.730,15.020,14.590,15368927;
sh600536:71.110,71.890,71.570,70.000,9025781;
sh600545:5.440,5.430,5.470,5.410,3984805;
sh600547:36.470,37.490,36.950,36.350,30868502;
sh600548:8.990,9.060,9.010,8.900,2254148;
sh600557:15.130,15.100,15.240,14.750,17189679;
sh600563:47.510,48.300,48.000,47.000,1792909;
sh600565:2.780,2.810,2.800,2.770,10681437;
sh600566:22.590,22.410,22.950,22.160,8935887;
sh600570:91.410,93.690,92.000,90.660,14531055;
sh600571:9.140,9.480,9.420,9.110,9941578;
sh600572:5.570,5.630,5.670,5.540,54226242;
sh600577:2.880,3.190,3.190,2.870,80051825;
sh600578:2.780,2.870,2.890,2.780,10059484;
sh600580:10.880,11.090,11.120,10.760,19664943;
sh600582:2.900,2.920,2.930,2.880,12697707;
sh600583:5.350,5.280,5.410,5.260,20088586;
sh600584:20.800,21.520,21.360,20.560,60050803;
sh600585:57.210,57.280,57.740,56.880,18277841;
sh600588:42.720,44.370,43.940,42.720,21969022;
sh600590:5.820,5.900,5.900,5.750,9404277;
sh600597:11.550,11.470,11.670,11.390,8642341;
sh600598:15.900,16.080,16.330,15.710,49361880;
sh600600:45.980,46.550,46.150,45.000,5786589;
sh600606:5.490,5.480,5.510,5.450,24526982;
sh600611:3.740,3.710,3.750,3.700,5310778;
sh600612:40.010,39.890,40.010,39.600,1346228;
sh600616:4.580,4.680,4.640,4.560,6464374;
sh600618:7.850,7.810,7.910,7.720,6105091;
sh600619:8.330,8.240,8.350,8.230,1076900;
sh600622:3.690,3.690,3.720,3.650,7578224;
sh600633:9.000,9.350,9.180,8.940,17217612;
sh600635:4.130,4.150,4.190,4.110,11904982;
sh600637:9.100,9.180,9.100,9.020,9474276;
sh600642:5.340,5.370,5.350,5.300,5153022;
sh600643:7.850,7.870,7.920,7.830,8604822;
sh600648:14.710,14.710,14.750,14.660,2587100;
sh600650:8.600,8.650,8.660,8.600,762910;
sh600655:7.320,7.430,7.400,7.320,5515261;
sh600657:3.680,3.670,3.680,3.620,8218989;
sh600658:4.250,4.250,4.270,4.200,1519666;
sh600660:18.850,18.760,18.860,18.700,10698006;
sh600663:10.950,10.970,11.050,10.920,1750840;
sh600667:10.400,10.510,10.630,10.320,48540990;
sh600674:9.000,8.920,9.050,8.920,4690089;
sh600685:14.360,14.670,14.840,14.260,16808073;
sh600686:6.040,6.050,6.080,6.020,1602418;
sh600688:4.160,4.150,4.180,4.120,20769459;
sh600690:14.790,14.740,14.800,14.600,29226118;
sh600699:20.290,20.500,20.540,19.980,35263134;
sh600702:22.680,22.680,22.830,22.410,4590552;
sh600703:21.000,21.150,21.310,20.620,56948834;
sh600704:4.660,4.660,4.690,4.650,12928301;
sh600705:3.930,3.930,3.970,3.920,18456798;
sh600713:4.650,4.640,4.730,4.570,15436490;
sh600717:5.430,5.420,5.440,5.390,3572521;
sh600718:11.460,11.730,11.580,11.340,11204932;
sh600720:13.820,13.830,13.930,13.540,25325135;
sh600723:5.400,5.380,5.400,5.340,2244395;
sh600728:9.570,9.730,9.770,9.550,64985661;
sh600729:27.360,27.330,27.390,27.330,2816476;
sh600733:5.380,5.520,5.460,5.360,13903591;
sh600741:20.380,20.330,20.600,20.190,10178675;
sh600743:2.180,2.180,2.180,2.160,5206780;
sh600745:95.500,97.890,97.770,94.010,13023667;
sh600749:8.350,8.300,8.400,8.190,1509000;
sh600750:12.290,12.130,12.340,12.030,7067942;
sh600754:24.820,24.860,24.940,24.580,1173947;
sh600760:31.030,33.150,33.850,31.000,31038716;
sh600761:9.460,9.500,9.500,9.410,5166530;
sh600763:113.500,114.550,114.500,111.820,2254653;
sh600765:8.830,8.910,8.970,8.760,7019914;
sh600775:8.410,8.460,8.550,8.350,8674513;
sh600776:17.110,17.390,17.310,17.010,9538084;
sh600779:44.480,43.610,44.480,43.210,4051454;
sh600787:4.380,4.370,4.400,4.350,9922413;
sh600789:10.590,10.520,10.700,10.430,79655111;
sh600790:3.100,3.100,3.110,3.090,3240000;
sh600794:3.240,3.250,3.260,3.220,5788500;
sh600795:2.020,2.070,2.120,2.020,139282108;
sh600797:9.050,9.290,9.190,8.980,34079736;
sh600798:3.130,3.140,3.160,3.120,4720060;
sh600801:25.350,25.360,25.430,25.000,11085786;
sh600803:10.090,9.660,10.170,9.610,32000978;
sh600804:6.470,6.460,6.490,6.260,67894542;
sh600805:4.400,4.440,4.430,4.390,2163852;
sh600809:95.330,95.660,96.440,94.860,2028809;
sh600814:5.120,4.980,5.150,4.960,12250164;
sh600820:5.520,5.540,5.540,5.500,7785734;
sh600823:4.170,4.200,4.190,4.160,6463102;
sh600826:9.910,9.910,9.960,9.850,1200066;
sh600827:7.860,7.950,8.090,7.830,10728170;
sh600835:14.100,14.160,14.130,14.010,3352178;
sh600837:12.830,13.090,13.160,12.800,70171494;
sh600839:2.710,2.710,2.730,2.700,32990266;
sh600845:45.480,46.450,46.150,44.810,10768427;
sh600848:19.340,19.440,19.610,19.250,1924138;
sh600850:22.160,22.590,22.530,22.050,2920414;
sh600859:12.140,12.160,12.210,12.060,2383322;
sh600872:45.830,45.960,46.550,45.200,7399684;
sh600873:4.400,4.370,4.420,4.330,39472368;
sh600875:8.750,9.090,9.080,8.730,19955083;
sh600884:10.950,10.920,10.960,10.740,9023256;
sh600886:7.730,7.800,7.850,7.710,8829897;
sh600887:29.890,29.800,30.190,29.620,30316611;
sh603551:17.130,16.890,17.260,16.810,3312151;
sh600893:22.520,22.990,23.280,22.390,11358469;
sh600895:12.520,12.620,12.780,12.450,8920574;
sh600897:18.180,18.080,18.210,17.990,640822;
sh600900:17.020,17.150,17.150,17.020,10597496;
sh600958:9.410,9.490,9.620,9.400,24290331;
sh600967:9.400,9.480,9.570,9.350,8670141;
sh600970:5.890,5.890,5.910,5.850,8675695;
sh600975:8.640,8.580,8.790,8.480,18278468;
sh600987:5.570,5.530,5.570,5.510,2131590;
sh600993:15.960,15.900,16.250,15.720,5310195;
sh600995:7.720,8.050,8.170,7.710,13059836;
sh600998:17.810,17.790,18.290,17.700,8050311;
sh600999:17.750,17.860,18.000,17.700,13641424;
sh601003:5.010,4.970,5.030,4.960,7317474;
sh601006:6.830,6.830,6.850,6.790,18535145;
sh601007:8.110,8.060,8.160,8.020,856549;
sh601009:7.470,7.460,7.490,7.430,17483154;
sh601010:3.120,3.140,3.150,3.110,4459305;
sh601012:25.000,26.290,25.500,24.900,45680942;
sh601018:3.410,3.420,3.430,3.390,21116221;
sh601021:34.010,33.650,34.520,33.490,5756260;
sh601038:6.250,6.150,6.250,6.110,8995857;
sh601088:15.890,16.000,16.080,15.860,10667520;
sh601099:3.290,3.310,3.350,3.290,86533823;
sh601107:3.480,3.630,3.590,3.450,15340108;
sh601111:6.700,6.700,6.750,6.660,21704585;
sh601116:12.500,13.120,13.070,12.470,11075224;
sh601117:6.060,6.150,6.150,6.060,23690167;
sh601137:11.380,11.450,11.490,11.210,2146741;
sh601139:7.150,7.340,7.380,7.150,8486550;
sh601158:5.290,5.290,5.310,5.270,1710119;
sh601166:15.930,15.920,15.990,15.850,38096914;
sh601169:4.770,4.780,4.800,4.760,35051321;
sh601186:9.480,9.450,9.510,9.390,58959937;
sh601198:10.900,10.980,11.100,10.880,12282203;
sh601211:16.460,16.890,16.860,16.460,40089743;
sh601216:2.540,2.580,2.600,2.530,25922065;
sh601231:16.810,16.880,16.890,16.480,17079772;
sh601238:10.160,10.110,10.160,10.050,7889563;
sh601288:3.400,3.430,3.420,3.400,106371186;
sh601360:19.210,19.570,19.390,19.110,15013809;
sh601318:70.500,70.380,70.710,70.160,28292960;
sh601328:5.160,5.200,5.190,5.160,45156090;
sh601333:2.390,2.410,2.410,2.380,16768636;
sh601336:41.650,41.650,41.890,41.530,4776449;
sh601377:6.120,6.150,6.220,6.110,26627487;
sh601390:5.710,5.650,5.720,5.620,40640459;
sh601398:5.110,5.120,5.130,5.100,70058872;
sh601519:7.650,7.730,7.830,7.560,31302579;
sh601555:7.850,7.920,7.960,7.810,31106378;
sh601579:7.540,7.560,7.570,7.520,465090;
sh601588:2.720,2.740,2.740,2.710,6514500;
sh601600:2.900,2.910,2.910,2.880,25047356;
sh601601:27.710,27.870,27.940,27.710,10087933;
sh601607:19.850,19.920,19.950,19.570,36863005;
sh601618:2.570,2.570,2.580,2.560,29612470;
sh601628:26.420,26.510,26.530,26.280,6391178;
sh601633:8.060,8.020,8.140,7.970,14891603;
sh601636:5.060,4.990,5.070,4.960,28524440;
sh601668:5.220,5.200,5.250,5.200,70388390;
sh601669:3.700,3.710,3.740,3.680,48959428;
sh601688:17.900,18.220,18.340,17.900,50708602;
sh601717:5.470,5.470,5.500,5.450,10297000;
sh601718:3.880,3.910,3.990,3.850,88517150;
sh601766:6.220,6.240,6.260,6.220,20811719;
sh601788:11.170,11.240,11.330,11.130,15626460;
sh601800:8.080,8.070,8.110,8.020,32137381;
sh601801:4.830,4.790,4.830,4.760,3599464;
sh601808:12.010,12.260,12.320,12.010,12984478;
sh601857:4.530,4.530,4.540,4.510,116650794;
sh601872:6.620,6.580,6.720,6.520,59720435;
sh601877:24.600,24.330,24.600,24.220,6039917;
sh600663:10.950,10.970,11.050,10.920,1750840;
sh600667:10.400,10.510,10.630,10.320,48540990;
sh600674:9.000,8.920,9.050,8.920,4690089;
sh600685:14.360,14.670,14.840,14.260,16808073;
sh600686:6.040,6.050,6.080,6.020,1602418;
sh600688:4.160,4.150,4.180,4.120,20769459;
sh600690:14.790,14.740,14.800,14.600,29226118;
sh600699:20.290,20.500,20.540,19.980,35263134;
sh600702:22.680,22.680,22.830,22.410,4590552;
sh600703:21.000,21.150,21.310,20.620,56948834;
sh600704:4.660,4.660,4.690,4.650,12928301;
sh600705:3.930,3.930,3.970,3.920,18456798;
sh600713:4.650,4.640,4.730,4.570,15436490;
sh600717:5.430,5.420,5.440,5.390,3572521;
sh600718:11.460,11.730,11.580,11.340,11204932;
sh600720:13.820,13.830,13.930,13.540,25325135;
sh600723:5.400,5.380,5.400,5.340,2244395;
sh600728:9.570,9.730,9.770,9.550,64985661;
sh600729:27.360,27.330,27.390,27.330,2816476;
sh600733:5.380,5.520,5.460,5.360,13903591;
sh600741:20.380,20.330,20.600,20.190,10178675;
sh600743:2.180,2.180,2.180,2.160,5206780;
sh600745:95.500,97.890,97.770,94.010,13023667;
sh600749:8.350,8.300,8.400,8.190,1509000;
sh600750:12.290,12.130,12.340,12.030,7067942;
sh600754:24.820,24.860,24.940,24.580,1173947;
sh600760:31.030,33.150,33.850,31.000,31038716;
sh600761:9.460,9.500,9.500,9.410,5166530;
sh600763:113.500,114.550,114.500,111.820,2254653;
sh600765:8.830,8.910,8.970,8.760,7019914;
sh600775:8.410,8.460,8.550,8.350,8674513;
sh600776:17.110,17.390,17.310,17.010,9538084;
sh600779:44.480,43.610,44.480,43.210,4051454;
sh600787:4.380,4.370,4.400,4.350,9922413;
sh600789:10.590,10.520,10.700,10.430,79655111;
sh600790:3.100,3.100,3.110,3.090,3240000;
sh600794:3.240,3.250,3.260,3.220,5788500;
sh600795:2.020,2.070,2.120,2.020,139282108;
sh600797:9.050,9.290,9.190,8.980,34079736;
sh600798:3.130,3.140,3.160,3.120,4720060;
sh600801:25.350,25.360,25.430,25.000,11085786;
sh600803:10.090,9.660,10.170,9.610,32000978;
sh600804:6.470,6.460,6.490,6.260,67894542;
sh600805:4.400,4.440,4.430,4.390,2163852;
sh600809:95.330,95.660,96.440,94.860,2028809;
sh600814:5.120,4.980,5.150,4.960,12250164;
sh600820:5.520,5.540,5.540,5.500,7785734;
sh600823:4.170,4.200,4.190,4.160,6463102;
sh600826:9.910,9.910,9.960,9.850,1200066;
sh600827:7.860,7.950,8.090,7.830,10728170;
sh600835:14.100,14.160,14.130,14.010,3352178;
sh600837:12.830,13.090,13.160,12.800,70171494;
sh600839:2.710,2.710,2.730,2.700,32990266;
sh600845:45.480,46.450,46.150,44.810,10768427;
sh600848:19.340,19.440,19.610,19.250,1924138;
sh600850:22.160,22.590,22.530,22.050,2920414;
sh600859:12.140,12.160,12.210,12.060,2383322;
sh600872:45.830,45.960,46.550,45.200,7399684;
sh600873:4.400,4.370,4.420,4.330,39472368;
sh600875:8.750,9.090,9.080,8.730,19955083;
sh600884:10.950,10.920,10.960,10.740,9023256;
sh600886:7.730,7.800,7.850,7.710,8829897;
sh600887:29.890,29.800,30.190,29.620,30316611;
sh603551:17.130,16.890,17.260,16.810,3312151;
sh600893:22.520,22.990,23.280,22.390,11358469;
sh600895:12.520,12.620,12.780,12.450,8920574;
sh600897:18.180,18.080,18.210,17.990,640822;
sh600900:17.020,17.150,17.150,17.020,10597496;
sh600958:9.410,9.490,9.620,9.400,24290331;
sh600967:9.400,9.480,9.570,9.350,8670141;
sh600970:5.890,5.890,5.910,5.850,8675695;
sh600975:8.640,8.580,8.790,8.480,18278468;
sh600987:5.570,5.530,5.570,5.510,2131590;
sh600993:15.960,15.900,16.250,15.720,5310195;
sh600995:7.720,8.050,8.170,7.710,13059836;
sh600998:17.810,17.790,18.290,17.700,8050311;
sh600999:17.750,17.860,18.000,17.700,13641424;
sh601003:5.010,4.970,5.030,4.960,7317474;
sh601006:6.830,6.830,6.850,6.790,18535145;
sh601007:8.110,8.060,8.160,8.020,856549;
sh601009:7.470,7.460,7.490,7.430,17483154;
sh601010:3.120,3.140,3.150,3.110,4459305;
sh601012:25.000,26.290,25.500,24.900,45680942;
sh601018:3.410,3.420,3.430,3.390,21116221;
sh601021:34.010,33.650,34.520,33.490,5756260;
sh601038:6.250,6.150,6.250,6.110,8995857;
sh601088:15.890,16.000,16.080,15.860,10667520;
sh601099:3.290,3.310,3.350,3.290,86533823;
sh601107:3.480,3.630,3.590,3.450,15340108;
sh601111:6.700,6.700,6.750,6.660,21704585;
sh601116:12.500,13.120,13.070,12.470,11075224;
sh601117:6.060,6.150,6.150,6.060,23690167;
sh601137:11.380,11.450,11.490,11.210,2146741;
sh601139:7.150,7.340,7.380,7.150,8486550;
sh601158:5.290,5.290,5.310,5.270,1710119;
sh601166:15.930,15.920,15.990,15.850,38096914;
sh601169:4.770,4.780,4.800,4.760,35051321;
sh601186:9.480,9.450,9.510,9.390,58959937;
sh601198:10.900,10.980,11.100,10.880,12282203;
sh601211:16.460,16.890,16.860,16.460,40089743;
sh601216:2.540,2.580,2.600,2.530,25922065;
sh601231:16.810,16.880,16.890,16.480,17079772;
sh601238:10.160,10.110,10.160,10.050,7889563;
sh601288:3.400,3.430,3.420,3.400,106371186;
sh601360:19.210,19.570,19.390,19.110,15013809;
sh601318:70.500,70.380,70.710,70.160,28292960;
sh601328:5.160,5.200,5.190,5.160,45156090;
sh601333:2.390,2.410,2.410,2.380,16768636;
sh601336:41.650,41.650,41.890,41.530,4776449;
sh601377:6.120,6.150,6.220,6.110,26627487;
sh601390:5.710,5.650,5.720,5.620,40640459;
sh601398:5.110,5.120,5.130,5.100,70058872;
sh601519:7.650,7.730,7.830,7.560,31302579;
sh601555:7.850,7.920,7.960,7.810,31106378;
sh601579:7.540,7.560,7.570,7.520,465090;
sh601588:2.720,2.740,2.740,2.710,6514500;
sh601600:2.900,2.910,2.910,2.880,25047356;
sh601601:27.710,27.870,27.940,27.710,10087933;
sh601607:19.850,19.920,19.950,19.570,36863005;
sh601618:2.570,2.570,2.580,2.560,29612470;
sh601628:26.420,26.510,26.530,26.280,6391178;
sh601633:8.060,8.020,8.140,7.970,14891603;
sh601636:5.060,4.990,5.070,4.960,28524440;
sh601668:5.220,5.200,5.250,5.200,70388390;
sh601669:3.700,3.710,3.740,3.680,48959428;
sh601688:17.900,18.220,18.340,17.900,50708602;
sh601717:5.470,5.470,5.500,5.450,10297000;
sh601718:3.880,3.910,3.990,3.850,88517150;
sh601766:6.220,6.240,6.260,6.220,20811719;
sh601788:11.170,11.240,11.330,11.130,15626460;
sh601800:8.080,8.070,8.110,8.020,32137381;
sh601801:4.830,4.790,4.830,4.760,3599464;
sh601808:12.010,12.260,12.320,12.010,12984478;
sh601857:4.530,4.530,4.540,4.510,116650794;
sh601872:6.620,6.580,6.720,6.520,59720435;
sh601877:24.600,24.330,24.600,24.220,6039917;
sh601880:1.720,1.720,1.730,1.710,9706292;
sh601888:75.850,77.000,76.620,75.560,7120135;
sh601890:5.620,5.780,5.750,5.550,36945199;
sh601899:4.200,4.250,4.220,4.140,273388190;
sh601901:7.040,7.090,7.160,7.020,23548788;
sh601919:3.720,3.680,3.730,3.660,31253357;
sh601928:6.550,6.590,6.570,6.520,4225785;
sh601933:10.400,10.470,10.430,10.200,48989510;
sh601939:6.330,6.340,6.350,6.320,34828014;
sh601965:8.760,8.800,8.880,8.660,3935856;
sh601985:4.450,4.470,4.480,4.430,11843699;
sh601988:3.520,3.550,3.540,3.520,57943532;
sh601989:4.240,4.250,4.300,4.230,38653407;
sh601991:2.080,2.250,2.300,2.080,63010777;
sh601992:3.280,3.260,3.280,3.250,19990555;
sh601998:5.090,5.120,5.110,5.090,9270222;
sh603000:19.480,19.930,19.780,19.440,17669731;
sh603005:81.000,82.790,83.150,80.110,7934312;
sh603008:11.880,11.760,11.880,11.670,2093491;
sh603011:5.430,5.330,5.530,5.290,9924087;
sh603019:44.950,45.930,46.000,44.200,20018389;
sh603026:28.240,28.370,28.440,27.530,7074049;
sh603066:9.000,9.050,9.060,8.950,3839700;
sh603100:8.480,8.530,8.530,8.410,1180200;
sh603118:12.470,12.630,12.630,12.270,14637115;
sh603128:5.460,5.470,5.460,5.420,7819685;
sh603169:4.480,4.520,4.540,4.440,4095231;
sh603198:15.950,15.860,16.000,15.830,2886471;
sh603199:20.880,20.810,21.000,20.770,377220;
sh603288:125.070,125.320,127.550,124.900,3149388;
sh603306:13.300,13.220,13.330,13.020,2743135;
sh603328:10.250,10.300,10.290,10.110,6001869;
sh603338:66.200,64.800,66.540,64.300,1689914;
sh603355:21.200,21.090,21.200,20.780,963066;
sh603368:32.790,33.210,33.300,32.790,2465433;
sh603369:29.360,28.180,29.380,28.000,12855062;
sh603398:8.650,8.710,8.850,8.550,1947660;
sh603589:40.320,40.230,40.890,40.020,4032637;
sh603598:11.720,12.790,12.790,11.720,15781883;
sh603599:16.050,16.500,16.770,16.010,13011720;
sh603606:13.120,13.300,13.570,13.030,12739976;
sh603636:11.900,12.750,12.520,11.770,26167748;
sh603678:24.330,24.850,24.920,24.110,8462580;
sh603686:15.870,16.780,16.580,15.870,18898157;
sh603696:9.280,9.520,9.540,9.270,5851435;
sh603698:10.810,11.070,10.970,10.770,2107591;
sh603699:12.870,12.630,12.870,12.450,1438300;
sh603718:16.550,16.520,16.650,16.280,3922630;
sh603766:3.330,3.370,3.330,3.280,13628600;
sh603799:33.880,34.530,34.930,33.660,55198616;
sh603806:44.540,45.380,45.390,44.070,1763718;
sh603866:54.500,53.000,55.550,51.910,9109021;
sh603883:82.650,84.370,82.990,81.210,2258303;
sh603885:9.500,9.320,9.500,9.280,14532876;
sh603889:4.950,4.910,4.950,4.890,1565940;
sh603898:13.920,13.980,13.920,13.820,767300;
sh603899:52.000,52.400,52.580,51.590,4926258;
sh603939:95.610,100.930,97.200,100.040,2667113;
sh603993:3.540,3.550,3.590,3.530,80359177;
sh603225:10.290,10.300,10.360,10.180,1605450;
sh603195:154.000,151.280,156.000,150.150,3764064;
sh601816:6.250,6.250,6.350,6.230,63588111;
sh600673:7.600,7.460,7.630,7.400,21932088;
sh601916:4.040,4.050,4.050,4.030,20982661;
sh603027:26.360,27.150,26.870,26.110,5229913;
sh603520:66.010,67.830,67.000,65.200,1682225;
sh603868:36.400,36.800,36.600,36.180,696190;
sh603737:100.480,99.630,100.800,98.200,1113855;
sh601611:6.180,6.200,6.200,6.150,4676000;
sh601127:8.480,8.340,8.480,8.330,2527554;
sh601966:21.190,21.400,21.470,21.050,4087540;
sh603322:18.570,18.530,18.610,18.080,2404612;
sh600919:5.900,5.900,5.910,5.880,22470968;
sh601811:10.840,11.180,11.020,10.800,2128848;
sh600977:12.080,12.090,12.180,12.000,5554936;
sh603986:253.160,258.050,257.900,248.050,6683092;
sh603658:126.260,132.500,129.800,125.060,2098031;
sh603189:21.440,22.220,21.850,21.150,6400878;
sh600908:5.030,5.040,5.040,4.990,6215887;
sh603421:14.870,15.030,14.990,14.810,1744771;
sh603777:12.960,12.940,13.020,12.600,8318040;
sh603816:37.090,38.050,38.190,37.090,1310373;
sh603160:253.400,258.580,255.300,250.000,3858323;
sh603258:32.180,33.710,32.660,31.710,7522841;
sh603290:113.130,115.280,116.300,112.100,3398869;
sh601229:8.260,8.290,8.310,8.260,8184027;
sh603858:21.440,21.730,21.790,21.310,17429979;
sh603727:15.280,15.380,15.520,15.270,1103528;
sh603900:7.440,7.480,7.480,7.390,1101003;
sh600909:7.450,7.480,7.630,7.420,50843512;
sh603990:53.560,53.900,53.750,53.160,938300;
sh603708:31.900,32.410,32.190,31.500,2830433;
sh603416:35.000,35.520,35.130,34.200,1049420;
sh600996:7.710,7.750,7.760,7.630,3350194;
sh603298:11.870,11.950,11.950,11.820,1685576;
sh603218:18.720,18.710,18.850,18.530,1607620;
sh603929:13.710,13.840,13.940,13.650,1508100;
sh603186:46.930,48.640,48.940,46.930,2682391;
sh603444:379.530,390.770,385.550,376.060,1135287;
sh603228:45.800,46.080,46.280,45.250,2476330;
sh603690:30.860,31.460,31.800,30.610,4468988;
sh603039:79.290,79.020,80.770,78.020,519183;
sh603337:16.090,16.090,16.350,15.780,2021702;
sh601881:9.550,9.730,9.750,9.520,42111809;
sh603881:51.750,52.200,52.560,51.160,4843815;
sh603208:91.550,88.030,92.390,87.120,1006831;
sh600939:3.880,3.890,3.890,3.860,2780700;
sh603501:163.690,170.470,170.400,162.080,5179049;
sh603517:49.270,48.590,49.900,48.060,5013332;
sh603960:28.490,28.930,29.000,28.050,1839897;
sh603630:12.600,12.780,12.870,12.580,2449331;
sh603138:18.750,19.140,19.150,18.380,5288195;
sh603803:12.630,12.770,12.750,12.560,4106369;
sh603232:37.110,40.050,38.050,36.310,6633798;
sh603920:21.120,22.200,22.880,21.120,23697033;
sh603078:35.080,35.690,35.950,34.000,2019620;
sh601200:11.840,11.990,11.930,11.730,9378924;
sh603303:8.970,9.010,8.980,8.900,2172890;
sh603833:102.010,103.890,104.300,100.500,906606;
sh601228:3.190,3.190,3.190,3.170,4431460;
sh603345:98.000,94.990,98.000,93.300,1757425;
sh601952:10.270,10.580,10.490,10.180,61113411;
sh603383:59.010,60.680,59.820,58.850,1087807;
sh603496:20.550,20.820,20.700,20.280,1987259;
sh603226:17.540,17.630,17.980,17.500,3472509;
sh603980:7.040,7.060,7.060,7.020,1753500;
sh601878:10.080,10.160,10.280,10.030,36432869;
sh603043:29.250,28.800,29.250,28.540,2292353;
sh603801:20.780,21.110,21.170,20.540,3091443;
sh603387:33.850,35.820,36.420,33.660,20381913;
sh603707:55.250,55.100,55.800,54.350,2120418;
sh603825:20.940,23.280,22.230,20.900,9468046;
sh603978:20.870,20.620,20.870,20.360,1579830;
sh603602:23.210,23.620,23.480,22.910,4697733;
sh601326:2.710,2.780,2.800,2.700,21632392;
sh603129:36.350,36.090,36.650,35.600,1607900;
sh601949:5.230,5.300,5.270,5.210,3621391;
sh603127:89.510,89.640,91.430,88.600,4513258;
sh603183:9.300,10.000,10.000,10.000,4373428;
sh603882:68.000,71.100,70.500,65.200,10208881;
sh603277:8.700,8.830,8.730,8.630,755434;
sh603386:14.010,15.330,14.810,13.820,6058311;
sh603648:8.280,8.320,8.350,8.210,946800;
sh603321:7.970,8.060,8.150,7.760,3116600;
sh603106:7.070,7.450,7.220,7.060,9797622;
sh603533:26.280,26.680,27.090,25.910,10761320;
sh603363:20.180,19.750,20.680,19.700,14239291;
sh603466:14.050,14.390,14.360,14.000,8687718;
sh601108:9.700,9.820,9.910,9.670,37134253;
sh603607:19.920,20.010,19.990,19.660,1143280;
sh603260:24.270,23.950,24.280,23.300,5079987;
sh603289:7.860,7.990,7.950,7.850,822600;
sh603912:19.870,19.970,20.400,19.020,6236940;
sh603856:10.870,10.960,11.010,10.820,2058900;
sh600903:10.820,10.910,10.970,10.800,3961440;
sh603083:38.690,37.480,38.690,37.200,5016493;
sh603605:118.000,121.400,118.790,116.310,1283641;
sh603619:13.780,13.950,14.060,13.700,7883555;
sh603365:13.680,13.680,13.780,13.610,1459400;
sh603711:28.000,27.760,28.270,27.200,2922572;
sh603848:12.000,12.170,12.210,12.000,488100;
sh600025:3.550,3.570,3.580,3.530,24075895;
sh603283:37.100,37.320,37.650,36.570,2383400;
sh603329:10.740,10.770,10.780,10.630,1102400;
sh603080:12.970,12.750,12.970,12.660,774840;
sh601155:31.050,31.130,31.550,30.970,7761397;
sh603180:59.020,59.370,61.360,58.130,579330;
sh603056:9.980,10.020,10.080,9.930,2030040;
sh601828:9.640,9.680,9.750,9.630,4714796;
sh601838:7.480,7.480,7.500,7.440,11329418;
sh603156:24.870,24.690,24.870,24.600,1824220;
sh600901:5.110,5.120,5.130,5.090,6568716;
sh603214:36.800,36.590,37.070,36.300,775657;
sh603259:98.700,98.070,99.700,97.500,11143738;
sh603486:18.600,19.110,18.980,18.560,2898920;
sh601138:13.750,14.050,13.840,13.570,54570716;
sh601330:9.610,9.950,9.780,9.520,14406528;
sh601066:32.920,36.200,36.380,32.910,108841718;
sh601869:32.030,32.110,32.180,31.580,2088767;
sh601577:7.760,7.790,7.770,7.730,9921247;
sh601162:5.470,5.570,5.650,5.460,161059679;
sh603220:19.510,19.700,19.650,19.260,4181152;
sh601319:6.280,6.280,6.320,6.260,25498136;
sh603187:24.360,24.920,25.120,24.300,2317660;
sh601860:4.220,4.270,4.250,4.210,24762436;
sh603121:16.800,17.240,17.360,16.750,6148325;
sh603739:21.700,21.520,21.700,21.410,1270264;
sh601598:3.380,3.390,3.390,3.360,9515056;
sh600928:5.500,5.590,5.570,5.500,9902773;
sh603068:74.990,74.000,75.490,73.300,4142817;
sh600968:2.360,2.390,2.410,2.350,26484547;
sh601698:16.500,16.650,16.900,16.420,24443699;
sh603236:162.030,170.000,168.590,161.220,1680105;
sh603983:66.940,67.870,67.300,65.610,1853191;
sh603613:114.510,114.400,117.900,112.770,1284186;
sh603267:47.500,47.670,47.580,46.630,1724900;
sh603093:21.550,21.830,22.000,21.450,3487700;
sh603927:58.250,60.450,58.780,57.700,2399500;
sz000006:4.620,4.630,4.650,4.600,8710645;
sz000007:8.120,8.090,8.130,8.000,2652965;
sz000008:3.140,3.160,3.170,3.120,15258260;
sz000009:6.250,6.290,6.350,6.220,36987012;
sz000011:8.810,8.850,8.880,8.710,4548756;
sz000017:3.560,3.600,3.630,3.550,4087494;
sz000023:18.240,17.970,18.500,17.850,4627707;
sz000025:18.720,18.730,18.980,18.590,4821754;
sz000028:43.400,44.410,45.500,43.050,8033907;
sz000036:3.430,3.470,3.440,3.410,4414433;
sz000038:9.730,9.630,9.760,9.570,8997840;
sz000045:6.800,6.810,6.800,6.710,2493500;
sz000050:13.420,13.460,13.480,13.260,9528655;
sz000055:4.020,4.050,4.040,4.000,2094200;
sz000058:6.880,6.750,6.950,6.660,29143550;
sz000059:5.200,5.170,5.240,5.140,13685237;
sz000061:6.320,6.340,6.430,6.280,10106611;
sz000068:3.200,3.180,3.240,3.170,10553562;
sz000078:4.910,4.850,4.920,4.780,93408626;
sz000150:5.100,4.910,5.180,4.910,40324679;
sz000151:8.120,8.080,8.150,8.060,1334701;
sz000155:3.980,3.980,4.010,3.950,4349600;
sz000301:4.950,5.020,5.000,4.910,8327455;
sz000402:6.750,6.750,6.790,6.720,4358989;
sz000415:2.850,2.870,2.880,2.850,15913816;
sz000416:4.480,4.490,4.550,4.470,5135029;
sz000421:4.160,4.190,4.190,4.150,1105545;
sz000430:4.930,4.850,4.930,4.820,3416700;
sz000498:5.150,5.160,5.160,5.080,7084890;
sz000501:10.900,10.920,10.950,10.820,5576462;
sz000503:12.830,12.730,12.840,12.590,8817050;
sz000505:7.820,7.830,8.050,7.670,35130766;
sz000506:2.600,2.560,2.620,2.550,30923716;
sz000507:5.070,5.090,5.110,5.060,4148203;
sz000510:3.960,3.980,3.980,3.930,5262852;
sz000514:4.050,4.050,4.070,4.000,5782233;
sz000517:2.670,2.620,2.670,2.610,11566665;
sz000518:5.120,5.060,5.180,4.980,55932741;
sz000523:6.350,6.340,6.440,6.270,11749725;
sz000525:10.360,10.460,10.500,10.140,33039802;
sz000526:40.520,41.490,41.520,40.480,949600;
sz000529:7.070,7.050,7.130,6.980,7520436;
sz000530:3.420,3.450,3.450,3.410,3582195;
sz000531:7.050,7.150,7.250,7.050,8944034;
sz000532:10.180,10.230,10.200,10.080,3888823;
sz000533:2.850,2.960,3.040,2.810,39664050;
sz000536:1.730,1.710,1.740,1.680,33285752;
sz000537:6.570,6.650,6.620,6.570,4397893;
sz000540:3.300,3.330,3.310,3.260,27322233;
sz000543:3.880,3.960,3.980,3.870,23119492;
sz000544:6.820,6.940,7.050,6.820,12773538;
sz000548:3.730,3.740,3.750,3.690,2129374;
sz000551:7.190,7.280,7.280,7.100,4145901;
sz000557:2.950,2.970,3.000,2.940,18930125;
sz000565:4.630,4.710,4.650,4.580,3154218;
sz000566:7.900,7.590,7.910,7.550,62567175;
sz000573:2.660,2.670,2.660,2.630,5566618;
sz000576:6.560,6.520,6.620,6.460,10427479;
sz000586:11.150,11.340,11.220,11.010,6359800;
sz000589:3.990,3.990,4.020,3.960,5677875;
sz000590:11.210,10.840,11.230,10.710,8461949;
sz000591:3.260,3.320,3.360,3.250,27985546;
sz000592:2.380,2.380,2.410,2.360,22067355;
sz000593:4.900,4.900,4.900,4.850,2030413;
sz000598:4.770,4.850,4.820,4.760,16228362;
sz000599:3.840,3.820,3.840,3.800,2398301;
sz000607:4.060,4.250,4.100,4.010,5208550;
sz000608:5.300,5.140,5.310,5.130,2498240;
sz000610:8.550,8.470,8.640,8.420,9605178;
sz000612:3.690,3.690,3.700,3.650,3869024;
sz000613:6.230,6.300,6.360,6.190,7147234;
sz000615:4.220,4.110,4.250,4.080,22609742;
sz000616:2.250,2.250,2.250,2.230,5522436;
sz000620:2.940,2.890,2.950,2.860,6680650;
sz000622:4.400,4.440,4.450,4.370,9009900;
sz000623:15.890,16.110,16.060,15.870,11576287;
sz000626:6.800,6.650,6.800,6.520,5180568;
sz000628:8.360,8.330,8.390,8.320,1558700;
sz000629:2.180,2.190,2.190,2.170,23961667;
sz000631:2.900,2.880,2.900,2.860,3370454;
sz000637:4.510,4.510,4.550,4.490,8033400;
sz000639:5.780,5.790,5.890,5.620,21295133;
sz000650:6.940,6.830,6.950,6.760,58363092;
sz000652:9.690,9.280,9.690,9.200,135040073;
sz000655:5.210,5.160,5.280,5.150,14977500;
sz000656:8.270,8.120,8.290,8.050,28042415;
sz000657:5.620,5.570,5.660,5.460,4646440;
sz000659:2.160,2.150,2.160,2.140,4584167;
sz000662:4.030,4.180,4.090,3.990,66735732;
sz000663:4.580,4.380,4.650,4.370,18612852;
sz000665:5.520,5.580,5.580,5.470,8597177;
sz000666:9.350,9.380,9.360,9.210,4338459;
sz000667:2.810,2.790,2.850,2.770,28406261;
sz000668:11.930,11.950,11.990,11.800,1074826;
sz000669:2.240,2.230,2.270,2.220,6035820;
sz000672:22.000,22.500,22.500,21.880,20403150;
sz000673:2.780,2.840,2.880,2.770,19791902;
sz000677:3.290,3.300,3.330,3.250,7685980;
sz000680:3.500,3.600,3.600,3.470,50552447;
sz000682:4.850,4.950,4.990,4.810,16274211;
sz000685:7.660,7.690,7.720,7.640,3211644;
sz000686:8.270,8.330,8.400,8.260,21882734;
sz000687:4.310,4.180,4.360,4.050,29144039;
sz000690:5.090,5.130,5.150,5.050,6886907;
sz000691:4.560,4.380,4.650,4.270,13948427;
sz000695:7.340,7.260,7.340,7.220,484822;
sz000697:9.050,9.110,9.200,8.940,2811967;
sz000700:8.760,8.790,8.980,8.720,50399449;
sz000701:4.230,4.280,4.270,4.170,4719006;
sz000702:5.650,5.560,5.760,5.550,16904692;
sz000703:11.670,11.820,11.730,11.600,8920203;
sz000705:7.570,7.680,7.700,7.500,12496725;
sz000710:42.680,45.400,46.130,42.150,11640871;
sz000711:3.860,3.950,3.870,3.820,8107110;
sz000713:9.910,10.160,10.250,10.070,64973689;
sz000716:3.720,3.720,3.780,3.670,18360096;
sz000718:3.180,3.170,3.190,3.120,11116119;
sz000719:6.720,6.780,6.770,6.710,1518322;
sz000721:4.660,4.620,4.840,4.600,36452201;
sz000722:5.780,5.840,5.890,5.740,2560336;
sz000727:1.570,1.570,1.570,1.570,5978400;
sz000735:10.290,10.160,10.480,10.130,55655706;
sz002324:21.150,21.380,21.590,20.900,12290535;
sz000753:2.680,2.700,2.710,2.680,1941538;
sz000755:3.840,3.860,3.890,3.830,5589989;
sz000756:11.940,11.780,12.130,11.610,14462620;
sz000758:4.380,4.350,4.380,4.320,8009235;
sz000759:6.600,6.550,6.620,6.500,3111518;
sz000762:7.050,7.010,7.050,6.980,4406051;
sz000766:6.500,6.520,6.650,6.330,68043550;
sz000778:3.460,3.490,3.490,3.450,11802739;
sz000779:10.720,10.800,10.980,10.680,3615089;
sz000783:6.410,6.460,6.510,6.380,29261808;
sz000789:12.500,12.570,12.560,12.410,19320635;
sz000790:5.640,5.820,5.760,5.560,40153893;
sz000791:3.270,3.370,3.490,3.250,27627077;
sz000793:3.060,3.100,3.110,3.050,24119071;
sz000795:5.000,5.000,5.000,4.920,13635823;
sz000797:3.470,3.460,3.490,3.450,4900820;
sz000798:6.080,6.030,6.110,5.980,4891541;
sz000799:29.260,29.300,29.630,29.100,4777401;
sz000800:10.350,10.380,10.580,10.150,15683571;
sz000802:8.590,8.700,8.650,8.340,8624495;
sz000807:3.990,4.090,4.090,3.960,64594171;
sz000810:11.510,11.970,11.630,11.430,24439700;
sz000812:2.950,2.970,2.960,2.920,6092775;
sz000813:5.680,5.710,5.800,5.670,14242009;
sz000815:6.800,6.950,6.960,6.710,10332000;
sz000825:3.340,3.380,3.340,3.310,20259894;
sz000828:6.960,6.910,6.960,6.910,1917200;
sz000829:5.440,5.560,5.640,5.440,13739906;
sz000830:7.890,7.840,7.900,7.820,12574852;
sz000831:10.250,10.220,10.250,10.100,15798302;
sz000836:3.660,3.810,3.760,3.650,39334272;
sz000839:3.400,3.410,3.470,3.380,33180286;
sz000851:6.600,6.660,6.740,6.510,25338519;
sz000856:8.790,8.760,8.790,8.710,3877501;
sz000859:5.310,5.360,5.460,5.290,31042468;
sz000863:4.010,3.980,4.030,3.940,3522300;
sz000877:10.950,11.050,11.060,10.900,15427583;
sz000878:10.000,9.950,10.030,9.900,18965390;
sz000880:7.400,7.400,7.460,7.380,1390448;
sz000881:6.960,6.970,7.020,6.920,3814700;
sz000886:4.580,4.590,4.680,4.500,16216827;
sz000889:11.630,11.870,11.970,11.580,87898602;
sz000890:3.560,3.560,3.620,3.550,6418490;
sz000900:3.830,3.850,3.840,3.810,3741123;
sz000901:9.950,10.050,10.050,9.870,8615298;
sz000903:5.660,6.160,6.250,5.660,219825365;
sz000905:6.000,6.000,6.030,5.950,1781986;
sz000908:5.450,6.090,5.860,5.450,259181887;
sz000909:8.030,8.190,8.320,8.030,4355249;
sz000912:4.270,4.240,4.280,4.220,3341550;
sz000913:10.250,10.360,10.330,10.150,2054200;
sz000915:26.370,26.580,26.780,25.960,4585778;
sz000917:6.180,6.210,6.220,6.130,17021304;
sz000929:6.440,6.490,6.500,6.370,1913090;
sz000930:7.600,7.540,7.710,7.480,29868468;
sz000931:8.990,8.950,9.030,8.880,6979519;
sz000935:13.170,13.170,13.230,13.090,3048303;
sz000948:11.470,11.680,11.500,11.270,5666103;
sz000949:4.110,4.100,4.140,4.010,53501956;
sz000950:5.390,5.390,5.430,5.330,9084108;
sz000952:10.860,10.800,10.990,10.740,8376509;
sz000959:2.920,2.920,2.930,2.910,4797188;
sz000975:16.670,17.380,17.150,16.660,42888223;
sz000976:4.940,5.000,4.940,4.850,18322763;
sz000990:12.050,12.160,12.250,12.040,4949100;
sz000996:8.120,8.190,8.230,8.040,6182530;
sz001696:5.520,5.510,5.520,5.450,7710698;
sz001896:3.330,3.440,3.440,3.300,16459328;
sz002004:5.200,5.450,5.280,5.160,69488381;
sz002009:7.460,7.590,7.570,7.440,3782847;
sz002012:5.900,6.180,6.090,5.820,32885675;
sz002016:6.970,7.060,7.030,6.950,3410105;
sz002017:11.990,12.760,12.100,11.880,16509722;
sz002022:16.300,17.400,17.270,16.160,63262473;
sz002023:14.810,14.910,15.090,14.670,22559933;
sz002028:18.900,20.220,20.350,18.820,57526696;
sz002034:15.400,15.680,15.710,15.240,4470439;
sz002037:6.330,6.330,6.350,6.260,2951900;
sz002045:9.040,9.070,9.040,8.850,9566800;
sz002052:2.470,2.540,2.520,2.470,8363900;
sz002053:6.600,6.650,6.640,6.550,1135100;
sz002054:6.670,6.920,6.720,6.640,15867199;
sz002057:6.860,6.820,6.890,6.770,9001289;
sz002058:16.880,17.260,16.880,16.510,1278587;
sz002061:5.120,5.140,5.140,5.080,4921200;
sz002064:5.350,5.530,5.600,5.280,41099210;
sz002066:8.470,8.540,8.600,8.420,2038811;
sz002073:3.980,4.040,4.020,3.950,7882602;
sz002076:2.740,2.630,2.740,2.630,47048336;
sz002077:5.800,5.860,5.840,5.690,11037345;
sz002082:10.110,10.090,10.110,10.020,3857600;
sz002083:7.750,7.700,7.780,7.610,14115313;
sz002084:4.780,4.830,4.800,4.710,2234931;
sz002093:9.430,9.510,9.550,9.200,30435918;
sz002098:5.820,5.780,5.820,5.770,2851538;
sz002103:4.390,4.600,4.790,4.360,28857226;
sz002104:6.730,7.350,7.330,6.730,42404866;
sz002107:12.200,12.290,12.450,12.020,8534742;
sz002108:3.500,3.520,3.560,3.460,18308379;
sz002109:3.100,3.080,3.100,3.060,4581352;
sz002112:7.010,7.440,7.320,6.890,22120028;
sz002114:6.700,6.700,6.700,6.480,2566050;
sz002118:5.460,5.370,5.530,5.340,22436800;
sz002119:12.390,12.480,12.490,12.100,8254153;
sz002123:15.660,16.140,15.810,15.410,44574552;
sz002124:12.130,12.010,12.200,11.790,37576439;
sz002127:12.010,13.070,12.840,12.010,58304992;
sz002130:4.520,4.570,4.560,4.460,10959845;
sz002133:3.090,3.130,3.110,3.070,6379682;
sz002134:8.770,8.810,8.770,8.600,3631240;
sz002136:8.350,8.450,8.680,8.350,9379108;
sz002137:7.130,7.370,7.210,7.080,11332229;
sz002145:4.350,4.470,4.420,4.280,29405087;
sz002146:8.010,7.970,8.030,7.930,16261437;
sz002148:4.820,4.860,4.870,4.710,19608919;
sz002149:6.800,6.780,6.820,6.680,3896798;
sz002150:6.010,6.070,6.090,5.990,4646270;
sz002155:8.570,8.710,8.680,8.510,28474181;
sz002159:10.350,10.420,10.550,10.280,920900;
sz002161:9.020,9.130,9.140,8.940,17873207;
sz002162:3.240,3.250,3.250,3.220,3248020;
sz002166:8.600,9.200,9.100,8.450,65220492;
sz002167:5.920,5.780,5.930,5.740,14288773;
sz002168:7.310,7.380,7.410,7.200,7508082;
sz002170:3.860,3.870,3.900,3.820,18285421;
sz002172:3.180,3.140,3.200,3.110,17113202;
sz002173:5.360,5.530,5.400,5.320,6536200;
sz002174:21.680,22.220,22.400,21.610,32806433;
sz002176:2.220,2.200,2.250,2.180,51945331;
sz002177:4.450,4.760,4.620,4.420,47508541;
sz002178:4.840,4.720,4.900,4.670,52008422;
sz002182:9.830,9.830,9.840,9.680,12326496;
sz002183:3.850,3.890,3.900,3.810,11593299;
sz002184:12.340,12.170,12.340,11.980,6881459;
sz002186:9.100,9.090,9.120,8.960,2721967;
sz002192:15.920,15.620,16.080,15.600,2460500;
sz002196:5.140,5.190,5.190,5.070,5565590;
sz002197:9.490,9.690,9.620,9.330,30904082;
sz002199:8.440,8.510,8.480,8.340,4066555;
sz002201:14.850,14.770,14.880,14.550,5306291;
sz002208:6.870,6.900,6.880,6.800,5225601;
sz002211:5.310,5.320,5.370,5.300,1887603;
sz002212:23.490,23.760,23.990,22.990,7687475;
sz002213:16.360,16.540,16.600,16.350,1480910;
sz002218:3.350,3.450,3.490,3.310,39592320;
sz002219:2.300,2.320,2.300,2.230,38249063;
sz002221:9.560,9.260,9.560,9.250,50272957;
sz002224:6.570,6.830,6.590,6.490,22448723;
sz002225:4.070,4.070,4.110,3.970,4126400;
sz002226:4.950,4.980,4.990,4.900,6888645;
sz002227:15.670,17.080,17.500,15.560,19522769;
sz002228:3.380,3.380,3.390,3.340,6929788;
sz002229:7.500,7.270,7.500,7.270,17492425;
sz002231:7.020,7.080,7.040,6.850,8745800;
sz002232:9.200,9.280,9.280,9.050,5245597;
sz002234:26.320,26.530,26.760,26.300,6134743;
sz002235:8.410,8.870,8.770,8.380,46349314;
sz002239:4.020,4.090,4.250,3.970,198676066;
sz002240:7.900,7.930,8.040,7.880,9828854;
sz002243:13.700,13.400,13.700,13.370,8780417;
sz002245:4.010,4.020,4.030,3.970,5366040;
sz002246:7.450,7.370,7.450,7.320,4284906;
sz002247:1.910,1.900,1.930,1.880,14556168;
sz002248:8.300,8.200,8.330,8.150,1967314;
sz002250:16.000,16.680,16.360,15.970,8517252;
sz002256:1.680,1.680,1.690,1.650,25610300;
sz002261:8.930,9.010,9.050,8.860,28681105;
sz002262:13.500,13.810,13.880,13.400,36777109;
sz002264:4.400,4.700,4.560,4.360,31825198;
sz002265:7.610,7.630,7.680,7.450,2365426;
sz002266:3.760,3.920,3.970,3.750,15869231;
sz002267:5.900,5.940,5.960,5.900,1602100;
sz002270:4.970,5.230,5.180,4.930,40994194;
sz002975:104.000,105.490,105.870,103.070,1501124;
sz002278:5.780,5.830,5.830,5.720,2995041;
sz002280:2.450,2.570,2.470,2.410,91193614;
sz002282:7.000,6.990,7.050,6.900,3746451;
sz002286:7.790,7.710,7.810,7.610,6919752;
sz002288:4.620,4.670,4.670,4.580,15051400;
sz002291:21.900,21.870,22.200,21.600,14765749;
sz002292:7.050,7.010,7.060,6.980,4817259;
sz002295:6.610,6.710,6.740,6.600,1751500;
sz002296:7.610,7.730,7.760,7.530,12277973;
sz002297:5.340,5.360,5.410,5.260,3460461;
sz002298:8.120,8.290,8.340,8.080,9108942;
sz002303:4.740,4.810,4.780,4.700,13622055;
sz002308:5.450,5.490,5.510,5.390,13411488;
sz002309:6.010,6.110,6.110,5.970,7156987;
sz002310:5.150,5.120,5.190,5.100,26483728;
sz002312:4.550,4.610,4.660,4.500,13101471;
sz002313:17.760,17.800,17.810,17.510,3204600;
sz002314:2.630,2.640,2.660,2.620,4432234;
sz002316:6.870,7.190,6.960,6.820,12442336;
sz002317:13.210,13.010,13.210,12.820,42466543;
sz002318:7.460,7.400,7.510,7.360,9744181;
sz002319:6.460,6.360,6.460,6.330,1722124;
sz002320:15.100,15.200,15.530,15.090,12054698;
sz002326:11.170,11.410,11.280,11.070,19347882;
sz002329:6.740,6.660,7.040,6.600,130121525;
sz002330:7.320,7.550,7.700,7.280,35054523;
sz002332:15.000,14.510,15.000,14.320,32551543;
sz002334:4.570,4.660,4.730,4.500,21347500;
sz002335:20.350,20.880,20.750,19.940,5416000;
sz002338:13.550,13.610,13.550,13.220,3595700;
sz002339:6.240,6.350,6.450,6.230,9285940;
sz002341:6.090,5.780,6.100,5.760,60806637;
sz002342:3.220,3.240,3.230,3.110,16335800;
sz002345:3.430,3.410,3.450,3.400,6917900;
sz002346:10.500,10.310,10.500,10.240,2639300;
sz002347:4.220,4.240,4.260,4.180,3495600;
sz002348:2.930,2.950,2.960,2.910,4688822;
sz002349:6.010,6.060,6.270,5.880,56263897;
sz002350:5.720,5.790,5.860,5.670,6568053;
sz002354:2.050,2.060,2.080,2.030,7073980;
sz002358:5.960,6.110,6.180,5.950,13257848;
sz002360:5.100,5.140,5.160,5.100,1477100;
sz002361:4.140,4.210,4.200,4.140,4099200;
sz002362:16.700,17.000,16.880,16.600,3537001;
sz002363:9.640,9.510,9.700,9.350,8083061;
sz002364:14.280,14.670,14.820,14.100,18991865;
sz002366:5.010,5.030,5.080,4.940,9505509;
sz002369:9.200,9.130,9.220,9.050,17131784;
sz002370:5.900,5.860,6.010,5.860,25301030;
sz002378:4.090,4.130,4.150,4.070,4041907;
sz002379:3.400,3.350,3.400,3.350,6542600;
sz002380:13.830,13.950,13.940,13.710,2125901;
sz002381:7.620,7.670,7.620,7.550,2338250;
sz002385:8.410,8.540,8.600,8.280,245894758;
sz002387:11.520,11.360,11.600,11.290,12559704;
sz002389:11.780,12.030,11.990,11.640,12518991;
sz002390:4.900,5.100,4.960,4.860,28186466;
sz002391:9.400,9.480,9.440,9.260,37944281;
sz002392:3.490,3.490,3.490,3.460,5218800;
sz002395:23.490,23.780,24.170,23.350,869205;
sz002397:4.450,4.400,4.480,4.360,3959204;
sz002399:23.720,23.410,23.910,23.340,5607192;
sz002400:4.500,4.760,4.760,4.430,143646463;
sz002401:12.670,12.880,12.920,12.550,13865953;
sz002402:13.100,13.420,13.250,12.840,39991265;
sz002403:8.100,8.130,8.140,8.050,1408370;
sz002406:5.400,5.450,5.460,5.400,2077172;
sz002407:11.500,11.420,11.740,11.390,26523565;
sz002408:6.020,5.960,6.020,5.950,6420815;
sz002409:30.280,31.600,31.390,30.030,12867405;
sz002410:44.860,45.880,45.150,44.060,5017275;
sz002411:9.230,8.920,9.280,8.870,50129026;
sz002412:9.310,8.960,9.330,8.900,30803175;
sz002413:7.250,7.280,7.390,7.140,24653841;
sz002416:6.200,6.310,6.240,6.120,13951420;
sz002417:6.700,6.940,6.950,6.640,17972895;
sz002418:2.370,2.320,2.370,2.310,16552680;
sz002426:2.350,2.380,2.630,2.300,491052823;
sz002429:4.370,4.380,4.370,4.250,55020414;
sz002430:11.260,11.230,11.290,11.100,4140748;
sz002431:2.620,2.630,2.640,2.600,6636000;
sz002433:4.810,4.740,4.820,4.700,11204870;
sz002437:3.280,3.610,3.610,3.240,242809046;
sz002438:7.780,7.830,7.970,7.660,3321800;
sz002446:7.520,7.570,7.600,7.440,15781180;
sz002448:5.060,5.090,5.110,5.010,1991800;
sz002451:7.970,8.090,8.140,7.930,4568341;
sz002452:6.830,7.440,7.300,6.680,40297619;
sz002453:4.550,5.080,4.650,4.550,17006840;
sz002454:4.620,4.660,4.670,4.620,4307400;
sz002457:7.580,7.490,7.580,7.400,6764440;
sz002459:13.880,14.200,14.500,13.820,13655018;
sz002464:5.670,6.130,6.130,5.670,14667722;
sz002466:19.790,19.550,19.800,18.750,61189030;
sz002467:6.980,7.030,7.100,6.920,59910933;
sz002469:4.370,4.800,4.590,4.350,30011684;
sz002471:2.590,2.510,2.680,2.390,62833650;
sz002472:4.830,4.860,4.860,4.820,2192940;
sz002474:7.550,7.730,7.620,7.480,8546913;
sz002476:6.510,6.510,6.570,6.480,4419400;
sz002478:5.310,5.280,5.310,5.240,1962302;
sz002480:4.670,4.770,4.750,4.560,26567964;
sz002481:11.700,11.660,12.000,11.520,32156095;
sz002483:4.760,4.810,4.800,4.730,9091492;
sz002486:4.480,4.400,4.650,4.300,84758668;
sz002489:3.960,3.950,3.980,3.860,24130076;
sz002490:3.190,3.200,3.270,3.170,3174313;
sz002491:5.750,5.820,5.840,5.690,13280155;
sz002492:4.870,4.900,4.910,4.850,5101850;
sz002493:11.590,11.600,11.860,11.520,6979992;
sz002495:2.800,2.740,2.820,2.680,26070890;
sz002496:2.500,2.550,2.530,2.480,17064660;
sz002497:7.980,7.940,8.140,7.820,36047964;
sz002498:3.540,3.930,3.930,3.530,74716945;
sz002502:3.590,3.410,3.810,3.390,66043602;
sz002503:4.000,3.860,4.010,3.820,269863265;
sz002504:2.620,2.630,2.660,2.600,5528172;
sz002505:2.200,2.210,2.270,2.190,114395300;
sz002506:2.850,2.830,2.850,2.780,194680601;
sz002967:38.020,38.370,38.700,37.800,2570019;
sz002512:5.660,5.740,5.720,5.580,26865889;
sz002513:5.100,5.120,5.140,5.060,2325544;
sz002514:4.530,4.680,4.540,4.480,8027826;
sz002515:5.810,5.700,5.940,5.650,43107469;
sz002517:2.790,2.850,2.810,2.760,30126470;
sz002519:4.050,4.110,4.150,4.050,11656392;
sz002520:6.730,6.860,6.860,6.730,1353701;
sz002523:2.510,2.540,2.550,2.510,3601618;
sz002524:8.010,8.020,8.090,7.910,8424401;
sz002526:2.200,2.220,2.220,2.180,18299497;
sz002527:5.110,5.130,5.110,5.030,3619501;
sz002528:4.780,4.750,4.780,4.680,9486367;
sz002530:10.300,11.570,11.290,10.300,37359855;
sz002532:5.810,6.060,5.870,5.760,8371770;
sz002538:4.830,4.850,4.850,4.790,9043012;
sz002540:4.500,4.490,4.530,4.420,5527250;
sz002541:15.650,15.890,16.140,15.410,11923084;
sz002544:14.260,14.310,14.450,14.100,6380545;
sz002545:6.980,7.360,7.220,6.930,30385575;
sz002548:9.800,9.700,9.880,9.600,12945567;
sz002550:4.990,5.170,5.230,4.960,45382632;
sz002551:8.960,9.030,9.090,8.830,62684290;
sz002552:16.010,16.200,16.060,15.760,4396200;
sz002553:5.460,5.370,5.550,5.310,15523908;
sz002554:2.660,2.650,2.680,2.640,8203300;
sz002562:5.750,5.660,5.830,5.600,22683903;
sz002564:4.300,4.340,4.320,4.230,6993100;
sz002575:6.070,6.430,6.140,6.020,8955442;
sz002576:8.890,9.010,9.060,8.810,3155497;
sz002577:9.620,9.850,9.830,9.560,5029806;
sz002581:16.140,16.890,18.100,16.120,90467254;
sz002584:7.760,8.400,7.980,7.520,98350837;
sz002585:5.360,5.400,5.470,5.300,25832054;
sz002587:6.500,6.700,6.580,6.460,14173014;
sz002591:7.820,8.030,8.150,7.820,8635392;
sz002592:10.780,11.270,10.810,10.520,9226300;
sz002596:6.870,6.980,7.050,6.860,24396647;
sz002605:28.280,30.360,30.000,28.120,24362725;
sz002610:1.570,1.630,1.580,1.560,93157819;
sz002615:4.830,4.940,5.170,4.830,17293401;
sz002616:8.750,8.910,8.940,8.700,8594479;
sz002617:5.170,5.190,5.210,5.110,14666896;
sz002618:10.190,10.240,10.250,10.050,3679154;
sz002619:2.420,2.450,2.430,2.380,17186056;
sz002622:3.160,3.180,3.200,3.140,9878498;
sz002623:29.690,29.640,30.540,29.110,9066367;
sz002624:49.420,51.030,50.660,49.420,10957280;
sz002625:7.440,7.490,7.490,7.390,7736955;
sz002627:8.830,9.310,9.080,8.830,6083427;
sz002630:2.370,2.420,2.460,2.330,49928576;
sz002631:7.500,7.590,7.550,7.430,6904501;
sz002634:5.120,5.260,5.180,5.110,6445694;
sz002636:8.090,8.080,8.110,7.980,3891858;
sz002637:13.250,12.890,13.250,12.820,20741750;
sz002638:3.200,3.180,3.230,3.170,15602550;
sz002639:7.950,7.870,8.030,7.860,28626301;
sz002641:6.420,6.450,6.580,6.360,7825013;
sz002644:10.190,10.010,10.190,10.030,45779071;
sz002650:3.980,4.000,4.030,3.930,26814350;
sz002651:4.540,4.690,4.580,4.500,5589768;
sz002652:3.420,3.440,3.460,3.410,2079547;
sz002653:22.100,21.930,22.550,21.300,6785398;
sz002654:4.100,4.280,4.150,4.030,17978300;
sz002656:1.850,1.890,1.900,1.840,3713665;
sz002658:6.170,6.130,6.170,6.110,977526;
sz002659:5.190,5.180,5.270,5.130,4870700;
sz002660:10.500,10.570,10.760,10.150,9104985;
sz002662:2.720,2.710,2.760,2.700,13287512;
sz002663:2.390,2.420,2.410,2.380,9677274;
sz002664:14.060,14.270,14.340,14.050,3061300;
sz002665:3.000,2.980,3.010,2.960,35367633;
sz002669:14.010,13.900,14.040,13.800,2849718;
sz002670:9.710,9.720,9.890,9.700,21378457;
sz002674:8.750,8.610,8.750,8.580,1976200;
sz002676:3.760,3.760,3.810,3.700,35457205;
sz002678:6.990,7.060,7.250,6.920,1217454;
sz002679:13.300,13.140,13.300,13.000,2019202;
sz002685:5.350,5.250,5.360,5.200,6016900;
sz002688:8.000,8.080,8.120,7.900,13482180;
sz002689:3.680,3.690,3.770,3.650,16082448;
sz002693:6.030,6.090,6.210,5.950,20009474;
sz002695:21.110,21.660,21.400,21.060,5053727;
sz002698:9.510,9.770,9.640,9.480,6592632;
sz002700:5.400,5.510,5.520,5.340,3908624;
sz002702:4.850,4.790,4.870,4.700,15470804;
sz002703:4.420,4.460,4.420,4.340,3124015;
sz002708:6.520,6.690,6.780,6.520,5844835;
sz002709:25.170,25.620,26.230,25.170,14082428;
sz002712:5.800,5.860,5.880,5.780,3791140;
sz002713:6.180,6.230,6.260,6.100,1923653;
sz002715:19.400,19.160,19.400,19.010,811705;
sz002717:4.400,4.370,4.400,4.360,9568316;
sz002719:9.150,9.160,9.160,9.010,2440091;
sz002721:4.340,4.320,4.340,4.290,6672462;
sz002722:12.210,12.800,12.270,12.150,1673300;
sz002723:12.340,11.850,12.340,11.700,6325322;
sz002724:6.380,6.230,6.400,6.200,6741750;
sz002725:10.070,10.340,10.310,10.080,8087060;
sz002728:15.850,16.060,16.460,15.750,2880520;
sz002729:37.640,37.880,38.000,36.650,294800;
sz002730:7.450,7.450,7.490,7.310,1352572;
sz002732:19.090,19.100,19.190,18.740,3107219;
sz002734:16.910,16.880,17.010,16.730,7756430;
sz002735:18.600,18.720,18.930,18.250,1415790;
sz002736:10.890,10.930,11.020,10.830,12437530;
sz002737:14.250,14.290,14.450,14.100,8347497;
sz002738:14.760,14.810,14.790,14.610,1189000;
sz002742:6.500,6.810,6.610,6.480,15645175;
sz002748:7.030,7.040,7.030,6.950,2272887;
sz002750:10.360,10.130,10.400,10.060,15632426;
sz002751:22.330,22.550,22.540,22.280,2124939;
sz002753:6.830,6.890,6.860,6.730,676222;
sz002755:17.100,17.980,17.440,16.860,12346376;
sz002756:16.300,16.270,16.360,16.110,2426712;
sz002758:11.100,10.830,11.100,10.780,3753675;
sz002759:7.100,7.110,7.160,7.080,2544343;
sz002760:18.800,19.080,19.230,18.800,1119400;
sz002761:8.970,9.000,9.000,8.880,3041516;
sz002763:7.580,7.560,7.640,7.530,1074340;
sz002765:4.290,4.250,4.290,4.220,4590100;
sz002767:12.170,12.310,12.170,12.020,1212534;
sz002769:7.510,7.670,7.650,7.440,4826548;
sz002770:2.920,2.920,2.940,2.860,85818372;
sz002771:13.000,13.140,13.080,12.830,2832730;
sz002772:7.180,7.150,7.210,7.100,4221861;
sz002778:23.990,24.070,24.000,23.500,959900;
sz002780:19.580,19.190,19.580,18.740,3239355;
sz002781:16.000,15.520,16.100,15.250,10563400;
sz002782:10.100,10.250,10.290,10.070,6092877;
sz002783:10.600,10.490,10.780,10.480,5839688;
sz002785:15.340,15.790,16.260,15.130,4347412;
sz002786:7.510,7.430,7.510,7.340,4439078;
sz002787:6.820,6.930,6.900,6.720,4176171;
sz002790:5.990,5.990,5.990,5.940,1528137;
sz002789:13.400,13.480,13.560,13.310,981249;
sz002792:26.140,26.300,26.300,25.400,5545308;
sz002791:57.100,58.530,57.900,56.520,990984;
sz002793:14.700,14.640,14.920,14.580,9191752;
sz002795:13.620,13.480,13.620,13.330,965100;
sz002796:35.710,36.200,35.990,35.400,2826618;
sz002797:7.100,7.190,7.270,7.070,60510607;
sz002800:20.250,20.340,20.490,20.160,774880;
sz002799:16.800,17.140,16.860,16.410,2862979;
sz002801:33.690,33.800,33.720,33.350,996300;
sz002802:18.940,18.910,18.950,18.700,387988;
sz002805:12.480,12.760,12.700,12.430,7570777;
sz002803:30.050,31.670,30.790,29.840,8045198;
sz002806:12.310,12.140,12.310,12.060,995670;
sz002808:8.000,8.780,8.060,7.930,8398398;
sz002809:18.560,18.470,18.920,18.330,2968800;
sz002810:18.170,18.530,18.250,17.860,4996488;
sz002602:13.800,14.510,14.210,13.720,107529161;
sz002807:4.190,4.230,4.200,4.170,10729040;
sz002811:14.010,13.950,14.090,13.900,497600;
sz002813:21.540,21.830,21.920,21.540,716243;
sz002816:28.780,28.420,28.850,28.020,1202500;
sz002817:21.400,21.250,21.520,21.210,1357875;
sz002819:22.300,22.960,22.660,22.300,1490898;
sz002820:11.020,10.760,11.020,10.740,4516697;
sz002823:10.200,10.390,10.340,10.090,2024944;
sz002825:17.300,17.300,17.300,17.300,2463120;
sz002822:10.100,10.540,10.330,10.030,26534262;
sz002828:9.620,9.740,9.760,9.600,4397584;
sz002826:11.980,11.490,12.300,11.480,18324717;
sz002827:8.730,8.630,8.730,8.550,1160278;
sz002829:26.040,26.270,26.550,25.680,4900050;
sz002830:11.370,11.470,11.640,11.370,800500;
sz002831:22.990,22.910,23.200,22.530,1504889;
sz002835:9.820,10.020,9.970,9.820,2185788;
sz002833:35.660,35.820,36.000,35.100,425700;
sz002836:9.700,10.780,9.750,9.690,2546536;
sz002837:37.750,38.230,38.830,37.500,3043253;
sz002838:40.690,39.250,41.450,38.700,28511387;
sz002824:18.380,20.410,19.460,18.210,16788245;
sz002842:9.630,9.550,9.630,9.450,2202531;
sz002843:9.180,10.300,9.520,10.300,25990469;
sz002839:5.400,5.500,5.470,5.350,28365536;
sz002845:21.150,20.940,21.160,20.600,3593570;
sz002846:26.060,26.290,26.700,25.830,4322480;
sz002848:11.400,11.450,11.440,11.240,2345400;
sz002849:12.660,12.670,12.750,12.470,912169;
sz002868:16.770,16.790,17.180,16.640,1012973;
sz002774:6.410,6.390,6.440,6.340,2117600;
sz002840:15.080,14.970,15.220,14.900,2437312;
sz002858:12.660,12.950,12.870,12.630,775700;
sz002850:48.530,51.100,51.150,48.060,7320507;
sz002857:11.480,11.530,11.570,11.140,355800;
sz002855:11.660,11.410,11.660,11.290,2144400;
sz002856:15.320,15.530,15.640,15.320,969960;
sz002853:16.450,16.510,16.570,16.160,824750;
sz002863:4.850,4.940,4.880,4.790,4673860;
sz002865:13.910,14.000,14.270,13.900,2189800;
sz002866:13.360,14.180,14.090,13.200,22145580;
sz002861:25.220,25.330,25.240,24.720,1205500;
sz002860:25.280,25.320,25.720,25.100,2770931;
sz002862:28.200,28.820,28.680,28.010,2082761;
sz002859:37.500,38.550,39.540,37.320,4831582;
sz001979:16.690,16.640,16.750,16.510,7442255;
sz002871:16.920,17.160,17.120,16.920,1018550;
sz002870:19.310,19.290,19.440,19.120,513412;
sz002872:5.850,5.710,5.890,5.650,5174200;
sz002873:19.930,19.460,19.960,19.280,7374510;
sz002876:42.280,42.730,43.430,42.280,2334242;
sz002875:14.950,15.070,15.240,14.950,2399238;
sz002877:7.520,7.610,7.560,7.430,3787353;
sz002878:30.110,30.930,31.450,30.110,3610113;
sz002880:68.650,70.500,69.930,68.650,1371770;
sz002883:18.380,18.680,18.410,18.210,602680;
sz002881:21.950,21.790,21.950,21.410,1277390;
sz002886:29.950,29.910,30.450,29.460,9017513;
sz002885:15.290,15.870,15.500,15.120,3714175;
sz002879:16.490,17.300,17.330,16.280,8337340;
sz002882:10.830,11.460,11.020,10.730,13660431;
sz002889:24.700,24.620,24.710,24.400,903000;
sz002887:17.130,16.980,17.230,16.860,1672957;
sz002890:31.080,32.060,31.080,30.500,603700;
sz002892:21.900,21.870,22.070,21.640,1770755;
sz002891:22.180,22.050,22.390,21.840,2991375;
sz002895:11.500,11.690,11.960,11.350,6982500;
sz002896:20.510,20.650,20.650,20.140,1201740;
sz002897:29.800,30.120,30.430,29.210,4943092;
sz002898:14.120,13.650,14.120,13.640,3196596;
sz002893:10.100,10.190,10.240,10.060,1500470;
sz002906:12.280,12.330,12.430,12.270,2337521;
sz002903:11.900,12.070,12.140,11.890,2080250;
sz002905:13.220,13.240,13.220,13.030,2643780;
sz002907:19.410,20.160,19.870,19.010,13260320;
sz002909:11.180,11.110,11.320,11.050,3154571;
sz002910:10.470,10.390,10.610,10.250,6333376;
sz002864:30.670,30.080,30.760,29.600,4462458;
sz002912:167.010,168.180,169.860,165.530,1396932;
sz002911:14.120,14.320,14.340,14.100,1762800;
sz002915:22.300,22.680,22.610,22.070,1042500;
sz002917:15.210,14.940,15.220,14.870,4515072;
sz002919:15.190,15.200,15.350,14.800,1707050;
sz002920:33.500,33.700,33.500,32.610,2662214;
sz002921:16.970,17.170,17.150,16.900,448400;
sz002922:13.340,13.270,13.340,13.100,1521100;
sz002923:17.750,17.820,18.280,17.630,4272270;
sz002927:16.680,16.860,17.220,16.680,3826469;
sz002929:30.900,31.480,31.350,30.310,5010579;
sz002930:14.890,15.050,15.290,14.700,11449868;
sz002931:26.290,25.960,26.500,25.780,2949160;
sz002932:43.290,47.620,45.380,42.810,5550505;
sz002935:29.710,30.060,30.300,29.610,2058400;
sz002936:3.870,3.890,3.880,3.860,8908087;
sz002937:13.200,13.350,13.250,13.030,1693620;
sz002940:46.220,46.990,46.750,45.300,1437718;
sz002939:12.010,12.080,12.220,11.980,23132269;
sz002941:15.100,15.030,15.250,15.010,8841036;
sz002943:22.000,21.800,22.270,21.500,1387200;
sz002942:25.210,25.400,25.440,25.030,1023509;
sz002952:24.400,24.560,24.880,24.100,1430067;
sz002948:4.990,5.030,5.010,4.970,7517199;
sz002945:14.510,14.700,14.950,14.450,25873761;
sz002949:16.580,16.850,16.640,16.410,1199278;
sz002958:4.320,4.380,4.360,4.320,20410556;
sz002955:52.360,51.820,52.400,51.460,2355528;
sz002956:53.460,57.360,56.400,53.380,3083308;
sz002957:25.300,25.250,25.360,25.060,1155212;
sz002960:21.850,21.900,21.960,21.660,731055;
sz002961:28.190,28.470,28.680,27.880,2669495;
sz002962:29.220,28.940,29.220,28.780,1610597;
sz000001:12.790,12.680,12.790,12.540,78863698;
sz000002:26.520,26.580,26.760,26.400,50167831;
sz000012:4.490,4.460,4.510,4.450,16785222;
sz000014:8.120,8.220,8.290,8.060,1964610;
sz000016:7.750,7.700,7.820,7.580,88864125;
sz000019:7.240,7.150,7.310,7.080,13789560;
sz000020:9.150,9.250,9.300,9.150,826300;
sz000021:19.600,19.850,20.020,19.400,47007418;
sz001872:14.900,14.890,15.130,14.580,3125297;
sz000026:8.550,8.590,8.630,8.530,2993100;
sz000027:5.370,5.390,5.390,5.330,7321958;
sz000031:5.360,5.380,5.380,5.250,5815242;
sz000032:17.000,17.230,17.000,16.700,6334400;
sz000034:25.020,25.260,25.130,24.640,16090074;
sz000035:4.740,4.740,4.780,4.710,6567110;
sz000037:11.660,11.820,11.790,11.520,999643;
sz000039:7.660,7.610,7.670,7.580,8137873;
sz000040:3.270,3.290,3.290,3.250,15774314;
sz000046:3.860,3.730,3.860,3.650,32483797;
sz000049:35.960,36.290,36.180,35.600,2878152;
sz000060:3.630,3.640,3.630,3.600,14120181;
sz000062:11.820,11.930,11.960,11.810,2126622;
sz000063:39.100,39.200,39.350,38.700,59136910;
sz000065:7.310,7.320,7.350,7.260,1814352;
sz000066:11.700,11.390,11.710,11.390,90367762;
sz000069:6.330,6.320,6.350,6.290,19141112;
sz000070:9.350,9.400,9.450,9.180,9452787;
sz000088:4.510,4.510,4.540,4.490,3343473;
sz000089:7.620,7.610,7.670,7.580,6260729;
sz000090:5.400,5.750,5.650,5.390,72816123;
sz000099:6.210,6.240,6.300,6.160,3535800;
sz000100:4.390,4.450,4.430,4.320,272782277;
sz000156:9.600,9.710,9.680,9.550,7061901;
sz000157:6.300,6.370,6.390,6.300,34639685;
sz000159:5.180,5.160,5.200,5.130,6262859;
sz000166:4.380,4.410,4.450,4.380,40379989;
sz000333:50.200,49.490,50.200,49.270,27903619;
sz000338:13.310,13.390,13.340,13.210,26690713;
sz000400:14.780,15.810,15.900,14.520,64499300;
sz000401:19.190,19.060,19.290,18.850,25782632;
sz000413:3.010,3.020,3.020,2.980,66191187;
sz000423:27.100,26.860,27.540,26.680,5632713;
sz000425:5.660,5.710,5.790,5.650,93842345;
sz000429:6.880,6.920,6.930,6.880,1076613;
sz000488:5.190,5.260,5.270,5.150,24396879;
sz000513:41.580,43.180,43.180,41.270,18986118;
sz000516:4.290,4.340,4.310,4.260,18225360;
sz000519:8.410,9.030,8.930,8.300,157865229;
sz000521:3.150,3.090,3.150,3.080,19507859;
sz000524:6.560,6.430,6.600,6.410,9496301;
sz000528:6.720,6.720,6.800,6.690,27201711;
sz000538:85.530,85.020,86.410,84.610,3696405;
sz000539:3.550,3.620,3.620,3.540,7587053;
sz000541:4.570,4.540,4.570,4.530,3511848;
sz000547:14.630,15.490,15.090,14.460,55583448;
sz000550:12.150,12.360,12.340,12.080,3780569;
sz000553:10.550,10.400,10.590,10.360,6941650;
sz000555:15.830,16.900,16.450,15.750,30640423;
sz000558:2.590,2.650,2.590,2.560,8011512;
sz000559:5.120,5.140,5.140,5.070,5300343;
sz000560:3.300,3.290,3.330,3.280,7203690;
sz000561:6.580,6.560,6.610,6.400,6928293;
sz000563:3.550,3.590,3.600,3.540,23871980;
sz000568:78.080,77.180,78.500,76.430,8272859;
sz000581:18.900,19.220,19.200,18.800,3935108;
sz000582:9.500,9.490,9.510,9.250,4197160;
sz000584:5.310,5.340,5.330,5.240,3024700;
sz000596:125.980,126.990,127.380,125.010,2140066;
sz000603:12.200,12.450,12.290,12.040,18936696;
sz000606:4.060,4.100,4.060,4.000,9622501;
sz000617:10.060,10.010,10.080,10.000,1411189;
sz000625:10.030,9.860,10.060,9.800,21688014;
sz000627:5.640,5.650,5.650,5.580,13967908;
sz000636:18.210,18.900,18.550,18.040,51797235;
sz000651:53.960,54.980,54.940,53.850,49107050;
sz000661:555.800,562.950,562.980,551.580,1177457;
sz000671:7.120,7.070,7.200,7.030,10614224;
sz000676:8.150,8.600,8.440,8.060,58184364;
sz000681:14.600,14.510,14.640,14.360,10266922;
sz000708:26.520,26.790,27.000,26.330,2186676;
sz000723:6.970,7.000,7.120,6.920,44984738;
sz000725:3.800,3.810,3.820,3.760,373909803;
sz000726:8.570,8.570,8.630,8.520,3069008;
sz000728:8.250,8.270,8.370,8.200,14870155;
sz000729:5.850,5.810,5.890,5.770,7727511;
sz000732:4.970,4.980,5.010,4.940,15605766;
sz000733:19.850,20.540,20.300,19.630,12383586;
sz000738:12.190,12.410,12.430,12.080,12358291;
sz000750:4.400,4.440,4.490,4.380,46836104;
sz000768:16.350,16.980,16.980,16.310,27087062;
sz000776:13.770,13.890,14.030,13.730,26220666;
sz000777:11.230,11.340,11.360,11.230,1600203;
sz000785:8.240,8.270,8.310,8.200,3262793;
sz000788:6.950,6.830,6.960,6.760,16977120;
sz000796:7.310,7.320,7.500,7.220,8386800;
sz000811:6.220,6.210,6.230,6.150,3377158;
sz002194:23.490,23.810,23.830,23.200,11278069;
sz000823:12.050,12.190,12.200,11.910,10750100;
sz000826:8.150,8.200,8.190,8.110,6099589;
sz000848:7.020,6.930,7.060,6.900,8860250;
sz000858:127.010,126.100,127.800,125.520,18815035;
sz000860:62.000,61.160,62.380,60.510,6894901;
sz000869:23.720,23.500,23.720,23.410,1115783;
sz000876:32.270,32.320,32.660,31.840,30069705;
sz000888:6.160,6.110,6.190,6.070,8196558;
sz000895:39.620,40.220,40.360,39.540,8745168;
sz000902:8.180,8.200,8.230,8.010,14636355;
sz000910:10.740,10.760,10.900,10.660,7402824;
sz000921:9.750,9.610,9.790,9.530,8170174;
sz000936:9.820,9.920,10.170,9.820,27113437;
sz000938:35.900,36.560,36.310,35.430,18182476;
sz000951:23.170,23.360,23.580,23.030,5743095;
sz000957:7.380,7.340,7.520,7.290,17853135;
sz000961:7.770,7.780,7.820,7.660,18452575;
sz000963:18.710,18.860,19.040,18.700,13619929;
sz000967:6.070,6.080,6.110,6.030,6967014;
sz000970:9.060,9.040,9.110,9.000,13530654;
sz000977:35.900,36.860,36.750,35.710,26569063;
sz000978:4.710,4.670,4.720,4.650,3535690;
sz000987:9.720,9.820,10.090,9.680,29743755;
sz000988:20.520,20.750,20.650,20.370,17843759;
sz000989:8.760,8.680,8.770,8.650,9996561;
sz000993:6.160,6.260,6.500,6.110,5493821;
sz000998:16.460,16.400,16.830,16.250,31290226;
sz000999:30.150,29.830,30.470,29.700,8652762;
sz002001:28.490,28.200,28.940,28.170,35031591;
sz002002:3.900,3.880,3.910,3.840,34329111;
sz002003:5.710,5.660,5.720,5.660,2664656;
sz002007:49.740,51.050,50.870,49.500,24601614;
sz002008:29.250,29.690,29.550,29.040,10178902;
sz002010:6.030,5.940,6.040,5.910,13484740;
sz002013:7.770,7.890,7.970,7.710,34552441;
sz002014:9.240,9.050,9.250,9.030,3192001;
sz002019:18.300,18.420,18.480,17.920,22697199;
sz002020:11.290,11.260,11.350,11.070,19616334;
sz002024:8.830,8.830,8.840,8.800,24234252;
sz002025:25.480,26.070,26.200,25.220,7702902;
sz002027:4.380,4.260,4.380,4.230,159706577;
sz002030:21.990,22.530,22.530,21.610,90483662;
sz002032:67.180,67.000,67.370,66.260,915330;
sz002033:6.070,5.970,6.100,5.940,7368445;
sz002035:11.360,11.210,11.470,11.160,7220984;
sz002036:14.020,14.180,14.160,13.840,16305624;
sz002038:12.410,12.500,12.520,12.250,14780536;
sz002040:6.260,6.270,6.330,6.220,4472310;
sz002041:12.200,13.290,12.900,12.200,133109337;
sz002042:5.100,5.120,5.100,5.030,9390448;
sz002043:7.530,7.400,7.580,7.300,12836419;
sz002044:10.900,11.400,11.350,10.820,55920978;
sz002049:57.450,59.630,58.880,57.330,28315057;
sz002050:19.120,19.270,19.400,18.610,28169073;
sz002051:7.890,7.900,7.900,7.830,3000451;
sz002055:12.420,12.960,12.650,12.280,16354285;
sz002056:10.250,10.420,10.380,10.080,32953082;
sz002059:5.090,4.990,5.090,4.980,9102900;
sz002060:3.070,3.090,3.190,3.060,32144570;
sz002063:12.680,13.460,13.080,12.580,30174184;
sz002065:13.500,13.710,13.880,13.430,63952002;
sz002074:18.510,20.450,19.500,18.330,72753325;
sz002080:11.630,11.760,11.740,11.530,8210446;
sz002081:8.010,8.060,8.070,8.000,7479253;
sz002085:6.680,6.700,6.730,6.620,2523869;
sz002090:8.750,8.830,8.910,8.710,4063710;
sz002091:5.920,5.920,5.950,5.870,11089648;
sz002092:4.930,4.940,4.950,4.900,13738232;
sz002094:4.160,4.110,4.170,4.090,15696994;
sz002095:19.060,19.310,19.150,18.850,1800979;
sz002097:6.140,6.170,6.220,6.060,16240360;
sz002099:6.470,6.430,6.520,6.400,15945374;
sz002101:7.380,7.430,7.460,7.300,4583200;
sz002106:9.520,9.780,9.870,9.520,28902804;
sz002110:7.660,7.530,7.670,7.470,50403199;
sz002111:14.500,14.720,14.770,14.390,2450785;
sz002115:9.580,9.580,9.580,9.430,16580737;
sz002116:7.430,7.470,7.430,7.360,1447850;
sz002117:11.300,12.030,11.580,11.290,30785395;
sz002120:29.170,29.310,29.360,28.810,6036112;
sz002121:3.450,3.810,3.810,3.410,37371286;
sz002126:8.820,8.890,9.040,8.730,14795930;
sz002129:15.720,15.900,16.090,15.610,65578594;
sz002135:9.500,9.300,9.570,9.210,14626035;
sz002138:21.050,21.410,21.120,20.800,15327009;
sz002139:5.470,5.520,5.530,5.440,14031380;
sz002142:22.700,22.560,22.750,22.350,27919313;
sz002151:28.490,28.780,29.070,28.480,12165752;
sz002152:9.580,10.420,10.380,10.060,136213102;
sz002153:29.800,30.010,30.150,28.750,4297867;
sz002156:22.000,22.460,22.580,21.660,59435958;
sz002157:18.880,18.210,19.100,18.080,122413451;
sz002158:11.880,12.190,12.080,11.680,14519283;
sz002169:8.700,8.800,8.960,8.650,23568692;
sz002179:33.600,33.820,33.840,33.360,6882401;
sz002180:29.150,29.280,29.250,28.540,23587883;
sz002181:4.630,4.660,4.670,4.590,3580965;
sz002185:11.700,12.450,12.470,11.620,418515859;
sz002187:7.550,7.530,7.550,7.500,922600;
sz002189:16.670,16.690,16.840,16.650,3632910;
sz002191:9.070,9.120,9.100,9.010,8660076;
sz002195:2.900,3.100,3.010,2.870,322476729;
sz002202:9.920,10.020,9.950,9.830,14903213;
sz002203:9.280,9.240,9.280,9.040,2053862;
sz002206:3.530,3.480,3.530,3.480,8032250;
sz002214:21.200,20.770,21.550,20.570,34393629;
sz002215:6.070,6.080,6.080,5.980,16147429;
sz002216:21.790,21.690,22.150,21.330,7518138;
sz002217:5.750,5.820,5.790,5.670,39651700;
sz002222:10.660,10.910,10.700,10.580,7278432;
sz002223:37.210,38.000,37.760,36.690,72903687;
sz002230:34.600,34.420,34.600,34.220,28547412;
sz002233:12.850,12.940,12.880,12.680,30033818;
sz002236:16.410,16.800,16.730,16.300,27910718;
sz002238:8.800,9.080,9.040,8.760,8874735;
sz002241:17.610,17.890,17.900,17.400,55028451;
sz002242:30.000,30.250,30.550,29.980,2529531;
sz002244:4.170,4.180,4.170,4.130,12918593;
sz002252:8.190,8.260,8.300,8.100,53991620;
sz002253:12.610,12.800,12.690,12.510,1810925;
sz002258:15.210,15.060,15.280,14.930,8660078;
sz002268:22.160,23.320,22.590,21.900,21963329;
sz002271:37.680,37.900,38.070,37.210,16674866;
sz002273:13.650,13.820,13.730,13.410,29954090;
sz002275:13.720,13.690,13.930,13.590,2233791;
sz002277:3.580,3.550,3.590,3.520,21022688;
sz002279:6.150,6.860,6.600,6.100,33279546;
sz002281:31.180,31.150,31.210,30.500,9068271;
sz002285:2.720,2.740,2.750,2.700,11576011;
sz002293:8.800,8.830,8.880,8.750,1576612;
sz002294:18.700,18.900,18.950,18.590,3313233;
sz002299:22.570,22.420,22.830,22.350,12370507;
sz002300:6.600,6.820,6.920,6.530,19906793;
sz002301:15.070,15.580,15.350,14.700,13200738;
sz002302:10.050,10.140,10.170,10.050,7674057;
sz002304:89.980,89.970,90.330,88.900,3346143;
sz002307:5.910,6.060,6.050,5.870,43154282;
sz002311:41.560,41.880,42.130,41.280,5812082;
sz002315:14.930,15.360,15.150,14.790,6071933;
sz002327:7.050,7.040,7.120,7.020,2105022;
sz002331:9.080,9.000,9.080,8.920,4657240;
sz002340:4.720,4.690,4.750,4.660,71246750;
sz002344:3.800,3.800,3.810,3.780,4591929;
sz002351:16.530,16.520,16.900,16.430,16435900;
sz002352:47.600,47.700,48.380,47.210,9745674;
sz002353:25.110,25.490,25.450,24.960,19256594;
sz002365:11.750,12.160,12.010,11.600,12801294;
sz002367:7.930,8.010,7.930,7.780,13523605;
sz002368:36.400,37.050,36.830,35.900,9566663;
sz002371:120.150,125.250,123.800,118.960,7996215;
sz002372:11.610,11.650,11.720,11.360,4099979;
sz002373:22.290,22.580,22.760,21.980,17671838;
sz002376:10.300,10.320,10.300,10.190,5689170;
sz002382:17.390,18.500,18.150,17.250,56451460;
sz002383:10.020,10.050,10.220,10.010,6317003;
sz002384:22.690,22.860,23.060,22.420,33044617;
sz002394:8.960,9.040,9.040,8.910,2621866;
sz002396:35.500,35.680,35.960,35.100,8534687;
sz002404:5.410,5.420,5.410,5.330,4472065;
sz002405:14.560,14.780,14.770,14.400,29831511;
sz002414:37.580,37.910,38.470,37.280,7346507;
sz002415:29.800,30.100,30.080,29.650,26847746;
sz002419:8.800,8.790,8.860,8.760,5052618;
sz002421:3.540,3.730,3.660,3.520,70761917;
sz002422:22.060,22.000,22.270,21.650,15827407;
sz002423:8.430,8.460,8.480,8.380,2374160;
sz002425:4.990,5.050,5.050,4.970,8147894;
sz002432:9.170,9.560,9.200,8.950,43108301;
sz002434:8.520,8.560,8.650,8.480,4952713;
sz002436:11.310,11.660,11.650,11.230,59323713;
sz002439:37.780,38.290,38.440,37.470,6088943;
sz002440:9.650,9.590,9.690,9.580,6191548;
sz002444:10.170,10.170,10.210,10.070,16567218;
sz002449:11.050,11.290,11.260,10.940,16228692;
sz002456:14.900,15.110,15.130,14.790,189299662;
sz002458:17.840,17.900,18.300,17.610,28488456;
sz002460:43.650,43.720,44.400,42.600,46117369;
sz002461:6.400,6.510,6.450,6.380,7748854;
sz002462:15.470,15.390,15.560,15.260,2694684;
sz002463:24.540,24.830,24.850,24.210,25844549;
sz002465:11.970,12.220,12.190,11.850,31254231;
sz002468:16.640,16.460,16.640,16.400,3999430;
sz002475:40.690,41.280,41.190,40.100,39798699;
sz002479:6.220,6.090,6.260,6.060,13502421;
sz002482:3.600,3.590,3.640,3.580,5812250;
sz002484:8.950,9.020,9.040,8.830,13699213;
sz002500:7.020,7.060,7.140,7.010,12546945;
sz002507:33.600,33.780,34.060,33.200,7169592;
sz002508:28.960,29.260,29.110,28.390,5134118;
sz002510:5.420,5.420,5.580,5.360,41306136;
sz002511:16.750,17.550,17.580,16.700,20845442;
sz002516:3.180,3.080,3.200,3.070,22115291;
sz002518:12.100,12.450,12.600,12.070,17738386;
sz002531:5.600,5.650,5.660,5.560,12708786;
sz002533:5.560,5.730,5.830,5.510,16557788;
sz002534:7.500,7.580,7.540,7.440,1335618;
sz002537:6.310,7.040,6.670,6.250,122969839;
sz002543:8.100,8.040,8.100,7.970,1340494;
sz002546:4.150,4.310,4.280,4.110,16957642;
sz002547:7.980,7.940,8.000,7.800,31173586;
sz002555:35.750,37.070,36.580,35.180,31587387;
sz002557:47.780,49.380,49.280,47.540,8083345;
sz002558:17.010,16.780,17.080,16.730,7170910;
sz002559:5.910,5.930,5.940,5.900,4868000;
sz002561:8.050,8.010,8.260,7.960,5932793;
sz002563:7.490,7.360,7.530,7.320,10203057;
sz002565:4.880,4.880,4.960,4.840,13197695;
sz002567:9.390,9.370,9.610,9.270,41036931;
sz002568:32.630,32.230,33.690,31.600,6732174;
sz002570:5.800,5.740,5.800,5.600,13739747;
sz002572:18.760,19.100,19.130,18.610,9087248;
sz002573:5.640,5.790,5.760,5.640,6210042;
sz002579:13.310,13.670,13.660,13.150,7496792;
sz002582:9.150,9.100,9.200,9.030,7467079;
sz002583:6.430,6.530,6.680,6.430,33057129;
sz002589:5.870,5.790,5.890,5.730,39244117;
sz002594:60.100,60.010,61.300,59.050,16490491;
sz002595:17.350,17.190,17.350,17.060,1518300;
sz002600:8.830,9.040,9.090,8.760,119745581;
sz002601:15.310,15.680,15.580,15.180,10906760;
sz002603:37.800,37.900,37.900,37.000,27179909;
sz002607:23.250,23.980,23.590,23.060,9734970;
sz002608:6.390,6.390,6.450,6.340,1279302;
sz002609:10.180,10.370,10.230,10.010,5468907;
sz002614:9.890,9.890,9.950,9.750,14719935;
sz002626:20.680,20.490,21.210,20.370,10134898;
sz002628:3.960,4.000,3.990,3.960,4007200;
sz002632:8.060,7.810,8.060,7.810,6811400;
sz002635:18.570,18.750,18.980,18.250,15682586;
sz002640:5.870,5.880,5.920,5.850,17659699;
sz002643:13.510,13.450,13.680,13.250,8501876;
sz002645:10.260,10.220,10.440,10.100,5036053;
sz002646:9.060,9.070,9.100,8.980,1293285;
sz002647:27.800,27.600,27.800,27.320,4052156;
sz002648:13.770,13.930,13.850,13.630,18977691;
sz002649:9.000,9.270,9.120,8.970,9888114;
sz002655:9.580,9.600,9.590,9.340,10507947;
sz002657:14.850,15.490,16.000,14.800,14302248;
sz002661:17.220,18.100,17.770,17.200,20429106;
sz002666:5.550,5.560,5.600,5.480,6845900;
sz002668:5.070,5.330,5.230,4.930,168633559;
sz002672:9.210,9.300,9.290,9.190,3270842;
sz002673:8.050,8.100,8.190,8.020,21431246;
sz002675:15.170,15.330,15.430,14.850,6943405;
sz002677:11.550,11.560,11.660,11.490,4852944;
sz002681:3.340,3.350,3.350,3.310,17500285;
sz002690:40.200,40.120,40.500,39.550,2192542;
sz002696:6.620,6.590,6.690,6.510,10251160;
sz002697:10.150,10.170,10.270,10.010,15078858;
sz002701:4.090,4.180,4.220,4.080,27528471;
sz002705:22.060,22.700,22.400,21.900,5205877;
sz002706:12.640,13.030,13.050,12.550,7915923;
sz002707:4.590,4.580,4.590,4.530,8730100;
sz002714:121.100,119.270,121.990,118.300,12963113;
sz002718:13.690,13.650,13.730,13.590,644056;
sz002726:7.190,7.070,7.230,7.040,21512147;
sz002727:26.480,26.840,26.760,26.070,5724615;
sz002733:21.450,21.610,21.780,21.250,7634692;
sz002739:15.060,14.980,15.150,14.850,9650887;
sz002741:11.300,11.280,11.370,11.180,3324478;
sz002743:6.710,6.740,6.740,6.600,6044250;
sz002745:11.830,11.600,11.830,11.460,11952059;
sz002746:14.410,14.500,14.550,14.350,6968489;
sz002747:9.730,9.980,9.860,9.620,5243637;
sz002757:20.750,21.350,21.400,20.650,3477453;
sz002762:5.250,5.250,5.290,5.200,2890825;
sz002768:46.000,43.530,46.480,42.960,22885381;
sz002773:40.260,40.460,41.140,39.830,2507303;
sz002775:5.180,5.210,5.210,5.160,1244396;
sz002777:41.490,43.350,42.200,40.850,3056492;
sz002788:8.450,8.580,8.570,8.380,8849992;
sz002798:27.890,27.520,28.080,27.000,4793930;
sz002812:48.900,50.720,50.350,48.650,7319488;
sz002815:16.510,16.740,16.750,16.280,7710697;
sz002821:183.350,183.530,186.300,182.000,1695470;
sz002832:18.870,18.930,19.250,18.630,2208473;
sz002841:78.280,78.940,78.280,77.390,1048255;
sz002847:63.460,66.060,66.060,62.000,6139617;
sz002852:13.930,13.700,14.190,13.700,3973030;
sz002851:20.700,21.210,21.230,20.700,3360031;
sz002867:17.760,17.680,17.800,17.580,2382538;
sz002869:67.500,67.120,67.970,66.620,2389875;
sz002884:14.640,14.540,14.640,14.380,806984;
sz002888:18.000,18.500,18.390,17.800,2130879;
sz002899:12.430,12.730,12.560,12.360,1383800;
sz002901:72.420,74.770,74.440,72.200,1613611;
sz002900:12.460,12.320,12.720,12.270,7354390;
sz002902:19.600,19.720,19.750,19.480,2642200;
sz002908:11.860,11.940,12.220,11.810,6655121;
sz002913:50.000,50.720,50.890,49.880,1040825;
sz002916:222.000,226.310,225.220,218.310,3499720;
sz002918:23.550,23.220,23.900,23.100,3271385;
sz001965:6.880,6.900,6.890,6.840,1905135;
sz002925:49.330,49.240,49.660,48.560,3288797;
sz002926:10.460,10.680,10.750,10.450,35776112;
sz002818:11.660,11.810,11.710,11.510,2025918;
sz002928:12.960,13.450,13.550,12.850,21091134;
sz002933:34.850,34.600,34.850,33.900,631090;
sz002938:38.600,38.900,38.960,38.180,8167160;
sz002946:11.560,11.500,11.740,11.310,5095086;
sz002947:45.950,45.860,45.950,45.010,726600;
sz002950:37.540,37.850,38.210,37.310,9492939;
sz002959:86.300,90.300,87.770,84.530,3313786;
sz002966:8.370,8.730,8.440,8.360,26875442;
sz003816:2.900,2.930,2.960,2.890,63951496;
