sh600079:15.000,15.900,15.090,14.300,51906505;
sh600310:3.870,3.920,4.010,3.850,7394061;
sh600354:5.460,5.110,5.460,5.070,96817905;
sh600596:9.220,8.930,9.220,8.870,15673669;
sh603002:4.190,4.170,4.210,4.140,8771977;
sh603032:19.500,19.530,19.900,19.310,2383674;
sh600093:13.450,13.350,13.450,13.120,24548120;
sh600745:119.000,121.000,122.110,119.000,18305636;
sh600812:9.050,9.010,9.050,8.650,41413490;
sh600816:3.070,3.030,3.220,3.010,100193126;
sh601555:8.650,8.560,8.750,8.520,28561682;
sh600745:119.000,121.000,122.110,119.000,18305636;
sh600812:9.050,9.010,9.050,8.650,41413490;
sh600816:3.070,3.030,3.220,3.010,100193126;
sh601555:8.650,8.560,8.750,8.520,28561682;
sh603066:8.440,8.020,8.580,7.960,18479765;
sh601162:6.170,5.980,6.210,5.950,126404374;
sz000901:11.520,11.190,11.550,11.140,11692320;
sz002079:11.940,12.250,12.320,11.720,82686096;
sz002308:5.410,5.590,5.490,5.250,63689900;
sz002469:3.950,3.870,3.950,3.850,3270400;
sz000977:43.500,43.200,43.640,41.800,65958051;
sz002884:17.000,16.650,17.000,16.380,3176174;
