sh600048:15.250,15.090,15.580,14.880,87532699;
sh600053:23.500,23.410,24.290,22.780,5554404;
sh600061:12.620,12.550,12.790,12.180,25791209;
sh600063:3.760,4.070,3.870,3.670,53385547;
sh600071:9.540,8.980,9.540,8.760,2612584;
sh600076:4.050,4.000,4.110,3.890,24456610;
sh600077:2.990,2.940,3.040,2.820,14733075;
sh600078:4.420,4.410,4.470,4.130,15591805;
sh600079:13.570,13.060,13.800,12.900,16326120;
sh600081:10.720,10.700,10.900,10.220,5005608;
sh600082:3.980,4.000,4.200,3.820,58820983;
sh600090:4.190,4.130,4.240,4.000,20310905;
sh600101:6.020,5.950,6.100,5.820,3954451;
sh600111:8.810,8.700,8.950,8.500,27831107;
sh600113:6.600,6.280,6.720,6.100,12871221;
sh600115:4.450,4.380,4.540,4.280,61670439;
sh600120:9.030,8.970,9.180,8.700,13120479;
sh600146:12.290,11.730,12.500,11.030,16137356;
sh600151:4.530,4.440,4.590,4.260,13172603;
sh600156:6.000,5.570,6.130,5.570,52324711;
sh600160:7.550,7.870,7.760,7.380,80678796;
sh600161:31.600,33.780,32.170,31.010,18330225;
sh600162:2.160,2.140,2.190,2.100,16265052;
sh600169:2.180,2.160,2.210,2.030,36731437;
sh600175:1.330,1.340,1.370,1.310,38497030;
sh600197:12.830,12.720,13.030,12.450,4775489;
sh600199:5.040,4.990,5.100,4.850,5512167;
sh600200:7.500,7.120,7.500,6.730,36874134;
sh600203:11.300,11.440,11.680,10.600,43562202;
sh600206:15.590,15.150,15.810,14.220,81909401;
sh600207:4.390,4.300,4.400,4.110,7865319;
sh600208:3.080,3.090,3.110,2.970,74553496;
sh600213:7.390,7.210,7.480,6.890,4283504;
sh600218:8.840,8.900,9.000,8.530,9653716;
sh600221:1.710,1.700,1.750,1.670,141377022;
sh600223:6.820,7.020,7.100,6.400,30788211;
sh600226:2.550,2.470,2.600,2.410,45949351;
sh600227:2.870,2.780,2.900,2.720,16759117;
sh600235:4.710,4.580,4.750,4.360,12777501;
sh600236:4.410,4.390,4.460,4.320,10411500;
sh600242:7.690,7.800,7.880,7.210,40454265;
sh600246:5.200,5.110,5.290,4.800,15438090;
sh600262:15.200,15.390,15.680,15.020,552701;
sh600266:7.150,7.030,7.190,6.940,15045136;
sh600267:13.520,12.950,13.680,12.300,43958320;
sh600268:5.750,5.970,5.890,5.450,39079310;
sh600278:9.850,9.760,10.040,9.470,5693335;
sh600279:3.800,3.810,3.880,3.730,5545055;
sh600283:8.640,8.680,8.880,8.460,1607910;
sh600285:8.700,8.470,8.790,8.320,6737429;
sh600288:11.330,11.250,11.340,10.880,5351173;
sh600291:7.310,7.340,7.440,7.110,10767489;
sh600293:2.950,2.910,3.030,2.780,33529136;
sh600300:3.100,3.040,3.140,2.960,27964669;
sh600311:2.740,2.680,2.800,2.560,20871775;
sh600313:3.460,3.270,3.500,3.160,127087160;
sh600317:2.190,2.190,2.240,2.160,9634904;
sh600322:2.700,2.660,2.740,2.570,22421644;
sh600323:19.320,19.450,19.660,18.800,8391609;
sh600326:6.430,6.420,6.540,6.210,15351907;
sh600336:5.170,5.390,5.340,5.070,27722437;
sh600337:4.130,4.140,4.180,4.020,8919500;
sh600338:8.810,8.710,9.090,8.360,11145964;
sh600339:2.790,2.790,2.830,2.740,27643849;
sh600351:5.170,5.100,5.230,4.920,5709269;
sh600353:5.680,5.610,5.750,5.320,16134365;
sh600354:4.320,4.230,4.480,4.080,18377118;
sh600355:3.400,3.390,3.540,3.220,34709170;
sh600360:9.680,9.070,9.850,8.830,174334864;
sh600363:14.700,14.320,15.000,13.870,12086473;
sh600366:5.320,5.200,5.370,5.000,18715446;
sh600371:11.070,10.840,11.330,10.500,8139674;
sh600375:4.590,4.640,4.690,4.420,7424198;
sh600381:4.900,4.880,4.970,4.730,4626774;
sh600392:6.710,6.660,6.830,6.490,14429021;
sh600393:2.660,2.610,2.700,2.570,18913049;
sh600398:6.480,6.380,6.590,6.250,14682047;
sh600419:11.090,11.000,11.230,10.520,2831573;
sh600425:3.790,3.820,3.890,3.610,29255284;
sh600429:4.900,4.910,4.990,4.800,2458302;
sh600449:10.370,10.430,10.450,10.060,9400545;
sh600455:24.300,24.110,24.600,23.080,2262671;
sh600463:6.890,6.650,6.900,6.350,11515114;
sh600466:6.220,6.220,6.360,6.120,16774417;
sh600467:2.300,2.250,2.330,2.190,22591326;
sh600476:13.080,12.570,13.150,12.220,3145201;
sh600478:4.060,3.950,4.090,3.810,15792212;
sh600479:8.570,8.470,8.660,8.310,6887100;
sh600480:9.200,9.240,9.650,8.750,18280828;
sh600481:3.040,3.050,3.100,2.950,6049585;
sh600488:4.530,4.400,4.600,4.230,9884452;
sh600495:4.600,4.660,4.680,4.400,62992413;
sh600499:4.580,4.420,4.680,4.410,15820202;
sh600501:8.280,8.140,8.400,7.930,7095659;
sh600503:3.210,3.210,3.270,3.100,27240026;
sh600505:9.600,9.360,9.850,8.940,5047482;
sh600506:8.980,8.550,9.270,8.400,10556542;
sh600517:7.960,7.970,8.090,7.530,37360658;
sh600520:9.280,9.260,9.400,8.880,1750025;
sh600525:5.320,5.300,5.440,5.140,13994900;
sh600526:5.220,5.240,5.300,5.130,4617004;
sh600527:2.700,2.590,2.700,2.500,58685668;
sh600530:3.700,3.600,3.730,3.510,6973017;
sh600533:3.540,3.540,3.620,3.380,37320859;
sh600537:3.190,3.160,3.230,3.070,9554713;
sh600549:11.950,11.900,12.160,11.600,13743054;
sh600559:8.850,8.620,8.920,8.350,13080630;
sh600562:14.340,14.410,14.550,13.510,11184987;
sh600568:1.620,1.600,1.660,1.520,40426548;
sh600573:5.830,5.760,5.900,5.600,2666733;
sh600587:16.500,16.050,16.990,15.550,12551580;
sh600593:38.900,38.780,39.030,38.390,935762;
sh600596:8.530,8.400,8.610,8.180,9200039;
sh600601:3.250,3.290,3.320,3.140,17058003;
sh600602:7.740,7.640,7.820,7.270,12057677;
sh600603:6.010,5.950,6.130,5.720,19670614;
sh600604:7.480,7.370,7.710,6.990,28699118;
sh600613:7.160,6.970,7.270,6.740,5402621;
sh600623:5.590,5.510,5.670,5.410,13001752;
sh600624:9.000,8.730,9.150,8.240,27253310;
sh600626:6.370,6.140,6.440,5.870,25512011;
sh600628:9.810,9.870,10.050,9.660,3020964;
sh600630:8.080,7.790,8.080,7.370,18064718;
sh600638:5.480,5.550,5.590,5.290,4160058;
sh600639:12.450,12.160,12.740,12.040,2891053;
sh600640:17.280,17.010,17.740,15.910,9652967;
sh600641:20.600,20.620,20.850,19.600,24839846;
sh600644:4.980,4.980,5.050,4.850,2285304;
sh600645:19.030,18.660,19.300,17.980,17120402;
sh600647:14.480,14.020,15.080,13.000,4398777;
sh600649:5.580,5.470,5.740,5.290,26468868;
sh600651:3.460,3.840,3.550,3.320,18413329;
sh600661:16.660,16.500,16.900,16.020,2723716;
sh600662:4.250,4.070,4.310,3.950,21760899;
sh600668:13.850,13.930,14.090,13.360,8191559;
sh603179:22.950,22.530,23.200,21.550,2232880;
sh600671:11.200,10.910,11.200,10.680,1535100;
sh600677:5.350,5.310,5.500,5.310,9980038;
sh600678:7.940,7.670,8.080,7.220,27931334;
sh600682:9.200,8.990,9.380,8.620,16599602;
sh600683:5.210,5.400,5.400,4.910,70259808;
sh600684:3.390,3.290,3.450,3.170,14401061;
sh600689:8.300,8.010,8.300,7.660,4383981;
sh600693:4.990,5.090,5.030,4.900,4459330;
sh600695:7.850,7.780,8.040,7.460,21207202;
sh600697:15.360,15.180,15.530,15.050,1703174;
sh600706:8.300,8.900,8.520,7.840,18224877;
sh600708:3.410,3.220,3.450,3.140,101903652;
sh600711:4.340,4.260,4.420,4.090,24073169;
sh600712:5.490,5.560,5.620,5.300,25645193;
sh600716:4.020,3.930,4.070,3.860,5734097;
sh600719:3.900,3.880,3.950,3.810,2881220;
sh600724:4.080,4.270,4.150,3.940,35762998;
sh600730:4.590,4.610,4.650,4.400,5075859;
sh600734:4.820,4.650,4.880,4.390,13129663;
sh600736:5.760,6.000,5.900,5.480,50513925;
sh600737:7.910,7.940,8.090,7.680,21647971;
sh600744:2.300,2.290,2.340,2.210,6451537;
sh600746:6.650,6.300,6.650,6.180,4462900;
sh600748:6.800,6.420,7.000,6.210,125306815;
sh603893:69.500,71.660,72.150,67.800,10414368;
sh600755:6.470,6.450,6.550,6.320,13847171;
sh600756:18.950,19.010,19.260,18.430,7427865;
sh600764:27.180,26.740,27.180,26.300,2824777;
sh600770:4.990,4.980,5.150,4.840,11231773;
sh600771:14.700,14.310,14.960,14.070,5933377;
sh600773:5.550,5.630,5.700,5.410,11876505;
sh600777:1.810,1.820,1.840,1.780,64681745;
sh600783:13.780,13.450,13.950,12.900,11163724;
sh600784:4.460,4.420,4.550,4.350,2722223;
sh600785:13.550,14.000,14.280,13.550,838797;
sh600796:5.450,5.430,5.560,5.050,3413501;
sh600800:5.020,5.020,5.020,5.020,6194804;
sh600802:11.100,10.780,11.180,10.200,21422486;
sh600808:2.700,2.680,2.750,2.650,45575286;
sh600818:10.020,9.690,10.020,9.550,1329331;
sh600819:4.550,4.560,4.600,4.420,4075901;
sh600821:4.280,4.190,4.430,4.080,6529902;
sh600822:8.760,8.770,8.840,8.410,3936411;
sh600824:3.080,3.070,3.120,2.990,5113015;
sh600825:4.610,4.590,4.690,4.470,4463596;
sh600828:3.860,3.890,3.890,3.740,3639042;
sh600829:7.170,7.010,7.250,6.750,7088000;
sh600830:6.200,6.120,6.530,6.120,73225482;
sh600831:8.630,8.560,8.750,8.210,18599646;
sh600833:9.360,9.120,9.380,8.820,2513056;
sh600834:6.330,6.300,6.450,6.180,1773352;
sh600836:4.580,4.600,4.650,4.260,23498300;
sh600838:5.400,5.400,5.490,5.300,2915638;
sh600841:6.440,6.400,6.560,6.150,2390140;
sh600843:7.050,6.870,7.150,6.650,5992868;
sh600846:8.300,8.270,8.350,7.950,11935350;
sh600851:7.550,7.340,7.730,7.000,5716532;
sh600853:3.670,3.850,3.790,3.570,51810761;
sh600854:3.600,3.610,3.680,3.330,5524216;
sh600855:11.290,10.830,11.430,10.580,6944030;
sh600857:9.620,9.730,9.810,9.490,1250459;
sh600860:4.420,4.320,4.490,4.110,4858900;
sh600861:10.600,10.150,10.710,10.030,4193000;
sh600862:12.200,12.160,12.570,11.440,24038174;
sh600864:7.120,6.990,7.230,6.830,39719689;
sh600865:5.880,5.920,6.010,5.820,2846898;
sh600866:6.050,5.790,6.190,5.620,75177738;
sh600867:10.820,10.550,11.080,10.210,30363837;
sh600868:3.300,3.240,3.360,3.090,53532325;
sh600869:4.670,5.070,5.130,4.550,139972442;
sh600871:2.040,2.040,2.090,2.000,35778359;
sh600874:6.930,6.960,7.030,6.830,8616803;
sh600876:13.460,13.300,13.790,12.500,5902479;
sh600879:6.800,6.820,6.850,6.450,66446460;
sh600880:3.650,3.610,3.680,3.490,10486190;
sh600882:19.400,19.280,19.800,18.100,4896929;
sh600885:29.800,29.700,30.600,28.780,8754230;
sh600888:4.610,4.630,4.680,4.450,13158987;
sh600889:4.800,4.650,4.840,4.530,5273116;
sh600894:6.550,6.650,6.600,6.350,7870185;
sh600898:7.080,6.910,7.140,6.740,2830833;
sh600917:6.390,6.450,6.450,6.250,3863078;
sh600959:3.710,3.690,3.760,3.630,19035802;
sh600962:7.710,7.510,7.950,7.280,8834157;
sh600965:7.400,7.530,7.550,7.200,7286688;
sh600966:8.470,8.180,8.600,7.830,32914347;
sh600973:4.370,4.710,4.560,4.290,81308373;
sh600976:16.240,15.940,16.440,15.700,1932805;
sh600980:12.190,11.720,12.190,11.380,2302149;
sh600981:3.750,3.600,3.850,3.510,43603520;
sh600982:2.750,2.750,2.780,2.680,4622004;
sh600983:4.240,4.220,4.290,4.120,1113502;
sh600986:3.820,3.790,3.880,3.620,33941660;
sh600988:6.960,6.670,7.050,6.410,101529574;
sh600990:40.000,38.900,40.000,37.310,2054027;
sh600992:6.150,6.290,6.340,6.080,1820900;
sh601002:5.850,5.880,5.970,5.600,17974358;
sh601008:3.720,3.630,3.790,3.520,14821523;
sh601016:2.290,2.270,2.330,2.210,24284036;
sh601069:13.630,13.370,13.750,13.000,12151803;
sh601100:51.150,50.900,52.000,49.000,4133806;
sh601106:2.650,2.640,2.700,2.590,28993677;
sh601118:5.150,5.100,5.400,4.960,123819061;
sh601126:6.550,6.830,6.790,6.150,27901889;
sh601168:6.000,5.870,6.120,5.800,25608915;
sh601199:4.140,4.160,4.290,4.140,71293558;
sh601222:5.580,5.710,5.650,5.440,41646450;
sh601226:3.920,3.910,3.980,3.810,5240314;
sh601233:12.730,12.790,12.870,12.430,20093211;
sh601311:9.000,9.080,9.140,8.700,12200731;
sh601339:3.460,3.560,3.500,3.420,10012468;
sh601388:1.770,1.750,1.810,1.710,30441924;
sh601515:6.300,6.130,6.400,5.720,11283580;
sh601567:7.710,7.660,7.850,7.420,8943530;
sh601608:3.400,3.380,3.490,3.250,26931196;
sh601616:3.840,3.670,4.000,3.580,155208113;
sh601677:10.430,10.410,10.520,10.180,4595645;
sh601689:19.580,18.940,19.880,17.750,18850691;
sh601700:6.550,6.710,6.740,6.280,60168874;
sh601727:4.900,4.970,4.950,4.710,59506352;
sh601789:4.100,4.220,4.160,3.950,52128986;
sh601799:90.500,87.200,92.970,84.830,3228526;
sh601818:3.670,3.700,3.710,3.650,113807606;
sh601866:2.050,2.040,2.080,1.990,59836777;
sh601958:6.130,6.160,6.210,5.990,12674861;
sh601968:4.450,4.440,4.510,4.360,3030427;
sh601996:3.130,2.950,3.190,2.930,75747599;
sh603003:8.410,7.910,8.580,7.520,29658079;
sh603006:10.460,10.320,10.550,10.020,1491500;
sh603009:7.390,7.240,7.420,6.910,8826017;
sh603010:12.760,12.660,12.990,12.400,9306020;
sh603015:6.300,6.530,6.330,6.080,5110215;
sh603017:9.600,9.670,9.880,9.460,1443200;
sh603018:11.240,11.430,11.410,10.780,9894327;
sh603020:7.650,7.600,7.700,7.380,2774800;
sh603021:6.060,5.990,6.240,5.800,2170630;
sh603022:16.080,15.990,16.330,14.900,4137507;
sh603023:5.410,5.230,5.480,5.050,33826013;
sh603025:8.800,9.050,9.100,8.640,5915443;
sh603085:6.940,6.390,6.980,6.180,5432576;
sh603088:8.980,8.980,9.140,8.700,1316316;
sh603099:8.120,7.970,8.200,7.810,1432344;
sh603108:10.100,9.900,10.220,9.630,8907630;
sh603111:6.330,6.270,6.550,5.900,38006579;
sh603116:6.390,6.330,6.390,6.110,3010876;
sh603117:3.770,3.690,3.810,3.550,10496620;
sh603123:9.500,9.750,9.660,9.200,12172508;
sh603126:4.440,4.380,4.480,4.240,5589200;
sh603158:19.620,19.330,19.980,18.490,4550020;
sh603168:8.120,8.130,8.350,7.740,3763071;
sh603222:52.530,51.300,52.950,51.150,528339;
sh603227:4.220,4.190,4.300,4.050,6969100;
sh603268:14.410,14.200,14.530,13.390,2131679;
sh603299:5.920,5.870,5.990,5.720,6184165;
sh603300:7.990,7.420,8.250,7.200,37121471;
sh603308:15.680,16.090,16.010,15.210,13829033;
sh603318:8.000,7.780,8.150,7.560,12750427;
sh603333:6.930,6.850,6.980,6.510,15869503;
sh603366:5.500,5.790,5.650,5.090,23424300;
sh603456:19.300,18.750,19.880,17.610,17409601;
sh603508:58.000,55.330,58.780,53.510,3707134;
sh603519:12.800,12.800,12.850,12.180,1317060;
sh603566:16.560,16.320,16.990,16.090,4145552;
sh603568:25.900,26.140,26.580,25.400,4399387;
sh603600:11.450,12.430,11.990,11.450,12382639;
sh603601:13.200,12.710,13.480,12.710,74391826;
sh603609:10.950,10.700,11.090,10.550,8581950;
sh603611:18.620,18.450,18.980,17.590,3040584;
sh603616:7.600,7.950,7.700,7.150,11812809;
sh603618:6.610,6.790,6.750,5.980,57885078;
sh603688:23.700,24.200,24.090,22.330,9823425;
sh603703:18.050,19.410,18.550,17.490,8166621;
sh603789:13.040,12.930,13.060,12.800,1842098;
sh603800:10.850,10.770,10.890,10.000,1778650;
sh603808:11.900,11.640,12.170,11.270,3667970;
sh603818:6.970,6.860,7.070,6.740,1864400;
sh603838:7.510,7.370,7.650,7.290,1105300;
sh603918:11.150,10.920,11.210,10.450,4852488;
sh603936:19.200,18.770,19.440,18.000,7943673;
sh603968:12.780,12.800,12.880,12.500,1277532;
sh603989:23.500,23.900,23.740,22.380,3599513;
sh603997:6.900,6.930,7.060,6.540,3843110;
sh603998:6.680,6.580,6.850,6.220,6217574;
sh603999:5.820,5.820,5.920,5.590,7029840;
sh600127:4.420,4.360,4.520,4.160,18595072;
sh603377:14.060,15.160,14.640,13.950,3396275;
sh601900:9.330,9.390,9.470,9.060,5956371;
sh603919:13.680,13.050,13.770,12.880,4545813;
sh603861:8.730,9.600,9.180,8.420,10400884;
sh603028:10.530,10.460,10.710,10.200,1918235;
sh603798:9.690,9.540,9.820,9.400,2297957;
sh603701:11.560,11.310,11.700,11.060,3330394;
sh603726:26.300,26.140,26.330,25.130,2405520;
sh603528:7.950,7.630,8.040,7.250,11270259;
sh603339:11.960,11.990,12.130,11.700,1014731;
sh603131:17.060,16.960,17.850,15.930,6441792;
sh603016:19.600,20.460,20.020,18.600,3884786;
sh603069:11.810,11.420,11.950,10.840,8036900;
sh600936:3.750,3.780,3.830,3.680,7187816;
sh601997:7.980,7.940,8.050,7.860,20767165;
sh601595:12.710,12.400,12.900,12.280,2536000;
sh603515:23.500,24.190,23.970,22.910,3657609;
sh603843:4.250,4.300,4.310,4.060,8746717;
sh601163:13.180,13.110,13.320,12.900,3822084;
sh603393:37.390,36.390,37.870,35.400,6528177;
sh603738:24.500,24.020,24.990,22.850,6606205;
sh601128:7.600,7.600,7.880,7.530,25063178;
sh603313:20.690,20.180,21.190,19.610,6540820;
sh600926:8.150,8.120,8.240,8.040,14687929;
sh603888:22.580,22.180,22.990,21.170,9910366;
sh603060:18.950,19.930,19.660,18.950,1856604;
sh603633:11.000,11.190,11.390,10.730,3646118;
sh603987:10.800,10.810,11.000,10.020,13169899;
sh603336:15.050,14.240,15.230,13.600,8774656;
sh603660:12.100,11.720,12.310,11.240,11415217;
sh603559:26.500,26.330,27.330,25.050,40158054;
sh603033:21.390,21.440,21.690,20.850,2040715;
sh603389:4.710,4.600,4.840,4.460,3252380;
sh603058:6.490,6.490,6.650,6.260,1708017;
sh603886:15.780,15.760,16.000,15.230,2437340;
sh603239:12.270,11.910,12.270,11.180,3254669;
sh601375:5.450,5.380,5.500,5.150,46818256;
sh603035:13.990,13.210,14.140,12.740,14222853;
sh603032:18.440,17.760,18.760,16.800,2996982;
sh603877:15.250,15.870,15.700,15.050,1765357;
sh603689:10.510,10.810,10.600,10.300,3627800;
sh603579:25.530,25.630,26.380,25.270,807778;
sh603639:24.030,23.830,24.450,23.130,1049306;
sh601858:9.940,9.890,10.080,9.540,2827698;
sh603638:29.210,28.000,29.230,27.440,1864042;
sh603429:33.300,33.290,34.880,31.110,4723982;
sh603966:9.490,9.600,9.740,9.140,3061351;
sh603089:11.990,11.660,12.020,11.370,1214167;
sh603360:26.910,26.280,26.910,25.520,2615121;
sh603677:11.610,11.170,11.810,10.910,2696472;
sh603637:13.160,12.880,13.280,12.520,757181;
sh601212:2.880,2.850,2.970,2.760,21924520;
sh603603:7.650,7.360,7.800,7.200,5001358;
sh603817:6.220,6.150,6.300,5.960,2858400;
sh603717:7.790,7.680,7.850,7.450,2769176;
sh603656:13.760,14.000,14.100,13.460,804386;
sh603133:19.820,19.210,19.820,18.420,5762419;
sh603811:24.000,23.390,24.180,22.270,1820812;
sh603955:15.500,15.660,15.550,14.960,1030770;
sh603908:22.560,22.400,22.770,21.700,383500;
sh603991:20.480,19.080,20.600,19.080,4646356;
sh603578:20.190,20.350,20.420,19.270,824084;
sh601366:6.200,6.210,6.310,5.820,19134870;
sh603787:12.060,11.990,12.370,11.550,3701941;
sh603320:16.240,15.900,16.420,15.550,1653558;
sh603906:9.360,9.310,9.540,9.110,3177416;
sh603586:16.160,16.030,16.580,15.870,1293146;
sh603538:27.990,26.900,28.700,25.700,8069736;
sh603385:9.560,9.650,9.720,9.290,3296426;
sh603178:8.660,8.430,8.810,8.180,3746000;
sh603238:25.080,23.680,25.880,23.200,3485812;
sh603229:21.530,22.230,22.410,20.700,1721600;
sh603728:12.430,12.120,12.690,11.920,4339692;
sh603896:27.900,27.420,28.220,26.910,758200;
sh603488:8.060,8.080,8.190,7.810,1581046;
sh603197:27.930,26.920,28.300,25.700,4172961;
sh603580:11.190,11.190,11.430,10.830,873988;
sh603200:38.780,41.940,40.000,36.120,5522340;
sh603042:23.030,21.950,24.000,21.950,30359072;
sh603536:12.150,12.010,12.420,11.320,5471142;
sh603326:17.780,17.720,18.400,17.300,2730409;
sh603316:10.300,10.590,10.470,10.060,6387000;
sh603335:4.180,4.120,4.240,4.010,7533574;
sh603380:16.910,16.930,16.950,16.080,2736891;
sh603286:16.040,16.050,16.200,15.150,2336500;
sh603938:33.000,31.200,33.600,29.890,3892772;
sh603331:18.080,18.100,18.300,17.300,2563238;
sh603933:13.320,13.330,13.790,12.890,2358524;
sh603595:30.390,29.550,31.000,28.000,4328420;
sh603612:11.700,11.250,11.980,10.860,5697701;
sh603676:10.710,10.530,10.860,10.160,6040815;
sh603063:8.350,8.410,8.490,7.990,3750662;
sh603233:51.610,52.380,53.480,50.680,2678704;
sh603357:10.100,9.990,10.420,9.680,5360093;
sh603860:25.130,25.080,25.200,24.320,367820;
sh603880:15.320,14.980,15.770,14.510,9911504;
sh603776:18.090,18.350,18.360,17.480,4651911;
sh603976:15.500,15.060,15.690,14.700,1840110;
sh603079:42.000,40.800,42.980,40.060,2713388;
sh603725:6.310,6.430,6.420,6.160,1827366;
sh603813:17.650,17.570,17.840,17.300,672715;
sh603136:22.690,21.810,22.800,21.550,1644090;
sh603378:26.850,27.380,27.460,25.780,1143875;
sh603367:16.180,16.380,16.500,15.600,5650345;
sh603103:15.810,15.310,16.130,14.670,6652108;
sh603110:14.180,14.590,14.560,13.880,2518000;
sh603499:14.660,14.640,14.890,14.200,1219860;
sh603829:10.000,10.710,10.020,10.560,7404490;
sh603722:27.770,27.450,28.240,26.310,2371531;
sh603659:71.880,69.200,72.680,67.090,5997207;
sh603076:20.910,20.990,21.110,20.310,544900;
sh603661:35.100,34.710,35.480,33.780,750057;
sh601019:6.530,6.470,6.640,6.410,4253750;
sh603890:10.860,11.830,11.750,10.750,17161999;
sh603477:10.950,11.010,11.350,10.400,6647090;
sh603895:18.900,19.350,19.280,18.420,1133580;
sh603516:42.000,42.720,42.240,40.730,2451186;
sh603871:26.950,26.770,27.350,26.420,574216;
sh603709:24.000,23.940,24.440,23.650,563420;
sh603712:24.200,24.500,25.200,24.110,8261802;
sh603059:27.200,25.900,28.000,25.010,5972001;
sh600929:5.580,5.480,5.660,5.330,5663502;
sh603897:16.950,16.610,17.190,16.160,1915749;
sh603301:50.000,49.700,53.000,49.190,20048965;
sh603773:34.270,34.150,34.290,32.180,2296437;
sh603666:85.340,85.000,86.940,81.500,918520;
sh601990:17.500,16.400,17.750,16.010,208271780;
sh603713:51.390,50.700,51.850,49.050,1950153;
sh601606:9.030,8.780,9.130,8.300,7944914;
sh603590:38.880,38.230,39.370,36.830,4123098;
sh603192:26.600,26.660,27.660,25.660,4330900;
sh601068:4.400,4.380,4.520,4.200,11870838;
sh603297:36.330,37.560,36.960,35.510,1815519;
sh603790:12.550,12.440,12.730,12.040,1653000;
sh603583:39.990,38.910,40.880,37.500,2831910;
sh601975:2.520,2.460,2.550,2.370,70966069;
sh603629:22.800,22.930,23.240,21.000,979051;
sh603185:43.230,39.850,43.850,39.850,5296203;
sh601298:5.750,5.680,5.840,5.540,10092362;
sh603700:29.800,30.860,30.250,29.220,2690597;
sh601615:10.600,10.300,10.800,10.200,11922008;
sh601865:11.600,11.260,11.600,10.750,9297621;
sh603317:41.500,40.450,43.000,39.800,1410769;
sh603697:11.700,11.520,11.880,11.000,3959304;
sh603982:15.090,14.560,15.090,13.960,3124100;
sh603327:26.190,25.400,26.280,24.400,2846954;
sh603915:12.810,12.910,13.160,12.400,4997572;
sh601236:21.560,20.860,21.990,20.180,48765590;
sh603530:19.170,19.980,19.680,18.000,8063418;
sh603115:17.250,17.290,17.680,16.500,2444211;
sh603992:18.150,17.720,18.750,17.150,3305845;
sh603755:43.300,43.330,44.260,41.190,710953;
sh600000:10.680,10.430,10.690,10.290,42139008;
sh600004:13.360,13.210,14.110,12.720,22078435;
sh600006:4.110,4.050,4.180,3.950,18062341;
sh600007:13.180,12.990,13.470,12.900,1865808;
sh600008:3.100,3.090,3.150,3.020,29988393;
sh600009:65.010,64.000,66.500,63.400,20461117;
sh600011:4.650,4.590,4.700,4.560,25307000;
sh600012:5.350,5.270,5.350,5.140,6041044;
sh600015:6.880,6.840,6.960,6.820,34122787;
sh600016:5.700,5.700,5.770,5.640,95571293;
sh600017:2.540,2.550,2.580,2.510,12815344;
sh600018:4.600,4.510,4.620,4.390,40672952;
sh600019:4.950,4.900,5.020,4.860,89211219;
sh600020:3.890,3.870,3.940,3.800,20420462;
sh600021:7.090,7.170,7.200,7.090,7314131;
sh600023:3.390,3.410,3.420,3.370,20304812;
sh600026:7.300,7.710,7.420,6.820,86587666;
sh600027:3.230,3.210,3.280,3.170,43837999;
sh600028:4.620,4.590,4.670,4.510,154084983;
sh600029:5.690,5.540,5.770,5.430,55886369;
sh600030:23.020,22.930,23.280,22.230,172748139;
sh600031:15.510,15.920,16.100,15.070,129407866;
sh600033:2.800,2.790,2.820,2.750,6969094;
sh600035:3.300,3.430,3.410,3.210,70622685;
sh600036:31.650,31.730,32.610,31.110,84344133;
sh600037:9.010,8.930,9.130,8.730,12179020;
sh600038:41.700,40.760,41.990,40.380,5424626;
sh600050:5.330,5.330,5.430,5.170,139711738;
sh600054:8.200,8.110,8.300,7.870,5302800;
sh600055:12.760,12.290,12.980,11.900,11785770;
sh600056:15.190,15.000,15.190,14.360,48913875;
sh600057:4.520,4.410,4.610,4.360,24641252;
sh600059:7.660,7.520,7.720,7.400,4786346;
sh600060:11.650,11.090,11.950,10.880,24877448;
sh600062:12.480,12.430,12.650,12.190,8884192;
sh600064:8.830,8.780,8.940,8.560,11289474;
sh600066:13.250,13.150,13.590,12.750,18667359;
sh600068:6.520,6.640,6.580,6.300,54275371;
sh600072:11.220,10.950,11.400,10.520,12581670;
sh600073:7.850,7.920,7.890,7.470,23292866;
sh600075:4.990,4.780,4.990,4.520,10682338;
sh600085:25.110,25.070,25.570,24.700,9438372;
sh600089:7.750,8.300,8.210,7.530,288775159;
sh600093:12.290,12.190,12.500,11.500,16992414;
sh600097:9.180,9.050,9.250,8.850,1428467;
sh600098:5.940,5.900,6.020,5.870,2224198;
sh600100:8.650,8.500,8.680,8.250,27173948;
sh600104:20.950,20.710,21.220,20.300,21076425;
sh600105:4.950,5.060,5.120,4.700,59378542;
sh600106:2.730,2.760,2.830,2.700,9232141;
sh600109:9.670,9.440,9.750,9.150,69482462;
sh600114:10.300,9.930,10.680,9.570,25539019;
sh600116:8.000,7.860,8.090,7.510,13493620;
sh600118:32.840,31.460,32.840,29.800,41178545;
sh600125:5.040,4.980,5.100,4.870,15186053;
sh600126:6.810,6.470,6.880,6.100,68888236;
sh600129:12.300,11.940,12.470,11.650,5677981;
sh600131:19.830,20.210,20.380,19.050,19804597;
sh600132:48.700,48.860,49.470,46.570,3824558;
sh600133:6.020,5.690,6.110,5.590,71145217;
sh600138:10.530,10.310,10.700,10.140,17251049;
sh600141:9.540,9.560,9.790,9.290,15793005;
sh600143:8.620,8.380,8.780,7.920,122936985;
sh600150:17.800,17.750,18.200,17.260,10614961;
sh600153:7.510,7.470,7.620,7.370,13610808;
sh600158:10.200,10.530,10.350,10.180,35540645;
sh600170:3.230,3.230,3.290,3.170,36324608;
sh600171:18.490,18.540,18.680,17.740,29910582;
sh600176:8.010,7.980,8.180,7.700,35957183;
sh600177:6.480,6.430,6.560,6.350,22024642;
sh600183:30.240,29.000,30.650,26.880,70880966;
sh600195:12.000,12.020,12.250,11.450,14161184;
sh600196:27.800,29.200,27.970,26.990,95012345;
sh600216:16.250,17.040,16.630,15.480,52252524;
sh600217:5.500,5.300,5.560,5.180,15939099;
sh600219:2.070,2.130,2.090,2.040,116615638;
sh600233:12.000,11.730,12.170,11.390,28623775;
sh600252:3.350,3.290,3.410,3.200,63682920;
sh600256:2.700,2.700,2.740,2.650,39971505;
sh600258:16.150,15.360,16.300,15.120,18884238;
sh600260:13.810,13.850,14.090,12.880,58525644;
sh600261:3.710,3.820,3.810,3.670,18683480;
sh600269:3.630,3.610,3.660,3.500,12286503;
sh600271:20.920,20.800,21.090,20.270,14233563;
sh600276:82.050,81.090,83.960,79.080,27293470;
sh600284:6.230,6.150,6.290,6.030,11437399;
sh601658:5.420,5.370,5.460,5.350,43085720;
sh600969:6.000,6.000,6.080,5.900,2681040;
sh600297:4.280,4.150,4.490,3.810,74664227;
sh600298:31.660,31.230,32.500,30.820,12203152;
sh600299:11.290,11.140,11.320,10.800,12591371;
sh600305:17.330,17.750,17.520,16.790,14113464;
sh600309:42.360,41.450,43.410,40.180,29138082;
sh600312:8.730,9.760,9.350,8.460,166672626;
sh600315:25.950,26.700,26.350,25.620,7274482;
sh600316:13.700,13.190,13.920,12.800,17233978;
sh600320:3.250,3.250,3.280,3.180,9134473;
sh600325:6.630,6.580,6.740,6.490,21017206;
sh600332:32.920,32.050,33.290,31.280,12199043;
sh600340:22.420,22.400,23.150,22.080,10678885;
sh600343:8.900,8.560,9.100,8.290,11773308;
sh600345:23.150,22.530,23.800,21.800,12108696;
sh600350:4.300,4.260,4.350,4.200,9475773;
sh600352:12.720,12.750,12.890,12.280,56951045;
sh600361:3.570,3.570,3.620,3.480,5601100;
sh600362:13.270,13.240,13.470,13.010,17840644;
sh600369:4.850,4.810,4.940,4.650,42020567;
sh600372:13.100,13.030,13.210,12.120,8230359;
sh600376:6.850,6.750,6.970,6.700,10798862;
sh600377:10.040,9.900,10.110,9.690,7242863;
sh600380:10.830,10.700,11.050,10.370,24218102;
sh600383:13.870,13.400,14.130,13.140,38839548;
sh600388:10.380,10.290,10.450,10.150,9208533;
sh600390:8.210,8.330,8.300,7.900,35526594;
sh600391:20.500,20.050,20.580,18.780,19336030;
sh600406:21.140,21.300,21.190,19.860,45557362;
sh600410:11.550,11.400,11.660,10.790,67814531;
sh600418:5.320,5.200,5.430,5.050,26158161;
sh600420:9.340,9.310,9.350,8.820,11134196;
sh600422:9.780,9.440,9.900,8.990,14769767;
sh600428:3.300,3.300,3.350,3.160,16533877;
sh600435:7.780,7.650,7.950,7.400,18812480;
sh600436:117.870,117.010,121.510,112.900,4322511;
sh600439:2.980,2.950,3.030,2.880,12563579;
sh600446:17.950,18.060,18.260,17.300,20311465;
sh600452:17.440,17.260,17.720,16.500,3350314;
sh600460:16.100,15.930,16.200,15.150,40717709;
sh600477:3.990,3.860,4.020,3.620,36120111;
sh600482:16.350,16.170,16.400,15.870,3718506;
sh600483:8.250,8.380,8.400,8.140,10575524;
sh600486:63.360,62.660,64.500,60.000,3033448;
sh600487:19.810,20.400,20.080,18.780,159067916;
sh600489:7.570,7.520,7.710,7.360,37215825;
sh600496:3.890,3.860,3.960,3.700,55135853;
sh600497:3.510,3.500,3.570,3.420,35585279;
sh600498:38.510,36.500,38.850,34.800,94831659;
sh600500:5.450,5.470,5.580,5.330,21116710;
sh600507:8.370,8.260,8.570,8.100,13715286;
sh600511:25.300,25.020,25.490,24.200,5059890;
sh600516:9.260,9.230,9.400,8.910,42474723;
sh600519:1055.000,1045.100,1078.000,1011.120,7935912;
sh600522:10.450,11.110,10.550,10.390,305159119;
sh600529:30.430,31.250,30.830,29.450,8214714;
sh600535:14.190,13.980,14.500,13.700,13701062;
sh600536:80.000,81.390,80.990,76.880,22254127;
sh600545:5.620,5.610,5.680,5.320,14304625;
sh600547:31.510,30.060,31.700,29.180,51786479;
sh600548:9.100,9.030,9.310,8.900,5748224;
sh600557:13.000,12.750,13.100,12.420,6404857;
sh600563:47.120,46.950,47.120,45.140,3431445;
sh600565:2.940,2.930,2.990,2.830,17625459;
sh600566:21.850,21.110,22.280,20.680,9281625;
sh600570:86.500,87.010,88.110,83.500,23824256;
sh600571:9.950,9.920,10.060,9.530,12092407;
sh600572:5.550,5.440,5.650,5.240,42547766;
sh600577:2.780,2.870,2.850,2.690,34796836;
sh600578:2.850,2.830,2.860,2.720,10273165;
sh600580:11.460,11.320,11.660,10.700,31165352;
sh600582:3.070,3.110,3.150,3.000,25861668;
sh600583:5.040,5.140,5.140,5.030,27547065;
sh600584:23.650,23.620,23.920,22.210,59435173;
sh600585:52.490,51.000,53.150,49.200,46040522;
sh600588:43.100,43.960,43.390,41.200,45392368;
sh600590:6.110,6.240,6.160,5.610,33461310;
sh600597:10.260,10.260,10.350,10.030,10680056;
sh600598:12.380,12.370,12.530,11.830,36226168;
sh600600:39.880,38.250,40.740,37.930,10884024;
sh600606:5.720,5.650,5.760,5.570,41393062;
sh600611:3.570,3.600,3.620,3.500,10878958;
sh600612:38.950,37.700,39.300,36.500,1908544;
sh600616:4.380,4.380,4.450,4.280,3583507;
sh600618:7.560,7.620,7.680,7.340,5856961;
sh600619:7.600,7.620,7.710,7.400,2233171;
sh600622:3.980,4.000,4.070,3.810,26109331;
sh600633:8.840,8.790,8.970,8.550,14656240;
sh600635:4.170,4.130,4.230,3.980,25902396;
sh600637:9.660,9.650,9.850,9.490,20054740;
sh600642:5.260,5.250,5.300,5.220,11509389;
sh600643:8.260,8.200,8.340,8.050,14569655;
sh600648:15.500,15.140,15.550,14.670,8628088;
sh600650:9.440,9.200,9.630,9.000,3491555;
sh600655:6.900,6.810,7.030,6.770,9000669;
sh600657:3.570,3.600,3.700,3.500,10774803;
sh600658:4.470,4.370,4.540,4.220,5981289;
sh600660:21.000,20.240,21.280,19.870,29740841;
sh600663:11.870,11.380,11.900,11.240,6920968;
sh600667:12.890,13.050,13.000,12.300,111215132;
sh600674:8.790,8.940,9.090,8.790,11172273;
sh600685:12.380,12.300,12.770,11.910,6817141;
sh600686:6.360,6.320,6.440,6.200,3442500;
sh600688:4.320,4.230,4.350,4.090,86995511;
sh600690:15.400,15.100,15.800,15.000,53654449;
sh600699:21.900,21.280,22.150,20.400,40270446;
sh600702:23.470,22.550,23.480,22.080,8045309;
sh600703:23.590,23.370,23.700,21.700,116333672;
sh600704:4.760,4.820,4.820,4.650,29536825;
sh600705:4.130,4.110,4.200,4.030,34012709;
sh600713:4.450,4.400,4.510,4.280,11035893;
sh600717:5.510,5.480,5.600,5.400,9601587;
sh600718:12.240,12.130,12.330,11.870,15443372;
sh600720:11.870,11.940,12.060,11.240,23426911;
sh600723:5.440,5.410,5.470,5.330,2999808;
sh600728:10.400,10.360,10.490,10.150,57198445;
sh600729:25.650,25.650,25.980,25.160,4939461;
sh600733:5.570,5.600,5.750,5.460,12653634;
sh600741:22.400,22.440,22.950,21.810,22939843;
sh600743:2.250,2.260,2.310,2.200,10192968;
sh600749:8.570,8.430,8.700,8.070,2797200;
sh600750:11.820,11.660,12.000,11.400,8573649;
sh600754:25.920,25.350,26.660,24.700,6892931;
sh600760:30.000,28.410,30.550,27.710,22498691;
sh600761:9.180,9.220,9.330,9.030,7568949;
sh600763:99.000,97.110,100.390,95.300,3872990;
sh600765:9.300,9.300,9.500,9.010,11663100;
sh600775:10.700,10.240,11.100,10.150,48131953;
sh600776:17.830,17.400,18.200,16.200,21827783;
sh600779:42.620,43.060,43.480,41.460,4089195;
sh600787:4.620,4.560,4.710,4.440,13858325;
sh600789:10.710,10.280,10.790,10.110,79410749;
sh600790:3.160,3.130,3.160,3.080,6768186;
sh600794:3.390,3.330,3.480,3.200,21075091;
sh600795:2.040,2.060,2.070,2.040,68015569;
sh600797:9.210,9.140,9.360,8.780,25410197;
sh600798:3.310,3.240,3.350,3.080,22823979;
sh600801:22.800,22.260,23.400,21.460,23981131;
sh600803:8.980,9.030,9.140,8.780,9991644;
sh600804:6.780,6.350,6.830,6.000,91433599;
sh600805:4.720,4.700,4.790,4.570,6484200;
sh600809:86.500,85.630,88.000,80.600,5221062;
sh600812:7.900,7.350,8.080,7.100,40036822;
sh600814:4.800,4.830,4.880,4.760,2495508;
sh600816:2.890,2.720,2.940,2.610,79605451;
sh600820:5.670,5.620,5.780,5.500,17829333;
sh600823:4.090,3.990,4.140,3.960,14911568;
sh600826:10.010,10.090,10.260,10.020,2723099;
sh600827:7.540,7.480,7.650,7.410,5799965;
sh600835:13.860,14.000,14.090,13.570,4593888;
sh600837:13.480,13.380,13.690,13.100,72814557;
sh600839:2.960,2.890,3.030,2.780,116865112;
sh600845:45.000,44.610,45.660,42.150,10476821;
sh600848:20.000,19.400,20.070,19.180,5229424;
sh600850:23.500,23.770,23.740,22.500,8882434;
sh600859:12.250,12.180,12.440,12.020,3537207;
sh600872:41.660,42.060,43.300,40.500,10020386;
sh600873:4.260,4.280,4.300,4.170,19646817;
sh600875:8.780,8.830,8.970,8.450,16502202;
sh600884:11.810,11.620,12.060,11.250,17342259;
sh600886:7.410,7.540,7.600,7.410,22001478;
sh600887:27.500,27.780,27.980,26.890,74088640;
sh603551:16.060,15.910,16.230,15.490,2019008;
sh600893:24.250,23.810,24.600,23.050,16546735;
sh600895:12.540,12.490,12.970,12.170,11861738;
sh600897:18.610,18.120,18.860,17.920,1848098;
sh600900:16.860,16.930,17.250,16.860,35655016;
sh600958:9.870,9.660,9.950,9.480,38759978;
sh600967:10.240,10.020,10.340,10.000,13128582;
sh600970:5.820,5.860,5.890,5.680,18814013;
sh600975:7.760,7.600,7.990,7.340,21506894;
sh600987:5.850,5.790,5.900,5.720,6984619;
sh600993:15.240,15.130,15.510,14.810,5467308;
sh600995:7.690,7.670,7.770,7.360,9582039;
sh600998:16.100,16.690,16.600,15.700,11302250;
sh600999:17.200,17.050,17.450,16.640,18428479;
sh601003:5.050,5.060,5.140,4.890,8293515;
sh601006:7.010,7.050,7.100,6.970,31168284;
sh601007:8.100,8.030,8.250,7.880,3174536;
sh601009:7.450,7.400,7.500,7.250,37878954;
sh601010:3.090,3.090,3.120,2.970,9745200;
sh601012:25.330,24.900,25.990,24.060,61204359;
sh601018:3.240,3.200,3.280,3.120,21792584;
sh601021:34.060,32.700,34.890,31.980,10551787;
sh601038:6.150,5.950,6.250,5.730,15117970;
sh601088:15.980,15.700,16.270,15.600,33532657;
sh601099:3.560,3.540,3.620,3.450,146648062;
sh601107:3.500,3.500,3.570,3.400,6506924;
sh601111:7.470,7.270,7.590,7.200,60339998;
sh601116:11.390,11.310,11.800,11.020,3167680;
sh601117:6.290,6.320,6.400,6.120,31037720;
sh601137:12.600,12.470,12.750,11.810,7745138;
sh601139:6.700,6.790,6.770,6.410,19422262;
sh601158:5.290,5.280,5.340,5.240,4944088;
sh601166:16.200,16.110,16.550,15.920,89590955;
sh601169:4.970,4.940,5.020,4.910,98829801;
sh601186:10.530,10.240,10.680,10.080,119666141;
sh601198:11.300,11.200,11.420,10.890,22492754;
sh601211:16.800,16.460,16.990,15.990,58296322;
sh601216:2.600,2.580,2.640,2.520,28110783;
sh601231:18.250,17.720,18.580,17.050,29941597;
sh601238:11.980,11.880,12.240,11.600,17039122;
sh601288:3.370,3.400,3.420,3.360,279297235;
sh601360:20.390,20.370,20.650,19.580,29736563;
sh601318:71.650,72.140,73.000,70.890,95092287;
sh601328:5.190,5.200,5.260,5.170,112394642;
sh601333:2.500,2.500,2.530,2.450,35156573;
sh601336:40.800,40.730,41.550,39.500,12045967;
sh601377:6.500,6.460,6.600,6.300,56606719;
sh601390:5.580,5.520,5.650,5.330,81465131;
sh601398:5.160,5.170,5.230,5.120,257712932;
sh601519:7.890,7.670,7.940,7.220,52179564;
sh601579:7.810,7.760,7.880,7.700,1073629;
sh601588:2.780,2.750,2.810,2.680,21289397;
sh601600:3.010,3.010,3.040,2.950,54781498;
sh601601:28.210,27.970,28.900,27.660,25374170;
sh601607:17.560,17.840,17.880,17.020,23774865;
sh601618:2.650,2.680,2.710,2.600,61864685;
sh601628:26.940,26.240,27.380,25.750,20834122;
sh601633:8.550,8.210,8.740,8.110,20739070;
sh601636:4.910,5.020,4.990,4.780,30979359;
sh601668:5.310,5.250,5.380,5.150,197494404;
sh601669:4.160,4.180,4.210,4.040,47302088;
sh601688:17.800,17.720,18.120,17.310,74142195;
sh601717:5.650,5.670,5.720,5.500,17314309;
sh601718:4.300,4.110,4.350,3.940,78594212;
sh601766:6.360,6.380,6.510,6.240,65665471;
sh601788:11.570,11.440,11.680,11.220,24925564;
sh601800:9.050,8.930,9.100,8.580,70842227;
sh601801:4.910,4.910,5.000,4.820,6363519;
sh601808:12.700,12.670,13.050,12.540,16364777;
sh601857:5.010,5.010,5.060,4.950,95482098;
sh601872:6.500,6.710,6.700,6.240,139282931;
sh601877:23.250,23.550,23.760,22.600,14350611;
sh600663:11.870,11.380,11.900,11.240,6920968;
sh600667:12.890,13.050,13.000,12.300,111215132;
sh600674:8.790,8.940,9.090,8.790,11172273;
sh600685:12.380,12.300,12.770,11.910,6817141;
sh600686:6.360,6.320,6.440,6.200,3442500;
sh600688:4.320,4.230,4.350,4.090,86995511;
sh600690:15.400,15.100,15.800,15.000,53654449;
sh600699:21.900,21.280,22.150,20.400,40270446;
sh600702:23.470,22.550,23.480,22.080,8045309;
sh600703:23.590,23.370,23.700,21.700,116333672;
sh600704:4.760,4.820,4.820,4.650,29536825;
sh600705:4.130,4.110,4.200,4.030,34012709;
sh600713:4.450,4.400,4.510,4.280,11035893;
sh600717:5.510,5.480,5.600,5.400,9601587;
sh600718:12.240,12.130,12.330,11.870,15443372;
sh600720:11.870,11.940,12.060,11.240,23426911;
sh600723:5.440,5.410,5.470,5.330,2999808;
sh600728:10.400,10.360,10.490,10.150,57198445;
sh600729:25.650,25.650,25.980,25.160,4939461;
sh600733:5.570,5.600,5.750,5.460,12653634;
sh600741:22.400,22.440,22.950,21.810,22939843;
sh600743:2.250,2.260,2.310,2.200,10192968;
sh600749:8.570,8.430,8.700,8.070,2797200;
sh600750:11.820,11.660,12.000,11.400,8573649;
sh600754:25.920,25.350,26.660,24.700,6892931;
sh600760:30.000,28.410,30.550,27.710,22498691;
sh600761:9.180,9.220,9.330,9.030,7568949;
sh600763:99.000,97.110,100.390,95.300,3872990;
sh600765:9.300,9.300,9.500,9.010,11663100;
sh600775:10.700,10.240,11.100,10.150,48131953;
sh600776:17.830,17.400,18.200,16.200,21827783;
sh600779:42.620,43.060,43.480,41.460,4089195;
sh600787:4.620,4.560,4.710,4.440,13858325;
sh600789:10.710,10.280,10.790,10.110,79410749;
sh600790:3.160,3.130,3.160,3.080,6768186;
sh600794:3.390,3.330,3.480,3.200,21075091;
sh600795:2.040,2.060,2.070,2.040,68015569;
sh600797:9.210,9.140,9.360,8.780,25410197;
sh600798:3.310,3.240,3.350,3.080,22823979;
sh600801:22.800,22.260,23.400,21.460,23981131;
sh600803:8.980,9.030,9.140,8.780,9991644;
sh600804:6.780,6.350,6.830,6.000,91433599;
sh600805:4.720,4.700,4.790,4.570,6484200;
sh600809:86.500,85.630,88.000,80.600,5221062;
sh600812:7.900,7.350,8.080,7.100,40036822;
sh600814:4.800,4.830,4.880,4.760,2495508;
sh600816:2.890,2.720,2.940,2.610,79605451;
sh600820:5.670,5.620,5.780,5.500,17829333;
sh600823:4.090,3.990,4.140,3.960,14911568;
sh600826:10.010,10.090,10.260,10.020,2723099;
sh600827:7.540,7.480,7.650,7.410,5799965;
sh600835:13.860,14.000,14.090,13.570,4593888;
sh600837:13.480,13.380,13.690,13.100,72814557;
sh600839:2.960,2.890,3.030,2.780,116865112;
sh600845:45.000,44.610,45.660,42.150,10476821;
sh600848:20.000,19.400,20.070,19.180,5229424;
sh600850:23.500,23.770,23.740,22.500,8882434;
sh600859:12.250,12.180,12.440,12.020,3537207;
sh600872:41.660,42.060,43.300,40.500,10020386;
sh600873:4.260,4.280,4.300,4.170,19646817;
sh600875:8.780,8.830,8.970,8.450,16502202;
sh600884:11.810,11.620,12.060,11.250,17342259;
sh600886:7.410,7.540,7.600,7.410,22001478;
sh600887:27.500,27.780,27.980,26.890,74088640;
sh603551:16.060,15.910,16.230,15.490,2019008;
sh600893:24.250,23.810,24.600,23.050,16546735;
sh600895:12.540,12.490,12.970,12.170,11861738;
sh600897:18.610,18.120,18.860,17.920,1848098;
sh600900:16.860,16.930,17.250,16.860,35655016;
sh600958:9.870,9.660,9.950,9.480,38759978;
sh600967:10.240,10.020,10.340,10.000,13128582;
sh600970:5.820,5.860,5.890,5.680,18814013;
sh600975:7.760,7.600,7.990,7.340,21506894;
sh600987:5.850,5.790,5.900,5.720,6984619;
sh600993:15.240,15.130,15.510,14.810,5467308;
sh600995:7.690,7.670,7.770,7.360,9582039;
sh600998:16.100,16.690,16.600,15.700,11302250;
sh600999:17.200,17.050,17.450,16.640,18428479;
sh601003:5.050,5.060,5.140,4.890,8293515;
sh601006:7.010,7.050,7.100,6.970,31168284;
sh601007:8.100,8.030,8.250,7.880,3174536;
sh601009:7.450,7.400,7.500,7.250,37878954;
sh601010:3.090,3.090,3.120,2.970,9745200;
sh601012:25.330,24.900,25.990,24.060,61204359;
sh601018:3.240,3.200,3.280,3.120,21792584;
sh601021:34.060,32.700,34.890,31.980,10551787;
sh601038:6.150,5.950,6.250,5.730,15117970;
sh601088:15.980,15.700,16.270,15.600,33532657;
sh601099:3.560,3.540,3.620,3.450,146648062;
sh601107:3.500,3.500,3.570,3.400,6506924;
sh601111:7.470,7.270,7.590,7.200,60339998;
sh601116:11.390,11.310,11.800,11.020,3167680;
sh601117:6.290,6.320,6.400,6.120,31037720;
sh601137:12.600,12.470,12.750,11.810,7745138;
sh601139:6.700,6.790,6.770,6.410,19422262;
sh601158:5.290,5.280,5.340,5.240,4944088;
sh601166:16.200,16.110,16.550,15.920,89590955;
sh601169:4.970,4.940,5.020,4.910,98829801;
sh601186:10.530,10.240,10.680,10.080,119666141;
sh601198:11.300,11.200,11.420,10.890,22492754;
sh601211:16.800,16.460,16.990,15.990,58296322;
sh601216:2.600,2.580,2.640,2.520,28110783;
sh601231:18.250,17.720,18.580,17.050,29941597;
sh601238:11.980,11.880,12.240,11.600,17039122;
sh601288:3.370,3.400,3.420,3.360,279297235;
sh601360:20.390,20.370,20.650,19.580,29736563;
sh601318:71.650,72.140,73.000,70.890,95092287;
sh601328:5.190,5.200,5.260,5.170,112394642;
sh601333:2.500,2.500,2.530,2.450,35156573;
sh601336:40.800,40.730,41.550,39.500,12045967;
sh601377:6.500,6.460,6.600,6.300,56606719;
sh601390:5.580,5.520,5.650,5.330,81465131;
sh601398:5.160,5.170,5.230,5.120,257712932;
sh601519:7.890,7.670,7.940,7.220,52179564;
sh601579:7.810,7.760,7.880,7.700,1073629;
sh601588:2.780,2.750,2.810,2.680,21289397;
sh601600:3.010,3.010,3.040,2.950,54781498;
sh601601:28.210,27.970,28.900,27.660,25374170;
sh601607:17.560,17.840,17.880,17.020,23774865;
sh601618:2.650,2.680,2.710,2.600,61864685;
sh601628:26.940,26.240,27.380,25.750,20834122;
sh601633:8.550,8.210,8.740,8.110,20739070;
sh601636:4.910,5.020,4.990,4.780,30979359;
sh601668:5.310,5.250,5.380,5.150,197494404;
sh601669:4.160,4.180,4.210,4.040,47302088;
sh601688:17.800,17.720,18.120,17.310,74142195;
sh601717:5.650,5.670,5.720,5.500,17314309;
sh601718:4.300,4.110,4.350,3.940,78594212;
sh601766:6.360,6.380,6.510,6.240,65665471;
sh601788:11.570,11.440,11.680,11.220,24925564;
sh601800:9.050,8.930,9.100,8.580,70842227;
sh601801:4.910,4.910,5.000,4.820,6363519;
sh601808:12.700,12.670,13.050,12.540,16364777;
sh601857:5.010,5.010,5.060,4.950,95482098;
sh601872:6.500,6.710,6.700,6.240,139282931;
sh601877:23.250,23.550,23.760,22.600,14350611;
sh601880:1.760,1.750,1.790,1.720,26499170;
sh601888:77.750,77.220,79.900,74.800,11981262;
sh601890:5.180,5.120,5.260,4.970,11444617;
sh601899:3.620,3.480,3.690,3.360,340711251;
sh601901:7.500,7.420,7.580,7.250,50934260;
sh601919:4.130,4.140,4.180,3.970,26513849;
sh601928:6.660,6.730,6.820,6.620,7558634;
sh601933:9.170,9.110,9.310,8.780,83582158;
sh601939:6.390,6.450,6.470,6.310,121200343;
sh601965:8.210,8.100,8.330,7.980,6307922;
sh601985:4.470,4.520,4.530,4.440,30440383;
sh601988:3.530,3.560,3.570,3.510,120205933;
sh601989:4.200,4.230,4.270,4.090,97867810;
sh601991:2.090,2.110,2.120,2.070,13774905;
sh601992:3.350,3.300,3.400,3.210,37894679;
sh601998:5.320,5.290,5.380,5.240,23145797;
sh603000:18.960,18.640,19.040,17.910,16142635;
sh603005:93.000,91.890,94.000,87.610,15531098;
sh603008:12.550,12.280,12.640,11.800,7177647;
sh603011:5.650,5.490,5.700,5.210,16556300;
sh603019:48.570,48.850,49.300,45.500,72985257;
sh603026:33.000,32.720,33.800,31.360,4162989;
sh603066:9.250,9.400,9.400,8.880,10500054;
sh603100:9.450,9.470,9.630,9.120,4040100;
sh603118:15.600,14.680,15.790,14.060,47595638;
sh603128:5.290,5.250,5.370,5.010,18848440;
sh603169:4.670,4.560,4.690,4.410,9280885;
sh603198:15.220,15.020,15.490,14.520,5623809;
sh603199:20.420,20.840,20.750,19.990,1011400;
sh603288:98.000,97.000,98.900,92.580,8072436;
sh603306:14.960,15.650,14.960,13.800,8878833;
sh603328:10.940,10.960,11.080,10.630,16545415;
sh603338:60.000,58.180,60.980,55.850,4366739;
sh603355:21.200,20.780,21.750,20.470,1703135;
sh603368:31.450,31.180,31.700,30.300,2295551;
sh603369:29.600,29.490,30.300,28.230,11399823;
sh603398:8.340,8.320,8.490,8.100,2969308;
sh603589:38.980,38.300,39.990,37.200,5258341;
sh603598:12.350,12.510,12.450,11.700,13846376;
sh603599:14.230,15.250,15.050,14.230,7549367;
sh603606:13.140,13.110,13.300,12.300,31719032;
sh603636:13.000,13.350,13.560,12.590,28033537;
sh603678:26.080,25.950,26.230,24.770,16727741;
sh603686:13.840,13.600,14.200,12.850,17082180;
sh603696:8.510,9.530,8.730,8.170,15631058;
sh603698:11.120,11.080,11.290,10.780,1817180;
sh603699:12.210,12.200,12.420,11.830,2466373;
sh603718:14.440,14.120,14.860,13.510,5968819;
sh603766:3.580,3.500,3.640,3.420,17620854;
sh603799:32.520,32.800,32.950,31.880,56189056;
sh603806:41.850,41.010,42.370,40.200,2293976;
sh603866:46.300,45.080,47.020,43.460,3940662;
sh603883:68.790,67.100,68.790,65.600,2000353;
sh603885:10.630,10.530,10.950,10.110,16372922;
sh603889:5.220,5.200,5.270,5.090,2994614;
sh603898:14.000,13.900,14.210,13.680,1149239;
sh603899:42.000,40.810,42.800,40.310,5024246;
sh603939:76.860,76.500,77.200,74.880,2110198;
sh603993:3.700,3.750,3.760,3.590,146541806;
sh603225:10.350,10.450,10.700,10.150,2604542;
sh603195:160.000,159.460,161.000,154.000,3236779;
sh601816:6.500,6.390,6.600,6.250,109606293;
sh600673:7.250,7.150,7.390,7.060,23885157;
sh601916:4.130,4.120,4.160,4.080,45632178;
sh603027:23.100,23.220,23.800,21.500,5713909;
sh603520:51.950,51.420,54.270,49.900,2578024;
sh603868:34.180,34.400,34.500,33.900,1047597;
sh603737:87.750,82.700,87.780,81.000,2583024;
sh601611:6.290,6.270,6.390,6.100,10109219;
sh601127:8.880,8.630,9.130,8.450,3924482;
sh601966:18.790,19.370,19.330,18.780,9390762;
sh603322:20.500,20.050,20.850,19.000,9047811;
sh600919:6.100,6.130,6.180,6.080,37346705;
sh601811:10.650,10.740,10.790,10.580,1886587;
sh600977:12.860,12.480,13.030,12.370,12008034;
sh603986:288.000,283.110,288.830,266.000,8910811;
sh603658:116.800,112.440,116.800,106.860,2399569;
sh603189:22.770,22.900,22.930,21.430,6826500;
sh600908:5.130,5.140,5.210,5.080,11795990;
sh603421:17.650,16.780,17.820,16.120,8145746;
sh603777:12.050,12.950,12.380,11.500,14338339;
sh603816:37.700,37.420,38.260,36.170,3611614;
sh603160:254.020,262.350,260.550,249.050,7928777;
sh603258:28.910,28.350,29.170,26.600,3945506;
sh603290:130.000,130.650,132.490,125.030,7010645;
sh601229:8.280,8.250,8.430,8.210,28008801;
sh603858:19.900,19.720,20.180,19.200,11631403;
sh603727:15.590,15.240,15.800,14.680,2540050;
sh603900:7.620,7.490,7.690,7.000,1864610;
sh600909:7.870,7.760,7.950,7.330,104958128;
sh603990:47.480,46.980,47.520,44.440,1970100;
sh603708:27.210,26.780,27.300,25.560,3115284;
sh603416:36.980,37.000,36.980,34.050,1118167;
sh600996:7.980,7.830,8.130,7.560,9019928;
sh603298:12.390,12.450,12.520,12.000,2706653;
sh603218:17.300,17.260,17.760,16.820,2366885;
sh603929:15.060,14.640,15.330,13.990,3228100;
sh603186:53.800,52.040,54.490,48.540,3216678;
sh603444:366.740,368.400,371.550,341.020,1157996;
sh603228:45.300,46.030,46.300,43.580,11013820;
sh603690:36.800,38.880,37.700,36.000,13707840;
sh603039:76.220,74.510,76.280,71.900,753422;
sh603337:19.380,19.110,19.620,18.400,2000066;
sh601881:10.300,10.170,10.410,10.020,45033010;
sh603881:48.700,48.780,48.990,45.780,8520576;
sh603208:81.000,77.840,81.000,74.110,1357024;
sh600939:4.310,4.320,4.480,4.200,3981093;
sh603501:145.000,146.380,155.000,136.010,6662640;
sh603517:46.200,47.170,47.770,44.830,7789127;
sh603960:31.180,29.990,31.560,29.000,3032390;
sh603630:11.880,13.080,12.190,11.500,6515256;
sh603138:21.040,20.840,21.260,19.450,3930429;
sh603803:14.310,14.380,14.570,13.730,12588348;
sh603232:42.950,41.330,43.200,38.520,3927011;
sh603920:21.000,20.540,21.330,19.700,7996431;
sh603078:45.000,47.260,45.990,43.620,9060475;
sh601200:11.110,11.250,11.230,10.890,12444140;
sh603303:9.600,9.290,9.700,9.050,6613444;
sh603833:101.060,99.290,103.500,97.210,3100553;
sh601228:3.210,3.220,3.270,3.130,9891300;
sh603345:75.390,73.400,75.390,70.950,2647429;
sh601952:8.780,8.520,9.140,8.320,72869676;
sh603383:61.260,60.870,62.240,57.180,1887956;
sh603496:24.370,23.690,24.600,23.530,9039941;
sh603226:17.600,16.940,18.300,16.190,7732951;
sh603980:7.560,7.630,7.690,7.310,5308640;
sh601878:11.020,10.820,11.160,10.430,67462630;
sh603043:29.830,28.540,30.100,28.040,5161600;
sh603801:21.200,20.860,21.530,20.180,4448873;
sh603387:31.950,31.120,32.300,30.060,6465332;
sh603707:43.860,46.600,46.180,43.860,4665999;
sh603825:24.600,25.020,24.790,22.630,6273259;
sh603978:22.200,21.700,22.500,21.310,2535728;
sh603602:23.400,22.860,24.090,21.310,9837285;
sh601326:2.790,2.760,2.830,2.740,9465000;
sh603129:38.500,37.010,39.480,36.500,2945611;
sh601949:5.350,5.290,5.440,5.170,7765727;
sh603127:65.540,65.960,66.520,63.260,3226175;
sh603183:9.200,9.150,9.440,8.900,3094288;
sh603882:50.110,50.890,51.310,48.360,5545684;
sh603277:9.150,9.100,9.320,8.830,1355654;
sh603386:14.600,14.360,14.760,13.750,2749381;
sh603648:8.310,8.230,8.460,8.040,2448277;
sh603321:7.360,7.950,7.740,7.360,5921708;
sh603106:7.670,7.490,7.730,7.240,5589921;
sh603533:17.880,17.970,18.490,17.000,5879180;
sh603363:18.770,18.230,19.380,17.450,15304889;
sh603466:13.580,13.340,13.600,12.970,3107645;
sh601108:10.600,10.380,10.660,10.040,98772626;
sh603607:17.910,17.700,18.150,17.300,1504910;
sh603260:26.980,26.880,27.390,26.020,2634110;
sh603289:8.150,8.010,8.180,7.780,2335218;
sh603912:21.350,21.500,21.680,20.370,13989842;
sh603856:10.190,10.360,10.360,10.050,3150300;
sh600903:11.850,12.060,11.900,11.200,17467693;
sh603083:33.010,32.300,33.330,30.680,6484401;
sh603605:102.880,102.020,103.510,101.300,2062256;
sh603619:12.870,12.560,12.870,12.210,3777600;
sh603365:13.500,13.360,13.690,13.010,1801970;
sh603711:23.760,23.820,24.160,22.160,2837051;
sh603848:12.400,12.270,12.580,11.770,1412177;
sh600025:3.620,3.570,3.650,3.520,38058298;
sh603283:42.500,42.240,43.800,38.390,4592741;
sh603329:11.330,11.170,11.480,10.810,2135612;
sh603080:13.190,12.920,13.380,12.490,2318400;
sh601155:30.090,29.110,30.670,28.400,21387112;
sh603180:58.860,58.990,59.860,57.000,830214;
sh603056:10.610,10.460,10.880,10.090,5479231;
sh601828:10.160,10.080,10.360,10.030,5124349;
sh601838:7.760,7.750,7.830,7.650,18737475;
sh603156:24.960,25.160,25.360,24.440,1838443;
sh600901:5.280,5.230,5.390,5.180,15327547;
sh603214:33.730,34.390,34.380,33.730,910940;
sh603259:93.000,92.080,94.150,88.000,19647462;
sh603486:21.360,21.000,21.790,20.190,2839037;
sh601138:14.390,13.910,14.590,13.300,92974479;
sh601330:10.820,10.130,10.990,10.010,29187035;
sh601066:33.000,31.540,33.380,30.200,50218669;
sh601869:40.000,39.520,40.000,37.500,10048839;
sh601577:8.040,8.060,8.140,7.970,13838262;
sh603220:23.130,22.320,23.680,21.490,14305741;
sh601319:6.590,6.480,6.680,6.350,58572984;
sh603187:33.220,33.210,33.600,31.630,2337620;
sh601860:5.000,5.060,5.080,4.830,127252972;
sh603121:16.200,15.810,16.700,15.200,3334640;
sh603739:22.210,21.990,22.600,21.310,2152900;
sh601598:3.630,3.560,3.670,3.500,27962575;
sh600928:5.990,5.930,6.150,5.820,16164127;
sh603068:91.840,89.990,91.840,85.300,2585639;
sh600968:2.410,2.390,2.440,2.360,42290414;
sh601698:15.680,15.430,16.020,14.630,32953117;
sh603236:201.600,202.000,204.000,193.640,1033667;
sh603983:65.990,65.880,66.110,62.500,2100696;
sh603613:102.000,101.780,103.000,100.500,2099800;
sh603267:55.010,53.630,56.380,51.010,4437767;
sh603093:24.000,23.100,24.660,22.430,10249104;
sh603927:62.300,62.110,63.000,58.600,2634098;
sz000006:4.740,4.680,4.850,4.600,15752848;
sz000007:8.100,8.120,8.230,7.520,6279369;
sz000008:3.390,3.440,3.480,3.330,50091873;
sz000009:6.410,6.400,6.550,6.100,71172889;
sz000011:7.760,7.800,7.900,7.500,2552841;
sz000017:4.250,4.290,4.440,4.180,23925892;
sz000023:13.560,13.840,13.750,12.460,5058695;
sz000025:18.320,18.230,18.490,17.710,3576180;
sz000028:40.020,39.570,40.530,39.000,2804723;
sz000036:3.540,3.490,3.610,3.450,8853191;
sz000038:8.700,8.430,8.900,8.100,5898180;
sz000045:8.010,8.030,8.120,7.750,12696903;
sz000050:14.610,14.540,14.740,14.040,20473803;
sz000055:4.120,4.070,4.170,3.970,8626749;
sz000058:6.400,6.340,6.480,6.110,10670700;
sz000059:6.130,5.880,6.200,5.760,31450050;
sz000061:5.890,6.000,6.090,5.770,21904432;
sz000068:3.350,3.230,3.350,3.110,11191700;
sz000078:5.140,4.950,5.210,4.700,121428647;
sz000150:4.340,4.220,4.430,3.990,28176992;
sz000151:8.640,8.410,8.770,8.290,4264344;
sz000155:4.020,4.130,4.060,3.910,13313866;
sz000301:4.780,4.780,4.880,4.730,6951741;
sz000402:6.830,6.780,6.910,6.700,10809695;
sz000415:3.140,3.070,3.170,2.980,33424390;
sz000416:4.990,4.840,5.050,4.690,18912984;
sz000421:4.140,4.220,4.300,4.090,2762170;
sz000430:4.900,4.800,4.940,4.650,4585800;
sz000498:5.200,5.160,5.230,4.870,19297055;
sz000501:10.780,10.580,10.990,10.330,13859556;
sz000503:14.150,13.920,14.400,13.490,12371754;
sz000505:5.870,5.480,5.960,5.420,23551479;
sz000506:2.710,2.600,2.730,2.500,19487119;
sz000507:4.970,4.940,5.060,4.800,8044188;
sz000510:4.170,4.090,4.250,3.890,11927072;
sz000514:4.100,4.010,4.170,3.900,18663442;
sz000517:2.820,2.780,2.860,2.730,15626294;
sz000518:5.160,4.960,5.170,4.730,35679034;
sz000523:6.630,6.870,6.780,6.330,16685981;
sz000525:9.820,9.370,10.170,8.960,26009461;
sz000526:44.790,44.450,45.500,42.070,2651716;
sz000529:6.450,6.500,6.550,6.210,7886336;
sz000530:3.780,3.800,3.880,3.600,10784807;
sz000531:6.000,5.990,6.100,5.850,3836062;
sz000532:10.350,9.900,10.370,9.590,8966700;
sz000533:2.930,2.840,2.960,2.700,32912328;
sz000536:2.200,2.190,2.220,2.120,26157504;
sz000537:7.340,7.090,7.480,6.930,25296775;
sz000540:3.450,3.410,3.530,3.310,56031550;
sz000543:3.940,3.940,4.010,3.910,14536145;
sz000544:6.070,6.010,6.200,5.820,6738170;
sz000548:3.750,3.840,3.820,3.710,4384572;
sz000551:7.770,8.070,7.890,7.630,13994731;
sz000557:2.900,2.860,2.960,2.810,6153928;
sz000565:4.880,4.790,4.940,4.670,4338777;
sz000566:7.860,8.270,8.000,7.420,54118656;
sz000573:2.880,2.870,2.920,2.770,8446815;
sz000576:6.450,6.340,6.560,6.060,5575878;
sz000586:11.030,11.210,11.340,10.500,11626801;
sz000589:4.010,3.960,4.060,3.850,12119880;
sz000590:10.180,9.760,10.280,9.400,5283900;
sz000591:3.550,3.550,3.630,3.410,31981910;
sz000592:2.740,2.630,2.780,2.570,89515382;
sz000593:4.900,4.920,5.010,4.820,4141515;
sz000598:4.670,4.890,4.800,4.660,65423316;
sz000599:4.060,3.990,4.120,3.880,6043800;
sz000607:4.160,4.140,4.240,4.020,6076892;
sz000608:5.390,5.140,5.490,5.040,4371726;
sz000610:8.840,8.550,9.060,8.340,23735403;
sz000612:3.640,3.570,3.700,3.500,6161971;
sz000613:6.210,6.320,6.420,6.020,14041901;
sz000615:4.010,3.860,4.050,3.750,36368575;
sz000616:2.550,2.470,2.630,2.410,26731822;
sz000620:3.090,3.030,3.170,2.980,10535957;
sz000622:4.300,4.370,4.450,4.120,10726391;
sz000623:15.750,15.620,15.860,15.320,12651959;
sz000626:7.350,7.330,7.560,7.000,3451199;
sz000628:9.250,9.060,9.330,8.830,3658290;
sz000629:2.250,2.240,2.280,2.190,33845049;
sz000631:2.620,2.590,2.660,2.560,5881853;
sz000637:4.500,4.400,4.600,4.190,11376985;
sz000639:4.880,4.840,4.940,4.510,13407013;
sz000650:6.660,6.460,6.770,6.150,48648591;
sz000652:11.590,11.420,11.670,10.940,262534731;
sz000655:5.160,5.090,5.220,4.950,7731533;
sz000656:7.340,7.410,7.480,7.040,33089114;
sz000657:5.820,5.660,5.930,5.300,5057536;
sz000659:2.350,2.300,2.380,2.210,14407069;
sz000662:3.590,3.500,3.630,3.380,25182373;
sz000663:5.760,5.760,5.760,5.510,43863894;
sz000665:5.870,5.800,6.000,5.590,17834150;
sz000666:9.980,9.830,10.160,9.500,7619488;
sz000667:2.740,2.750,2.780,2.670,18104574;
sz000668:11.400,11.150,11.740,10.620,2446282;
sz000669:2.650,2.590,2.690,2.490,9310436;
sz000672:19.300,18.820,19.500,18.040,19696116;
sz000673:3.300,3.230,3.400,3.020,24410600;
sz000677:3.220,3.220,3.300,3.020,18311825;
sz000680:3.430,3.420,3.480,3.270,21729756;
sz000682:5.500,5.720,5.660,5.200,74668455;
sz000685:7.650,7.630,7.830,7.510,6612154;
sz000686:8.880,8.790,8.970,8.470,42406341;
sz000687:4.750,4.510,4.750,4.290,10615613;
sz000690:5.170,5.150,5.240,5.080,9006672;
sz000691:3.880,3.840,3.910,3.690,4166800;
sz000695:7.750,7.760,7.750,7.360,1456434;
sz000697:9.820,10.020,10.150,9.480,6817203;
sz000700:9.750,10.400,10.400,10.290,151523518;
sz000701:4.520,4.510,4.620,4.330,12996193;
sz000702:4.970,4.930,5.040,4.690,7915078;
sz000703:13.080,13.150,13.200,12.700,10897112;
sz000705:7.080,7.040,7.120,6.830,5978142;
sz000710:40.570,38.150,41.500,37.600,9262944;
sz000711:4.160,3.980,4.160,3.890,10603800;
sz000713:8.530,8.310,8.700,7.970,22189150;
sz000716:3.580,3.690,3.660,3.350,30140119;
sz000718:3.090,3.100,3.160,3.050,9327245;
sz000719:6.760,6.820,6.810,6.640,3274990;
sz000721:4.530,4.210,4.530,4.070,57856333;
sz000722:5.880,5.800,5.920,5.660,3261600;
sz000727:1.780,1.770,1.810,1.700,45402112;
sz000735:10.420,10.520,10.780,10.010,82262155;
sz002324:16.270,15.620,16.270,14.500,20775174;
sz000753:2.810,2.750,2.840,2.690,8926096;
sz000755:3.750,3.770,3.800,3.640,5583974;
sz000756:10.010,9.850,10.200,9.190,28994050;
sz000758:4.620,4.550,4.720,4.410,22711437;
sz000759:6.560,6.590,6.680,6.440,3792109;
sz000762:7.160,7.110,7.300,6.860,7024351;
sz000766:5.820,5.740,5.920,5.610,6615584;
sz000778:3.570,3.540,3.630,3.490,29611871;
sz000779:9.890,9.780,9.950,9.390,2482533;
sz000783:7.170,6.980,7.240,6.730,102210737;
sz000789:11.100,11.130,11.190,10.620,19034936;
sz000790:5.150,5.040,5.230,4.720,24501691;
sz000791:3.240,3.210,3.270,3.150,9301075;
sz000793:3.150,3.220,3.290,3.140,60235190;
sz000795:5.070,4.950,5.120,4.720,21623120;
sz000797:4.070,3.880,4.320,3.880,96030035;
sz000798:5.480,5.380,5.520,5.250,2044110;
sz000799:30.300,28.750,30.680,27.530,11134657;
sz000800:8.900,8.680,9.050,8.510,12858299;
sz000802:10.610,10.580,10.780,10.110,10427255;
sz000807:4.080,4.090,4.180,4.010,37603086;
sz000810:11.610,11.570,11.800,11.110,19215365;
sz000812:3.050,3.030,3.100,2.900,18262373;
sz000813:5.330,5.210,5.560,5.000,16746206;
sz000815:7.480,7.390,7.630,7.060,15027712;
sz000825:3.410,3.370,3.450,3.320,21261791;
sz000828:7.260,7.300,7.410,7.090,4766897;
sz000829:5.350,5.300,5.470,5.120,9649761;
sz000830:8.350,8.190,8.460,8.000,26431527;
sz000831:9.830,9.680,9.970,9.370,15152428;
sz000836:3.970,4.040,4.030,3.710,69744449;
sz000839:3.260,3.270,3.340,3.150,40771562;
sz000851:6.750,6.870,6.840,6.300,61472396;
sz000856:10.600,11.250,10.980,10.410,23130906;
sz000859:4.990,4.900,5.110,4.700,24967343;
sz000863:4.020,4.120,4.070,3.910,6914852;
sz000877:11.000,11.110,11.110,10.490,25026844;
sz000878:9.970,9.950,10.100,9.660,22261948;
sz000880:7.120,6.990,7.270,6.820,1314352;
sz000881:7.680,7.400,7.760,7.000,13047619;
sz000886:4.510,4.640,4.620,4.370,39204679;
sz000889:8.490,8.440,8.670,8.120,4136026;
sz000890:4.610,4.450,4.740,4.240,11302772;
sz000900:4.000,3.970,4.050,3.860,9591088;
sz000901:10.330,10.120,10.450,10.000,18042221;
sz000903:3.390,3.640,3.450,3.120,166320335;
sz000905:6.530,6.280,6.560,6.110,6951702;
sz000908:3.370,3.290,3.410,3.200,13570464;
sz000909:8.400,8.680,8.600,7.990,10414589;
sz000912:4.150,4.210,4.260,4.050,8940894;
sz000913:9.970,9.750,10.140,9.500,4512261;
sz000915:24.320,22.750,24.600,22.050,10643654;
sz000917:6.750,6.670,6.890,6.260,42900462;
sz000929:6.460,6.370,6.580,6.250,1883036;
sz000930:6.700,6.580,6.840,6.350,19005229;
sz000931:8.970,8.900,9.120,8.540,10979268;
sz000935:13.110,12.950,13.390,12.460,7443203;
sz000948:11.440,11.460,11.600,11.000,13540435;
sz000949:4.120,3.930,4.180,3.780,54109346;
sz000950:5.300,5.240,5.370,5.140,8904182;
sz000952:9.950,10.010,10.080,9.540,5369036;
sz000959:2.980,2.990,3.020,2.920,10702451;
sz000975:12.660,12.160,12.990,11.900,32059504;
sz000976:4.880,4.920,5.030,4.690,21081164;
sz000990:14.900,14.180,15.180,13.790,34271957;
sz000996:8.610,8.700,8.930,8.330,12305988;
sz001696:6.180,6.350,6.290,5.930,47263675;
sz001896:3.330,3.340,3.360,3.260,11611361;
sz002004:4.870,4.860,4.970,4.710,13373675;
sz002009:8.260,8.110,8.440,7.790,9495170;
sz002012:5.850,5.940,5.960,5.530,22400087;
sz002016:7.600,7.370,7.780,7.260,13012448;
sz002017:13.010,12.750,13.470,12.000,12208139;
sz002022:14.890,14.100,14.890,13.640,28849699;
sz002023:17.680,18.600,18.480,17.220,115099066;
sz002028:17.450,18.220,17.550,16.530,49042302;
sz002034:14.260,13.940,14.330,13.600,2505944;
sz002037:6.300,6.270,6.380,6.190,3336640;
sz002045:9.800,9.540,9.860,8.860,15505872;
sz002052:2.930,2.870,2.970,2.790,10540103;
sz002053:6.500,6.410,6.590,6.280,2002807;
sz002054:7.700,7.300,7.860,7.300,42503367;
sz002057:7.030,6.820,7.060,6.540,13795213;
sz002058:18.940,18.500,19.340,18.410,593600;
sz002061:5.250,5.110,5.280,4.980,15614651;
sz002064:5.400,5.290,5.500,5.220,17540403;
sz002066:8.260,8.580,8.660,8.210,7723900;
sz002073:4.500,4.370,4.500,4.220,19149547;
sz002076:2.620,2.790,2.770,2.560,79763106;
sz002077:6.350,6.370,6.490,5.890,18371995;
sz002079:11.140,11.000,11.310,10.310,26953254;
sz002082:10.200,9.950,10.440,9.660,5818100;
sz002083:7.600,7.690,7.690,6.840,19900610;
sz002084:5.370,5.310,5.470,5.140,4446100;
sz002093:10.390,10.060,10.540,9.560,92347531;
sz002098:6.560,6.300,6.780,6.110,18302959;
sz002103:4.510,4.420,4.590,4.220,19900986;
sz002104:7.150,7.010,7.260,6.680,19958022;
sz002107:11.310,10.940,11.630,10.700,4689540;
sz002108:3.540,3.480,3.600,3.360,16217451;
sz002109:3.100,3.090,3.140,3.020,3805085;
sz002112:7.690,7.880,8.100,7.450,34817015;
sz002114:6.820,6.590,6.850,6.080,8108335;
sz002118:5.550,5.470,5.690,5.350,17739413;
sz002119:13.850,13.810,13.960,13.350,15739500;
sz002123:15.400,14.580,15.850,14.010,34363789;
sz002124:10.500,10.440,10.720,10.180,39013167;
sz002127:10.140,10.010,10.450,9.810,20145810;
sz002130:4.860,4.750,4.950,4.510,22213888;
sz002133:3.170,3.200,3.230,3.060,11514612;
sz002134:10.500,10.280,10.760,10.050,10077000;
sz002136:7.460,7.480,7.770,7.110,3713200;
sz002137:7.610,7.550,7.740,7.180,16340242;
sz002145:4.000,3.930,4.040,3.780,14670020;
sz002146:8.080,7.910,8.240,7.770,46299114;
sz002148:5.210,4.940,5.260,4.700,18958030;
sz002149:7.160,7.060,7.270,6.710,8610438;
sz002150:5.950,5.920,6.170,5.680,2862103;
sz002155:7.250,7.100,7.350,6.930,24452196;
sz002159:10.980,10.450,11.250,10.020,4015521;
sz002161:10.530,10.250,10.810,10.070,30853535;
sz002162:3.850,3.790,3.890,3.530,33331198;
sz002166:8.160,7.910,8.280,7.520,17165181;
sz002167:5.830,5.600,5.850,5.400,6228836;
sz002168:7.690,7.490,7.810,7.210,13695673;
sz002170:3.860,3.730,3.990,3.600,35368656;
sz002172:3.970,3.800,4.050,3.690,54365686;
sz002173:5.900,5.770,6.000,5.510,6017255;
sz002174:21.600,21.450,21.700,20.400,37422041;
sz002176:2.590,2.520,2.640,2.420,35839522;
sz002177:4.850,4.710,4.890,4.510,19332692;
sz002178:3.890,4.000,3.950,3.690,14657782;
sz002182:10.120,10.150,10.220,9.640,20679447;
sz002183:4.110,4.290,4.170,4.000,57243046;
sz002184:14.500,13.710,15.160,13.350,20328101;
sz002186:9.500,9.340,9.700,9.100,4732013;
sz002192:16.800,16.380,17.180,15.700,5961693;
sz002196:5.060,5.080,5.120,4.950,4573130;
sz002197:10.340,9.870,10.600,9.380,45065561;
sz002199:9.120,8.910,9.160,8.390,7711800;
sz002201:15.110,15.060,15.600,14.410,7880573;
sz002208:7.020,6.900,7.150,6.580,13000389;
sz002211:5.520,5.410,5.520,5.220,3619510;
sz002212:25.790,26.260,26.380,25.060,14769382;
sz002213:14.430,14.350,14.580,13.560,3496401;
sz002218:3.220,3.200,3.310,3.060,26440800;
sz002219:2.320,2.240,2.330,2.150,24185805;
sz002221:9.900,9.260,9.900,9.010,58722769;
sz002224:6.770,6.690,6.800,6.400,15702678;
sz002225:3.910,3.890,3.970,3.710,5022136;
sz002226:4.900,4.850,4.980,4.750,12533118;
sz002227:14.900,14.380,15.190,14.230,18766329;
sz002228:3.630,3.630,3.720,3.510,9152848;
sz002229:7.510,7.490,7.670,7.000,18026150;
sz002231:8.550,8.280,8.770,7.880,33077392;
sz002232:10.410,9.840,10.570,9.450,18150809;
sz002234:27.530,26.470,27.820,25.700,10765160;
sz002235:8.610,8.630,8.740,8.100,24145688;
sz002239:3.740,3.890,4.000,3.620,275904498;
sz002240:9.450,9.400,9.620,9.080,16102801;
sz002243:12.720,12.290,12.980,11.870,9793980;
sz002245:4.250,4.210,4.340,4.030,13793300;
sz002246:7.760,7.640,7.970,7.370,9461103;
sz002247:2.240,2.180,2.250,2.130,11577494;
sz002248:8.350,8.330,8.490,8.030,3802000;
sz002250:15.800,15.490,16.220,15.200,5268595;
sz002256:2.200,2.170,2.270,2.080,39967016;
sz002261:8.880,8.790,8.940,8.390,44381071;
sz002262:10.750,10.480,10.840,10.120,13893581;
sz002264:4.020,3.940,4.040,3.850,3829103;
sz002265:8.100,7.900,8.200,7.590,3704600;
sz002266:3.920,3.860,3.970,3.770,15829955;
sz002267:6.040,6.000,6.130,5.860,5771016;
sz002270:4.850,5.370,5.250,4.720,75580459;
sz002975:139.000,147.000,143.000,136.840,4824437;
sz002278:5.880,5.940,5.940,5.500,7212811;
sz002280:3.000,2.870,3.040,2.730,79285981;
sz002282:7.040,7.020,7.170,6.770,2030765;
sz002286:7.620,8.460,8.230,7.520,16798946;
sz002288:5.570,5.550,5.660,5.340,34216600;
sz002291:23.180,25.340,23.500,21.550,46566064;
sz002292:7.200,7.020,7.280,6.740,11757566;
sz002295:6.400,6.450,6.580,6.300,1880451;
sz002296:8.790,8.420,8.910,8.010,31259037;
sz002297:5.600,5.540,5.800,5.310,5695779;
sz002298:8.800,8.950,8.910,8.530,15061950;
sz002303:5.030,4.910,5.090,4.760,26888284;
sz002309:6.570,6.850,6.700,6.350,14732937;
sz002310:6.100,6.180,6.190,5.910,84956903;
sz002312:4.750,4.610,4.850,4.320,29283866;
sz002313:20.200,19.420,20.390,18.530,6917935;
sz002314:2.760,2.710,2.780,2.640,10861697;
sz002316:7.420,7.230,7.530,6.920,11985285;
sz002317:11.550,11.260,11.750,10.810,20739960;
sz002318:7.510,7.770,7.660,7.340,16017085;
sz002319:7.230,7.380,7.400,7.060,1555259;
sz002320:16.080,15.410,16.270,15.010,26578421;
sz002326:11.910,12.360,12.270,11.030,53342281;
sz002329:4.520,4.450,4.590,4.250,12601047;
sz002330:6.070,5.980,6.220,5.740,6685740;
sz002332:11.370,11.020,11.580,10.410,43161304;
sz002334:5.060,5.170,5.200,4.810,60499221;
sz002335:21.990,22.730,22.480,21.020,9207489;
sz002338:15.500,15.040,15.750,14.210,9938671;
sz002339:6.700,7.390,7.390,6.540,26707135;
sz002341:7.110,6.820,7.230,6.540,82162604;
sz002342:3.200,3.420,3.270,3.100,43471892;
sz002345:3.480,3.450,3.530,3.310,9021887;
sz002346:11.480,11.050,11.600,10.700,5533513;
sz002347:4.350,4.280,4.470,4.160,8817335;
sz002348:3.040,3.020,3.090,2.910,11551041;
sz002349:5.410,5.250,5.540,5.110,9956184;
sz002350:5.910,6.100,6.010,5.700,9231301;
sz002354:2.430,2.350,2.450,2.290,11082073;
sz002358:6.730,7.110,6.900,6.590,41375110;
sz002360:5.100,5.100,5.160,4.930,2999649;
sz002361:4.400,4.500,4.570,4.320,9607200;
sz002362:17.870,17.470,17.870,16.860,5299351;
sz002363:7.670,7.920,8.170,7.520,12188283;
sz002364:14.780,14.860,15.000,13.800,31038822;
sz002366:5.560,5.410,5.680,5.310,14435884;
sz002369:10.900,10.660,11.050,10.160,31246272;
sz002370:5.630,5.380,5.720,5.140,19082445;
sz002378:4.390,4.280,4.420,4.120,8492021;
sz002379:3.700,3.600,3.720,3.500,11806300;
sz002380:14.150,14.240,14.470,13.710,4024453;
sz002381:7.800,7.810,7.890,7.550,5757160;
sz002385:6.910,6.760,7.060,6.510,146438810;
sz002387:11.500,11.500,11.800,11.110,10662958;
sz002389:12.280,11.960,12.360,11.640,14871248;
sz002390:5.650,5.430,5.650,5.300,65300451;
sz002391:8.610,8.310,8.780,8.010,23900832;
sz002392:3.800,3.680,3.830,3.500,14929622;
sz002395:25.950,24.950,25.990,24.110,800300;
sz002397:4.690,4.610,4.830,4.370,9709673;
sz002399:20.180,20.830,21.580,20.180,16460895;
sz002400:2.920,2.910,2.950,2.830,28066654;
sz002401:10.990,11.610,11.060,10.300,13248216;
sz002402:13.900,13.880,14.100,13.230,47476308;
sz002403:8.510,8.380,8.710,8.100,3213385;
sz002406:5.540,5.480,5.600,5.280,4419313;
sz002407:12.700,13.060,13.170,12.600,46638711;
sz002408:6.000,5.980,6.170,5.830,8876265;
sz002409:34.720,35.960,35.150,33.300,16953081;
sz002410:40.200,40.750,40.700,38.130,15908590;
sz002411:11.280,10.740,11.530,10.390,37339189;
sz002412:7.990,7.800,8.120,7.620,3675612;
sz002413:7.990,7.720,8.180,7.380,57582663;
sz002416:6.320,6.360,6.460,6.030,10991929;
sz002417:8.150,7.860,8.350,7.500,18201678;
sz002418:2.600,2.510,2.640,2.390,35444272;
sz002426:1.980,2.060,2.050,1.970,61124282;
sz002429:4.420,4.600,4.550,4.330,153421060;
sz002430:11.630,11.740,11.960,11.220,7577266;
sz002431:2.980,2.910,3.050,2.750,53345807;
sz002433:4.550,4.560,4.640,4.400,8315380;
sz002437:2.590,2.520,2.630,2.440,27757461;
sz002438:7.310,7.360,7.500,7.170,3434208;
sz002446:9.300,9.230,9.400,8.780,60060626;
sz002448:5.040,5.030,5.120,4.870,5575355;
sz002451:9.180,9.870,9.810,8.830,28584817;
sz002452:6.750,7.410,7.270,6.720,45074703;
sz002453:4.780,4.700,4.800,4.420,9374496;
sz002454:4.950,4.920,5.000,4.740,7069838;
sz002457:7.470,7.460,7.650,7.150,8000168;
sz002459:13.930,13.510,14.360,13.140,15651042;
sz002464:5.530,5.450,5.660,5.080,12647006;
sz002466:27.110,25.800,27.600,25.100,68158227;
sz002467:6.890,6.850,7.100,6.480,70444839;
sz002469:4.220,4.320,4.360,4.080,10566773;
sz002471:2.540,2.620,2.620,2.440,63211583;
sz002472:5.000,5.000,5.100,4.820,5660400;
sz002474:8.560,8.380,8.620,8.020,11786815;
sz002476:6.920,6.770,7.050,6.340,15010452;
sz002478:5.270,5.220,5.300,5.190,4734500;
sz002480:4.110,4.260,4.360,4.110,19618400;
sz002481:11.250,10.640,11.380,10.060,65158090;
sz002483:5.430,5.250,5.560,5.060,26238399;
sz002486:3.940,3.750,4.010,3.560,43486600;
sz002489:4.650,4.460,4.810,4.270,52988063;
sz002490:3.180,3.200,3.270,3.130,3533301;
sz002491:6.700,6.760,6.810,6.430,42105256;
sz002492:5.400,5.130,5.490,4.950,20150205;
sz002493:10.600,10.520,10.760,10.360,6537558;
sz002495:2.670,2.650,2.720,2.610,6735360;
sz002496:2.580,2.500,2.610,2.430,19481884;
sz002497:7.620,7.490,7.750,7.200,35623479;
sz002498:3.850,4.260,4.110,3.700,310534696;
sz002502:3.210,3.320,3.310,3.020,31763954;
sz002503:4.000,4.090,4.000,3.700,495313192;
sz002504:2.670,2.680,2.750,2.600,7778095;
sz002505:1.850,1.800,1.890,1.730,98939073;
sz002506:5.470,5.290,5.500,5.270,75511089;
sz002967:34.000,35.020,34.450,31.300,5012556;
sz002512:5.430,5.440,5.580,5.170,23499108;
sz002513:5.470,5.430,5.560,5.200,3386301;
sz002514:4.630,4.650,4.720,4.450,6367820;
sz002515:5.350,5.590,5.490,4.980,54704842;
sz002517:2.850,2.840,2.910,2.660,47317963;
sz002519:4.620,4.960,4.960,4.510,86116198;
sz002520:6.450,6.510,6.550,6.280,2515307;
sz002523:2.650,2.610,2.690,2.520,10495712;
sz002524:8.000,7.740,8.150,7.250,16635202;
sz002526:2.230,2.200,2.280,2.110,42749432;
sz002527:5.630,5.570,5.680,5.300,8448834;
sz002528:5.130,5.090,5.210,4.830,18844360;
sz002530:11.570,11.550,12.000,11.130,24107337;
sz002532:5.790,5.720,5.820,5.410,4832960;
sz002538:4.550,4.550,4.600,4.340,13616350;
sz002540:4.480,4.600,4.630,4.310,9348441;
sz002541:15.410,15.760,15.700,14.400,15130934;
sz002544:15.950,16.270,16.490,15.780,14312203;
sz002545:7.020,7.580,7.360,6.900,43477722;
sz002548:8.760,8.600,8.800,8.150,11015832;
sz002550:4.650,4.450,4.650,4.360,16385991;
sz002551:11.180,11.180,11.440,11.180,38259414;
sz002552:17.350,16.910,17.800,16.000,6769400;
sz002553:4.860,4.770,4.930,4.600,4222300;
sz002554:2.710,2.720,2.770,2.640,11184502;
sz002562:6.010,6.380,6.260,5.900,57483398;
sz002564:4.330,4.250,4.330,4.110,7636304;
sz002575:6.940,7.220,7.010,6.780,19812645;
sz002576:9.520,10.170,9.640,9.000,10674009;
sz002577:10.100,9.900,10.140,9.480,5444602;
sz002581:13.190,14.040,14.040,12.380,60726126;
sz002584:6.610,6.660,6.800,6.160,36670069;
sz002585:5.700,5.700,5.700,5.700,12759312;
sz002587:6.870,6.780,6.950,6.520,10206055;
sz002591:7.870,7.770,8.040,7.470,5783700;
sz002592:9.950,9.850,10.150,9.700,3084236;
sz002596:8.370,8.240,8.490,7.920,66582093;
sz002605:26.880,26.420,27.000,25.250,13124486;
sz002610:1.540,1.520,1.570,1.450,91898360;
sz002615:4.780,4.810,4.890,4.630,2677652;
sz002616:7.960,8.150,8.050,7.780,4282548;
sz002617:6.040,6.120,6.200,5.650,60838693;
sz002618:11.200,11.150,11.290,10.740,7799828;
sz002619:2.490,2.430,2.510,2.350,23309028;
sz002622:3.330,3.380,3.390,3.190,22318808;
sz002623:31.820,30.900,33.410,29.350,7631012;
sz002624:43.710,43.300,44.180,39.700,21891060;
sz002625:7.780,7.550,7.910,7.320,15300817;
sz002627:9.270,9.130,9.270,8.710,2800852;
sz002630:2.300,2.290,2.330,2.210,25514507;
sz002631:7.490,7.410,7.600,7.090,5975973;
sz002634:5.050,5.010,5.170,4.800,8454403;
sz002636:8.500,8.380,8.600,8.110,8155710;
sz002637:13.400,13.920,13.850,12.870,62791192;
sz002638:2.890,2.890,2.930,2.800,17668397;
sz002639:8.050,7.780,8.150,7.480,28382514;
sz002641:5.590,5.420,5.680,5.340,10133867;
sz002644:9.860,9.530,9.860,9.050,41077132;
sz002650:3.740,3.690,3.820,3.510,40260509;
sz002651:4.450,4.390,4.460,4.270,4321150;
sz002652:3.500,3.500,3.680,3.400,4533680;
sz002653:19.600,19.420,19.760,18.490,3359716;
sz002654:4.470,4.450,4.510,4.200,13743872;
sz002656:2.270,2.250,2.320,2.180,6637023;
sz002658:6.760,6.530,6.840,6.430,3543858;
sz002659:5.620,5.680,5.710,5.430,5394852;
sz002660:9.060,8.620,9.300,8.110,12079097;
sz002662:2.840,2.850,2.910,2.710,24870003;
sz002663:2.510,2.560,2.590,2.480,22354933;
sz002664:13.760,13.800,13.960,13.510,3284234;
sz002665:3.630,3.580,3.730,3.450,183824385;
sz002669:13.710,13.650,13.980,13.260,7715902;
sz002670:10.150,10.100,10.350,10.000,16902132;
sz002674:8.990,8.900,9.000,8.570,2532500;
sz002676:5.500,5.230,5.500,5.230,55277240;
sz002678:6.800,6.710,6.940,6.110,1073970;
sz002679:14.850,14.820,15.500,14.230,2611519;
sz002685:5.800,5.630,5.900,5.440,9638542;
sz002688:6.660,6.680,6.880,6.370,10057018;
sz002689:4.200,4.210,4.270,3.950,58681007;
sz002693:5.450,5.250,5.490,5.130,8229944;
sz002695:19.240,18.700,19.650,17.430,13199252;
sz002698:8.990,9.010,9.200,8.860,7066964;
sz002700:5.800,5.850,5.900,5.560,4456205;
sz002702:5.000,5.170,5.090,4.730,44594794;
sz002703:4.470,4.420,4.600,4.270,6366525;
sz002708:7.620,7.350,7.620,7.110,16821327;
sz002709:21.650,21.420,22.360,20.520,9179548;
sz002712:6.060,6.050,6.200,5.710,7497107;
sz002713:6.770,6.690,6.850,6.400,4302265;
sz002715:17.550,17.640,17.780,16.800,1092298;
sz002717:4.700,4.600,4.780,4.360,42471737;
sz002719:8.930,9.380,8.990,8.540,4127151;
sz002721:4.450,4.490,4.530,4.270,11554800;
sz002722:12.500,12.420,12.680,12.070,1541679;
sz002723:8.210,8.210,8.350,7.920,1935896;
sz002724:6.780,6.860,6.850,6.560,6130313;
sz002725:9.570,9.650,9.760,9.100,7448807;
sz002728:15.510,15.440,15.830,15.000,883974;
sz002729:45.000,43.220,45.000,41.990,364331;
sz002730:7.560,7.580,7.800,7.220,2693480;
sz002732:18.450,18.250,18.620,17.990,1279488;
sz002734:13.570,13.560,13.750,12.840,4175250;
sz002735:17.500,18.330,18.220,17.500,983190;
sz002736:11.300,11.170,11.490,10.950,20357013;
sz002737:13.860,13.610,14.000,13.220,5934267;
sz002738:15.570,15.260,15.790,14.920,2743561;
sz002742:7.220,7.220,7.220,7.220,2391300;
sz002748:6.740,6.720,6.870,6.460,1380200;
sz002750:10.090,9.650,10.270,9.140,6404261;
sz002751:23.010,23.090,23.480,22.000,3901314;
sz002753:7.200,7.100,7.270,6.910,1381713;
sz002755:16.360,15.400,16.500,15.160,5116479;
sz002756:16.340,16.710,17.270,16.210,3814620;
sz002758:9.930,9.950,10.050,9.710,2404250;
sz002759:7.660,7.560,7.850,7.330,4258187;
sz002760:18.210,18.400,18.730,17.880,1118035;
sz002761:9.000,8.890,9.100,8.410,9099812;
sz002763:7.540,7.650,7.730,7.330,3901729;
sz002765:4.600,4.730,4.690,4.400,6898172;
sz002767:12.300,11.930,12.350,11.550,989826;
sz002769:7.560,7.410,7.630,7.090,4144349;
sz002770:2.200,2.160,2.230,2.090,17695495;
sz002771:13.180,13.540,13.480,12.920,8377944;
sz002772:7.030,7.340,7.130,6.720,14550835;
sz002778:21.800,21.770,22.100,19.680,1455000;
sz002780:18.000,17.200,18.000,16.800,5045845;
sz002781:13.800,13.710,13.880,13.350,2943300;
sz002782:9.620,9.400,9.850,9.190,3815062;
sz002783:9.970,10.000,10.180,9.470,8323479;
sz002785:12.530,12.600,12.710,11.910,1567700;
sz002786:8.270,8.060,8.460,7.780,8789299;
sz002787:6.850,6.630,6.900,6.520,2418800;
sz002790:6.030,6.050,6.180,5.840,1543672;
sz002789:13.820,13.820,14.090,13.560,1588288;
sz002792:30.200,29.030,31.030,27.680,13813492;
sz002791:49.300,48.900,50.180,46.130,2035919;
sz002793:13.550,13.050,13.770,12.280,9017652;
sz002795:11.930,12.030,12.330,11.410,1697400;
sz002796:39.600,38.600,41.240,36.280,8834609;
sz002797:7.330,7.310,7.410,7.110,117823367;
sz002800:23.550,22.930,23.650,21.850,1899613;
sz002799:15.770,15.540,16.480,15.090,1500550;
sz002801:33.350,34.350,33.740,32.120,1569600;
sz002802:18.500,19.100,19.200,18.500,716836;
sz002805:13.150,12.740,13.400,12.100,5721277;
sz002803:31.910,31.310,32.660,30.000,3292699;
sz002806:12.400,12.340,12.740,11.900,1983640;
sz002808:8.010,7.850,8.030,7.500,5319260;
sz002809:16.620,16.830,16.890,16.160,2282537;
sz002810:16.000,16.050,16.450,15.600,2060076;
sz002602:13.090,13.270,13.390,12.880,47393623;
sz002807:4.320,4.300,4.360,4.210,22413742;
sz002811:14.870,14.520,15.070,14.080,1166713;
sz002813:25.220,23.640,26.000,22.710,3657030;
sz002816:26.930,26.750,26.970,25.200,1899600;
sz002817:23.130,23.040,23.320,22.350,1186676;
sz002819:22.800,22.390,23.330,21.000,2829794;
sz002820:10.350,10.410,10.520,10.030,1059560;
sz002823:10.560,10.520,10.800,10.120,3825197;
sz002825:12.900,13.820,13.250,12.390,3430897;
sz002822:8.850,8.970,8.850,7.860,53179450;
sz002828:9.170,8.990,9.290,8.720,4111440;
sz002826:9.880,10.050,10.190,9.710,2000300;
sz002827:8.940,8.980,9.110,8.620,1751950;
sz002829:26.000,25.600,26.630,24.190,4186509;
sz002830:11.400,11.480,11.680,11.110,1312200;
sz002831:23.000,22.420,23.700,22.010,4951206;
sz002835:10.400,10.360,10.640,10.080,3856104;
sz002833:36.400,36.420,36.900,35.030,1073162;
sz002836:10.340,10.080,10.340,10.030,982491;
sz002837:45.500,45.250,46.500,41.500,4537676;
sz002838:44.000,41.860,44.440,41.060,53827261;
sz002824:18.440,18.100,18.940,17.120,5984618;
sz002842:9.760,9.550,9.880,9.260,4833327;
sz002843:7.400,7.510,7.680,7.300,1830119;
sz002839:6.250,6.100,6.340,6.000,85639407;
sz002845:20.350,22.220,20.790,19.520,8781928;
sz002846:22.050,23.000,22.320,20.810,3185241;
sz002848:13.770,13.130,13.790,12.500,9585100;
sz002849:12.900,12.730,13.090,12.090,907350;
sz002868:16.020,16.040,16.180,15.660,728261;
sz002774:6.580,6.750,6.680,6.370,3214380;
sz002840:14.460,13.820,14.690,13.310,1610250;
sz002858:13.060,13.050,13.180,12.600,1182391;
sz002850:49.510,48.100,50.680,46.190,3470000;
sz002857:11.160,11.300,11.800,10.720,1020660;
sz002855:12.150,12.000,12.430,11.540,2824098;
sz002856:16.200,15.520,16.200,15.060,1536000;
sz002853:16.130,16.820,16.390,15.320,1709650;
sz002863:4.790,4.730,4.880,4.550,4020110;
sz002865:14.480,14.170,14.890,13.350,6383700;
sz002866:13.080,13.070,13.150,12.460,5392390;
sz002861:26.930,25.950,27.680,25.470,2084845;
sz002860:21.970,21.700,22.380,21.300,2671475;
sz002862:22.660,22.650,23.440,21.710,1478700;
sz002859:46.740,45.330,47.990,43.900,3304771;
sz001979:16.900,16.770,17.310,16.630,13596974;
sz002871:18.300,19.200,18.800,17.960,5213631;
sz002870:19.400,19.100,19.480,18.310,1136100;
sz002872:6.010,5.820,6.130,5.820,12925600;
sz002873:22.360,22.360,22.360,22.360,858831;
sz002876:42.210,40.860,43.210,39.800,3491534;
sz002875:13.390,13.150,13.470,12.680,1526074;
sz002877:7.350,7.270,7.510,7.010,3867720;
sz002878:31.410,30.980,32.900,29.530,4220850;
sz002880:63.050,62.580,63.990,59.250,1304900;
sz002883:17.880,17.840,18.130,17.310,779566;
sz002881:23.250,22.590,23.950,21.560,3030887;
sz002886:30.530,28.660,30.850,28.490,14223526;
sz002885:16.940,16.460,16.950,15.400,6479314;
sz002879:18.690,20.790,20.700,18.690,28098114;
sz002882:10.100,11.020,10.290,10.800,17321525;
sz002889:24.950,24.400,25.150,23.660,2246300;
sz002887:16.370,16.090,16.600,15.550,2352796;
sz002890:31.300,30.400,31.300,30.020,618400;
sz002892:22.200,22.530,22.790,21.600,2814061;
sz002891:21.320,21.190,21.890,20.690,2541070;
sz002895:10.720,10.550,10.900,10.200,3844285;
sz002896:22.350,22.060,22.900,21.430,891200;
sz002897:34.570,33.650,35.080,31.050,10292902;
sz002898:12.350,12.430,12.610,12.100,749800;
sz002893:10.530,10.310,10.580,10.050,1748430;
sz002906:12.640,12.720,13.200,12.170,7090542;
sz002903:14.300,15.400,15.400,14.100,14443450;
sz002905:16.280,15.410,16.350,14.800,11030480;
sz002907:17.780,17.280,17.950,16.600,3537920;
sz002909:10.720,10.800,10.820,10.230,2432960;
sz002910:10.060,9.900,10.220,9.500,2342300;
sz002864:26.530,25.850,26.820,25.320,1211200;
sz002912:151.040,157.520,155.480,149.990,2399377;
sz002911:13.560,13.470,13.560,12.960,1947734;
sz002915:24.800,24.700,25.320,24.300,2265533;
sz002917:15.630,14.950,15.630,14.440,4403553;
sz002919:15.500,15.570,16.160,14.750,4061418;
sz002920:36.950,35.650,37.500,34.930,6306180;
sz002921:17.280,17.500,17.580,16.830,829500;
sz002922:14.770,14.200,14.780,13.720,2677306;
sz002923:16.500,16.290,16.820,15.810,2318900;
sz002927:17.000,16.970,17.340,16.300,2755692;
sz002929:30.060,30.160,30.560,28.530,5910286;
sz002930:15.150,14.240,15.300,13.900,27102527;
sz002931:23.800,23.560,24.500,22.840,915500;
sz002932:42.000,39.000,43.340,38.930,3715244;
sz002935:33.200,32.200,33.300,31.000,4726009;
sz002936:4.020,4.010,4.060,3.980,17748998;
sz002937:14.460,14.300,14.880,13.700,5809936;
sz002940:37.540,38.000,37.540,34.580,2164946;
sz002939:13.920,14.090,14.050,13.390,84902453;
sz002941:16.300,15.770,16.590,15.500,12457524;
sz002943:25.380,24.550,25.680,23.560,2751563;
sz002942:23.820,23.470,24.200,22.810,1184300;
sz002952:27.300,26.710,27.410,26.010,935032;
sz002948:5.310,5.200,5.370,5.120,13973888;
sz002945:16.920,16.050,16.990,15.600,56668925;
sz002949:17.020,16.500,17.100,16.070,1653500;
sz002958:5.390,5.280,5.500,5.180,17377700;
sz002955:74.650,70.410,75.450,68.880,3800303;
sz002956:45.000,45.530,45.800,44.440,645449;
sz002957:28.890,27.230,29.590,26.100,4986262;
sz002960:22.410,22.090,22.450,21.220,1868510;
sz002961:29.200,28.950,30.300,27.280,4025301;
sz002962:31.250,30.730,31.600,29.680,2219865;
sz000001:13.750,13.410,13.970,13.130,117090922;
sz000002:28.550,28.110,28.860,27.300,70787617;
sz000012:4.760,4.750,4.850,4.530,26976907;
sz000014:8.180,8.000,8.200,7.770,2261938;
sz000016:10.300,10.380,10.680,10.020,230079131;
sz000019:6.380,6.270,6.430,6.140,9686834;
sz000020:9.690,9.300,9.690,9.030,1389601;
sz000021:17.160,17.020,17.260,16.100,51295042;
sz001872:14.020,13.890,14.240,13.660,2069933;
sz000026:8.600,8.680,8.740,8.300,6686966;
sz000027:5.300,5.340,5.420,5.270,9489323;
sz000031:5.480,5.430,5.550,5.270,11313805;
sz000032:16.000,15.590,16.000,15.000,5747912;
sz000034:30.200,30.130,30.770,28.000,39424740;
sz000035:4.880,4.930,4.950,4.740,10395935;
sz000037:11.240,11.200,11.380,10.720,2608600;
sz000039:7.760,7.760,7.930,7.600,11207340;
sz000040:3.800,3.680,3.890,3.500,64520136;
sz000046:4.130,4.130,4.210,4.010,19422517;
sz000049:37.330,37.200,38.480,36.000,5014455;
sz000060:3.700,3.660,3.760,3.600,28970228;
sz000062:12.420,12.240,12.700,12.030,4625574;
sz000063:45.610,41.550,45.610,41.140,305165659;
sz000065:7.440,7.370,7.550,7.160,4649876;
sz000066:13.100,13.000,13.280,12.380,79720279;
sz000069:6.240,6.140,6.330,6.060,47712645;
sz000070:10.870,10.800,10.940,10.080,34827618;
sz000088:4.520,4.540,4.630,4.410,5068346;
sz000089:7.520,7.300,7.620,7.200,25576290;
sz000090:4.700,4.660,4.810,4.560,12179316;
sz000099:6.410,6.430,6.550,6.210,4761079;
sz000100:5.050,5.090,5.110,4.820,816967396;
sz000156:9.860,9.790,9.990,9.470,16997343;
sz000157:5.420,5.550,5.570,5.400,51607939;
sz000159:5.710,5.240,5.870,5.060,28051411;
sz000166:4.500,4.480,4.560,4.400,63572270;
sz000333:49.620,49.000,51.300,48.570,47515277;
sz000338:12.800,12.700,12.990,12.110,67142542;
sz000400:14.600,15.410,15.200,14.020,68467971;
sz000401:19.000,18.920,19.300,17.710,45229323;
sz000413:3.220,3.240,3.310,3.060,136603821;
sz000423:28.380,27.450,28.890,26.880,9694510;
sz000425:4.900,5.150,5.000,4.780,144741419;
sz000429:7.090,6.960,7.170,6.880,3104695;
sz000488:4.630,4.570,4.700,4.500,22123238;
sz000513:34.510,34.710,35.350,33.000,9211661;
sz000516:4.790,4.670,4.850,4.550,32833824;
sz000519:7.100,7.000,7.150,6.740,23869395;
sz000521:3.300,3.260,3.360,3.150,22078937;
sz000524:6.180,6.110,6.280,5.930,2990900;
sz000528:6.300,6.360,6.370,6.120,21407433;
sz000538:74.110,74.720,75.200,71.000,7177631;
sz000539:3.530,3.570,3.610,3.500,5794262;
sz000541:4.660,4.660,4.710,4.560,4965446;
sz000547:13.490,13.380,13.590,12.950,30155129;
sz000550:12.360,11.980,12.460,11.600,6338210;
sz000553:10.270,10.110,10.550,10.020,8627282;
sz000555:16.300,16.140,16.460,15.430,20720472;
sz000558:2.820,2.770,2.850,2.720,9357766;
sz000559:5.220,5.230,5.340,5.080,10759610;
sz000560:3.420,3.400,3.470,3.270,14468734;
sz000561:7.050,6.880,7.270,6.500,22606581;
sz000563:3.800,3.750,3.850,3.630,37322938;
sz000568:73.520,71.650,75.880,69.600,17252336;
sz000581:19.280,18.940,19.560,18.720,9191373;
sz000582:8.700,8.600,8.850,8.400,3849623;
sz000584:6.110,6.120,6.210,5.830,8769903;
sz000596:121.030,116.900,124.000,115.570,3076315;
sz000603:10.980,10.620,11.130,10.140,18244297;
sz000606:4.300,4.150,4.300,3.990,11282906;
sz000617:9.930,9.920,10.140,9.650,2866674;
sz000625:10.720,10.260,10.880,10.020,49066054;
sz000627:5.890,5.940,5.990,5.750,10921884;
sz000636:21.200,20.620,21.600,19.120,87792619;
sz000651:53.700,52.950,55.610,51.950,60201457;
sz000661:458.080,460.210,466.050,444.280,3388483;
sz000671:6.900,6.980,7.040,6.550,34477003;
sz000676:8.280,8.180,8.310,7.730,21694769;
sz000681:16.190,15.790,16.280,15.300,10470977;
sz000708:24.930,24.730,25.570,24.120,4937325;
sz000723:7.080,6.960,7.190,6.470,68351810;
sz000725:4.190,4.250,4.270,4.060,1151666646;
sz000726:8.830,8.810,8.930,8.620,3735035;
sz000728:8.880,8.840,9.100,8.660,30743451;
sz000729:5.730,5.660,5.830,5.590,12011888;
sz000732:5.650,5.400,5.720,5.220,51626667;
sz000733:22.350,21.930,22.460,21.120,11833925;
sz000738:14.800,14.530,15.000,13.900,30670175;
sz000750:4.660,4.620,4.740,4.470,118669948;
sz000768:17.210,17.100,17.320,16.580,28672282;
sz000776:14.080,13.880,14.270,13.640,45167324;
sz000777:11.250,11.210,11.380,10.900,3559923;
sz000785:8.480,8.210,8.640,7.910,12879332;
sz000788:6.340,6.190,6.400,6.010,8195500;
sz000796:8.100,7.890,8.220,7.580,15056940;
sz000811:6.800,6.720,7.000,6.400,14154822;
sz002194:26.470,25.710,27.190,23.900,33933922;
sz000823:12.800,12.570,12.950,12.020,22069326;
sz000826:9.160,8.850,9.340,8.530,33010336;
sz000848:6.490,6.510,6.590,6.360,11047197;
sz000858:114.500,112.360,117.580,108.580,35140554;
sz000860:55.000,54.810,57.480,53.600,14883676;
sz000869:24.100,24.200,24.340,23.550,1703088;
sz000876:27.360,26.910,28.000,25.670,45808428;
sz000888:6.110,6.100,6.160,5.940,6389612;
sz000895:35.100,34.380,35.600,33.490,23386186;
sz000902:7.530,7.300,7.630,7.170,21096144;
sz000910:12.390,12.160,12.590,11.630,7107003;
sz000921:9.420,9.180,9.540,8.950,15178925;
sz000936:8.110,8.050,8.290,7.670,36236468;
sz000938:40.500,39.990,41.170,38.300,29957946;
sz000951:17.650,17.290,17.950,16.350,4662747;
sz000957:7.500,7.120,7.640,6.880,19928610;
sz000961:7.870,7.920,8.020,7.570,26462432;
sz000963:18.530,17.890,18.870,17.300,20051945;
sz000967:5.960,5.990,6.060,5.750,11184826;
sz000970:9.410,9.260,9.630,8.960,18435722;
sz000978:4.830,4.760,4.890,4.560,7673318;
sz000987:8.160,8.130,8.390,7.930,9101737;
sz000988:23.480,23.000,23.700,21.880,50896987;
sz000989:8.130,8.060,8.250,7.760,8080434;
sz000993:6.520,6.480,6.650,6.370,4142302;
sz000998:15.900,15.760,16.380,15.400,24989738;
sz000999:30.300,29.060,30.660,28.260,7529895;
sz002001:24.670,25.280,25.300,24.100,32015894;
sz002002:4.230,4.130,4.340,3.980,50576478;
sz002003:6.000,5.900,6.080,5.800,4816568;
sz002007:40.120,42.750,41.110,38.780,32918811;
sz002008:30.800,30.180,31.180,28.730,29053723;
sz002010:6.320,6.220,6.380,6.000,20499311;
sz002013:7.800,7.630,7.930,7.540,59381417;
sz002014:9.530,9.560,9.650,8.810,3272199;
sz002019:16.240,16.150,16.630,15.600,23410343;
sz002020:10.130,10.130,10.220,10.000,11253919;
sz002024:9.030,9.040,9.140,8.830,49943237;
sz002025:24.100,24.400,24.250,23.250,5939088;
sz002027:4.710,4.560,4.800,4.480,199076411;
sz002030:17.000,15.410,17.200,15.330,81093283;
sz002032:66.000,67.650,68.680,66.000,1818374;
sz002033:5.840,5.910,5.910,5.670,7942413;
sz002035:10.750,10.630,10.940,10.290,15561097;
sz002036:15.500,14.700,15.660,13.900,32034934;
sz002038:12.210,12.020,12.440,11.750,11072412;
sz002040:6.300,6.170,6.450,6.010,7179623;
sz002041:9.860,9.410,10.090,9.120,22095882;
sz002042:5.810,5.640,5.840,5.450,7719950;
sz002043:8.000,7.590,8.080,7.560,17725307;
sz002044:12.310,12.150,12.680,11.800,25844502;
sz002049:52.640,52.870,53.000,50.880,17940155;
sz002050:18.840,18.840,19.350,18.040,27369540;
sz002051:8.450,8.430,8.590,8.120,9100622;
sz002055:14.000,13.720,14.250,12.920,19937762;
sz002056:12.550,11.820,12.680,11.260,70402962;
sz002059:4.450,4.310,4.500,4.200,4583649;
sz002060:2.850,2.810,2.880,2.730,10533966;
sz002063:12.560,12.950,13.030,12.400,47478294;
sz002065:14.590,14.310,14.680,13.630,82670360;
sz002074:18.270,18.390,18.750,17.860,42372707;
sz002080:11.310,10.980,11.500,10.660,21462937;
sz002081:8.210,8.210,8.420,8.000,17955039;
sz002085:6.910,6.910,6.990,6.810,8041200;
sz002090:9.520,9.690,9.780,9.150,7502268;
sz002091:6.320,6.400,6.440,6.160,10747220;
sz002092:5.260,5.180,5.330,5.050,31747619;
sz002094:3.990,4.080,4.030,3.820,22609134;
sz002095:19.900,19.280,19.900,18.600,3688358;
sz002097:6.600,6.410,6.820,6.150,49130175;
sz002099:6.530,6.440,6.680,6.230,25600736;
sz002101:7.340,7.450,7.600,7.080,7455793;
sz002106:9.050,9.060,9.120,8.760,16906513;
sz002110:8.070,8.070,8.200,7.850,19274726;
sz002111:14.320,14.560,14.530,14.060,6600071;
sz002115:10.600,10.160,10.780,10.000,33587679;
sz002116:7.640,7.510,7.780,7.320,2863510;
sz002117:11.620,11.330,11.710,10.840,16460140;
sz002120:28.800,28.380,29.340,27.800,6208234;
sz002121:3.930,3.850,4.050,3.720,13881152;
sz002126:10.020,9.420,10.020,8.800,49190191;
sz002129:18.500,18.310,18.630,17.170,164500528;
sz002135:7.430,7.150,7.480,6.830,9739913;
sz002138:21.210,21.080,21.590,20.190,28741803;
sz002139:6.470,6.610,6.560,6.290,59784188;
sz002142:24.720,24.480,25.250,23.940,24180665;
sz002151:29.800,29.940,30.120,28.810,21475594;
sz002152:8.600,8.520,8.690,8.000,37501260;
sz002153:33.700,32.940,33.880,31.530,8770737;
sz002156:23.220,22.420,23.490,21.340,40793278;
sz002157:17.330,16.990,17.560,16.000,90399490;
sz002158:14.500,14.230,14.680,13.380,33652821;
sz002169:10.570,10.700,10.840,10.100,159369092;
sz002179:37.300,36.680,37.650,36.310,8165602;
sz002180:33.820,32.640,34.260,31.930,18788367;
sz002181:5.030,4.850,5.030,4.680,7515583;
sz002185:12.800,12.280,12.950,11.370,260426735;
sz002187:7.600,7.550,7.750,7.390,1239200;
sz002189:19.700,18.840,19.800,17.800,8896348;
sz002191:9.120,8.870,9.230,8.500,18971402;
sz002195:2.970,2.970,3.020,2.860,117789174;
sz002202:9.540,9.190,9.670,8.930,30915770;
sz002203:8.710,8.710,8.910,8.590,2894245;
sz002206:3.690,3.730,3.760,3.590,12227499;
sz002214:19.040,19.690,19.390,17.670,45364817;
sz002215:6.110,5.950,6.230,5.790,22806891;
sz002216:17.800,18.180,18.130,16.500,7498276;
sz002217:6.260,6.300,6.390,6.040,105358481;
sz002222:11.300,11.200,11.390,10.870,9089941;
sz002223:30.010,28.990,30.070,27.660,36623859;
sz002230:36.590,36.290,36.970,34.700,56596502;
sz002233:11.800,11.970,11.980,11.500,54170264;
sz002236:17.220,17.210,17.460,16.650,50448433;
sz002238:7.710,7.710,7.850,7.480,3392060;
sz002241:17.270,17.130,17.500,16.210,117474488;
sz002242:26.230,25.930,26.800,25.580,4541469;
sz002244:4.270,4.230,4.390,4.210,24272949;
sz002252:8.290,8.200,8.450,7.870,65849967;
sz002253:13.350,13.240,13.500,12.910,3551626;
sz002258:12.460,12.700,12.690,12.000,5093034;
sz002268:25.400,25.420,26.000,24.000,20962183;
sz002271:29.620,30.420,30.740,28.910,32514347;
sz002273:14.150,14.160,14.350,13.500,53261898;
sz002275:13.020,12.820,13.190,12.610,1775161;
sz002277:3.330,3.390,3.400,3.210,25789643;
sz002279:6.960,6.940,7.030,6.680,18243758;
sz002281:30.850,31.010,31.570,28.800,25281523;
sz002285:3.000,2.940,3.030,2.880,16773671;
sz002293:8.290,8.200,8.290,8.030,4245708;
sz002294:17.890,17.540,18.130,17.290,4771109;
sz002299:21.100,20.840,21.490,20.000,18504322;
sz002300:6.940,7.660,7.380,6.750,58757811;
sz002301:13.810,13.400,13.960,12.700,11270890;
sz002302:10.200,10.060,10.350,10.000,15380336;
sz002304:88.010,86.010,89.890,84.000,8361812;
sz002307:5.340,5.320,5.470,5.030,14386006;
sz002311:33.800,33.030,34.250,32.070,17466004;
sz002315:16.350,16.490,16.570,15.230,9617752;
sz002327:6.520,6.650,6.620,6.380,3622322;
sz002331:10.610,10.750,10.770,10.130,11804040;
sz002340:4.800,4.770,4.890,4.620,98672715;
sz002344:3.880,3.870,3.910,3.780,7819486;
sz002351:16.780,16.590,17.240,15.450,21614602;
sz002352:44.000,42.820,44.180,41.780,14937258;
sz002353:26.350,25.830,26.690,25.620,19087586;
sz002365:10.080,10.690,10.140,10.650,39076995;
sz002367:8.330,8.520,8.570,8.200,24277838;
sz002368:44.600,44.940,44.780,42.700,14033577;
sz002371:134.500,137.150,135.630,125.520,16189395;
sz002372:11.580,11.300,11.880,10.820,9924570;
sz002373:24.600,24.510,24.780,23.450,44364946;
sz002376:11.200,11.150,11.210,10.890,6298710;
sz002382:17.700,16.890,17.710,16.110,46366447;
sz002383:11.350,11.780,11.570,11.100,28153100;
sz002384:24.080,23.070,24.680,21.800,82100745;
sz002394:8.900,8.830,9.070,8.640,2780230;
sz002396:44.480,43.770,45.190,42.560,18963775;
sz002404:5.710,5.660,5.870,5.360,9470200;
sz002405:17.950,18.060,18.150,17.110,72502727;
sz002414:37.560,37.000,38.780,35.800,15753747;
sz002415:30.070,29.020,30.600,27.910,91818880;
sz002419:9.170,9.190,9.260,8.870,8281036;
sz002421:3.380,3.330,3.400,3.230,24684035;
sz002422:20.730,20.450,21.000,19.880,16253830;
sz002423:8.110,8.170,8.400,7.940,4199403;
sz002425:5.060,5.100,5.160,4.850,23390380;
sz002432:9.550,9.210,9.690,9.040,60128444;
sz002434:7.980,8.130,8.290,7.980,4240208;
sz002436:13.640,12.970,13.780,12.150,117231351;
sz002439:37.330,37.050,37.650,35.450,16754178;
sz002440:10.050,10.170,10.220,10.050,12175553;
sz002444:11.520,11.270,11.530,11.020,53383646;
sz002449:12.550,12.390,12.650,11.850,18623555;
sz002456:15.000,14.830,15.140,14.200,134772763;
sz002458:33.100,31.680,33.490,30.100,29333664;
sz002460:43.000,41.470,44.380,39.800,62332877;
sz002461:6.070,5.950,6.210,5.780,5736994;
sz002462:14.830,14.910,15.000,14.510,2904859;
sz002463:26.490,25.290,26.880,23.700,80395894;
sz002465:12.230,12.390,12.490,11.890,70163343;
sz002468:17.590,17.390,17.940,16.990,4724086;
sz002475:39.200,37.660,39.950,35.550,125480938;
sz002479:5.710,5.630,5.800,5.450,11093810;
sz002482:3.930,3.900,4.030,3.830,9014085;
sz002484:9.500,9.580,9.560,9.060,29698563;
sz002500:7.800,7.680,7.860,7.520,29822495;
sz002507:29.180,28.000,29.600,26.420,27921310;
sz002508:26.600,26.320,27.360,25.900,9281215;
sz002510:5.080,5.170,5.170,4.900,51233875;
sz002511:15.600,14.820,15.930,14.550,27818637;
sz002516:3.130,3.090,3.190,2.940,21917002;
sz002518:13.510,13.420,13.840,12.890,14545865;
sz002531:5.640,5.540,5.650,5.310,21796980;
sz002533:5.770,6.290,6.200,5.690,74718210;
sz002534:7.260,7.200,7.470,7.190,2916354;
sz002537:5.850,5.650,5.930,5.390,20056448;
sz002543:8.030,7.930,8.150,7.710,1814910;
sz002546:4.660,4.800,4.700,4.410,37957817;
sz002547:9.080,9.060,9.200,8.500,65388654;
sz002555:32.500,32.470,32.700,30.510,36463756;
sz002557:37.930,38.490,39.360,37.360,7729451;
sz002558:17.820,17.550,17.840,17.060,6209025;
sz002559:5.820,5.870,5.950,5.670,7592816;
sz002561:7.350,7.390,7.500,7.310,1212301;
sz002563:7.200,6.990,7.350,6.810,12165500;
sz002565:5.010,4.830,5.090,4.610,29400110;
sz002567:7.580,7.490,7.830,7.200,20646146;
sz002568:29.360,28.920,29.870,27.910,4026103;
sz002570:5.600,5.430,5.690,5.330,11681160;
sz002572:17.770,17.890,18.180,17.470,12025499;
sz002573:5.940,5.820,5.980,5.710,8893909;
sz002579:13.710,13.510,13.850,12.900,9744045;
sz002582:8.880,8.980,9.100,8.680,9956452;
sz002583:7.750,7.480,7.850,7.260,46192960;
sz002589:5.780,5.600,5.880,5.420,27947063;
sz002594:53.880,53.040,54.960,51.880,18006052;
sz002595:18.500,18.870,19.070,18.490,1720325;
sz002600:9.200,8.930,9.470,8.500,168775027;
sz002601:14.420,14.130,14.770,13.630,21022940;
sz002603:17.800,17.130,17.800,16.700,96498768;
sz002607:21.750,22.130,22.420,21.200,12488402;
sz002608:6.390,6.410,6.500,6.240,3195162;
sz002609:11.200,10.790,11.240,10.420,6778501;
sz002614:14.500,13.820,14.600,13.320,56889679;
sz002626:18.800,18.750,19.200,18.000,8810082;
sz002628:4.040,4.060,4.110,3.900,10840720;
sz002632:7.260,7.340,7.460,6.950,11858601;
sz002635:20.000,19.970,20.100,19.000,21020138;
sz002640:6.550,6.110,6.650,6.070,108458572;
sz002643:14.620,14.450,14.880,14.000,13475194;
sz002645:9.180,9.530,9.400,8.750,8478539;
sz002646:9.380,9.180,9.470,9.010,1870127;
sz002647:23.980,23.810,24.500,23.080,8634710;
sz002648:13.990,13.910,14.170,13.320,27446816;
sz002649:9.750,9.870,9.850,9.560,18316313;
sz002655:10.550,10.290,10.700,10.000,19317700;
sz002657:15.700,15.630,15.960,15.170,7635238;
sz002661:14.650,14.880,14.880,14.320,9324886;
sz002666:5.370,5.410,5.450,5.100,15529859;
sz002668:4.770,4.780,4.810,4.540,31188561;
sz002672:9.910,9.930,10.200,9.720,13139500;
sz002673:8.920,8.790,9.050,8.530,34193002;
sz002675:13.700,13.640,14.200,13.480,10517600;
sz002677:11.510,11.370,11.750,11.100,5507683;
sz002681:3.920,3.780,4.010,3.540,41421696;
sz002690:33.500,32.780,33.900,32.100,3290690;
sz002696:6.240,6.110,6.390,5.880,11494322;
sz002697:8.550,8.360,8.740,8.120,16413076;
sz002701:4.150,4.160,4.210,4.050,16095745;
sz002705:19.180,19.680,19.490,18.140,9076303;
sz002706:10.300,10.350,10.450,10.030,10045100;
sz002707:5.450,5.310,5.670,5.210,20041148;
sz002714:116.590,114.020,118.320,108.560,20627557;
sz002718:13.710,14.310,13.910,13.400,1364954;
sz002726:6.160,6.040,6.250,5.900,11211775;
sz002727:19.480,19.100,19.690,18.670,4467164;
sz002733:20.800,20.940,21.100,20.200,9886026;
sz002739:16.750,16.330,17.040,16.210,23514854;
sz002741:12.400,13.250,13.350,12.180,13511499;
sz002743:6.600,6.760,6.700,6.360,11646667;
sz002745:11.290,11.260,11.360,10.900,12328573;
sz002746:14.960,14.270,15.240,13.830,17986277;
sz002747:10.710,10.770,10.870,10.190,13608386;
sz002757:22.310,22.020,22.730,21.140,5244072;
sz002762:5.130,5.180,5.200,4.970,5024272;
sz002768:45.000,44.090,45.670,44.090,21934932;
sz002773:35.630,35.080,36.050,33.800,3874298;
sz002775:5.310,5.270,5.370,5.140,3297430;
sz002777:40.880,40.810,40.880,38.220,3412650;
sz002788:7.980,7.950,8.040,7.660,3802521;
sz002798:22.600,22.200,22.800,21.720,3991984;
sz002812:50.160,49.280,50.820,47.530,11909526;
sz002815:19.310,18.570,19.670,17.520,30658241;
sz002821:161.680,158.700,164.880,155.150,3921467;
sz002832:21.480,20.480,21.890,19.780,5406116;
sz002841:81.020,80.450,83.270,78.780,1556176;
sz002847:50.670,54.000,51.660,49.000,2389923;
sz002852:11.450,11.260,11.530,11.020,1310968;
sz002851:22.420,22.340,22.650,20.930,7356540;
sz002867:17.850,18.100,18.320,17.510,3812006;
sz002869:68.760,67.620,70.990,66.200,2582708;
sz002884:17.710,17.240,17.880,16.400,1729856;
sz002888:18.920,18.060,18.920,17.210,2097548;
sz002899:13.150,13.240,13.220,12.640,1791500;
sz002901:63.110,61.730,65.500,59.000,1300626;
sz002900:11.400,11.180,11.500,10.870,2114579;
sz002902:22.020,21.820,22.800,20.730,6257724;
sz002908:12.180,11.950,12.540,11.300,6356400;
sz002913:54.350,53.500,54.980,51.640,1960805;
sz002916:244.000,229.580,247.000,216.260,8146418;
sz002918:20.800,20.300,21.790,19.820,4432500;
sz001965:7.130,6.990,7.230,6.840,5513886;
sz002925:52.850,49.330,53.000,48.670,7003120;
sz002926:11.070,11.000,11.190,10.620,47779021;
sz002818:11.470,11.390,11.660,11.180,2123843;
sz002928:11.630,11.550,12.170,11.300,9888550;
sz002933:35.000,34.240,35.270,33.350,841700;
sz002938:35.320,35.360,38.000,32.850,16100870;
sz002946:10.280,10.310,10.640,10.030,2263932;
sz002947:47.200,45.320,47.200,44.310,2182375;
sz002950:42.000,39.750,42.000,39.010,13998041;
sz002959:76.220,76.450,77.300,71.600,2111696;
sz002966:9.330,9.120,9.470,8.840,25476203;
sz003816:3.000,2.980,3.030,2.920,63432012;
