sh600079:15.970,15.970,15.970,15.570,60827679;
sh600310:3.590,3.680,3.680,3.580,7771661;
sh603002:3.930,4.010,4.050,3.920,10281277;
sh603032:17.370,17.360,17.510,17.180,3771800;
sh600745:122.470,118.000,125.050,117.000,28648282;
sh600812:9.560,10.010,9.560,9.230,114263844;
sh600816:2.850,2.980,3.090,2.850,173268700;
sh601555:8.090,8.190,8.300,8.090,40365088;
sh600745:122.470,118.000,125.050,117.000,28648282;
sh600812:9.560,10.010,9.560,9.230,114263844;
sh600816:2.850,2.980,3.090,2.850,173268700;
sh601555:8.090,8.190,8.300,8.090,40365088;
sh601162:5.640,5.700,5.800,5.560,117490549;
sz000901:10.160,10.480,10.510,10.100,16040065;
sz002079:11.100,11.700,11.520,11.030,85731208;
sz000977:35.550,36.170,37.850,35.550,64551755;
sz002884:14.900,15.230,15.530,14.810,3392943;
