sh600048:16.040,15.830,16.150,15.720,99049990;
sh600053:27.910,27.830,28.800,27.550,5270394;
sh600061:14.230,14.100,14.480,14.010,30582016;
sh600063:4.460,4.680,4.600,4.290,159254830;
sh600071:10.620,10.530,10.620,10.250,4379280;
sh600076:3.940,3.940,3.980,3.920,9067306;
sh600077:2.920,2.900,2.960,2.880,7074482;
sh600078:5.660,5.170,5.660,5.040,56708044;
sh600079:14.150,14.250,14.560,14.120,16579135;
sh600081:12.380,12.200,12.600,12.170,7891518;
sh600082:3.590,3.570,3.660,3.550,5462532;
sh600090:4.520,4.460,4.520,4.440,17623487;
sh600101:6.180,6.200,6.250,6.160,3470461;
sh600111:9.720,9.670,9.780,9.610,29023908;
sh600113:6.520,6.590,6.630,6.480,5796359;
sh600115:4.760,4.730,4.780,4.710,34652617;
sh600120:10.000,10.020,10.240,10.000,25052760;
sh600146:15.200,14.860,15.960,14.500,20469014;
sh600151:4.750,4.840,4.780,4.660,27579630;
sh600156:5.400,5.290,5.580,5.240,49250951;
sh600160:8.900,8.490,9.070,8.290,117994960;
sh600161:34.400,34.800,35.580,34.400,6542633;
sh600162:2.280,2.170,2.280,2.160,63995103;
sh600169:2.100,2.050,2.100,2.050,21022625;
sh600175:1.660,1.750,1.750,1.660,169414111;
sh600197:14.020,13.880,14.140,13.870,4688209;
sh600199:5.370,5.410,5.490,5.350,7349118;
sh600200:8.900,8.410,8.900,8.300,73490604;
sh600203:7.680,7.660,7.860,7.130,31475683;
sh600206:15.130,15.030,15.490,14.690,55442972;
sh600207:4.800,4.730,4.840,4.690,9944700;
sh600208:3.460,3.370,3.470,3.360,119116826;
sh600213:8.440,8.450,8.630,8.250,8679519;
sh600218:11.020,10.750,11.050,10.520,15841993;
sh600221:1.950,1.890,1.960,1.870,243515512;
sh600223:8.070,7.980,8.190,7.930,33358378;
sh600226:2.920,2.860,2.930,2.850,53903238;
sh600227:2.690,2.660,2.700,2.650,8989686;
sh600235:5.010,4.950,5.190,4.930,21463199;
sh600236:4.460,4.490,4.500,4.440,3414752;
sh600242:7.870,8.050,8.020,7.700,17746502;
sh600246:5.400,5.380,5.490,5.320,6245961;
sh600262:15.960,16.010,16.090,15.810,974592;
sh600266:7.570,7.500,7.610,7.450,13982386;
sh600267:15.150,14.600,15.420,14.530,54117887;
sh600268:5.240,5.680,5.680,5.100,30491081;
sh600278:10.130,10.100,10.210,10.050,4073040;
sh600279:3.900,3.900,3.940,3.860,5359160;
sh600283:9.210,9.130,9.290,9.100,1910555;
sh600285:9.340,9.290,9.440,9.280,6997231;
sh600288:13.440,13.400,13.540,13.100,13196629;
sh600291:8.170,7.880,8.300,7.830,25523420;
sh600293:3.130,3.110,3.200,3.070,24797027;
sh600300:3.060,3.060,3.070,3.000,68672596;
sh600310:4.070,4.070,4.130,4.040,7552800;
sh600311:3.190,3.250,3.270,3.120,39370808;
sh600313:3.110,3.110,3.190,3.050,42046550;
sh600317:2.260,2.260,2.290,2.240,14957735;
sh600322:2.690,2.670,2.720,2.660,20330513;
sh600323:19.140,19.480,19.590,19.140,8793867;
sh600326:7.150,7.040,7.270,7.000,40778469;
sh600336:5.120,5.390,5.170,5.040,34826152;
sh600337:4.430,4.410,4.480,4.400,8802270;
sh600338:10.580,10.400,10.650,10.350,7727680;
sh600339:2.900,2.850,2.910,2.840,64589435;
sh600351:5.630,5.590,5.680,5.560,5523082;
sh600353:5.800,5.910,5.910,5.760,16048304;
sh600354:5.010,5.040,5.220,4.900,33380018;
sh600355:3.800,3.770,3.810,3.510,33887184;
sh600360:10.200,9.180,10.220,9.180,154070128;
sh600363:15.390,15.240,15.460,15.040,10842792;
sh600366:6.320,6.230,6.400,6.170,21404264;
sh600371:12.320,12.340,12.760,12.170,14992247;
sh600375:4.490,4.540,4.650,4.460,11909416;
sh600381:5.020,5.060,5.050,4.990,4363041;
sh600392:7.770,7.640,7.850,7.640,23204019;
sh600393:2.760,2.700,2.780,2.680,20692100;
sh600398:7.050,7.010,7.150,7.000,10313103;
sh600419:11.480,11.670,11.590,11.410,3342934;
sh600425:3.860,3.890,4.050,3.800,64002016;
sh600429:5.030,5.190,5.050,4.980,8729512;
sh600449:10.920,11.030,11.340,10.780,22595937;
sh600455:28.430,28.200,28.750,27.910,2793928;
sh600463:6.370,6.340,6.460,6.240,1988341;
sh600466:6.690,6.640,6.770,6.560,30447650;
sh600467:2.340,2.310,2.350,2.290,20587502;
sh600476:14.380,14.370,14.780,14.280,6485612;
sh600478:4.740,4.670,4.810,4.650,30515002;
sh600479:9.270,9.230,9.330,9.170,8022820;
sh600480:10.950,11.000,11.560,10.630,28032423;
sh600481:3.270,3.220,3.310,3.200,7413523;
sh600488:5.060,4.920,5.180,4.910,25967005;
sh600495:3.970,3.980,4.030,3.950,15598804;
sh600499:5.450,5.370,5.470,5.210,23246920;
sh600501:8.850,9.130,8.970,8.660,13741918;
sh600503:3.620,3.570,3.680,3.530,83798564;
sh600505:9.260,9.300,9.390,9.140,4111811;
sh600506:9.100,9.110,9.250,9.010,2350272;
sh600517:7.320,7.320,7.550,7.260,20014425;
sh600520:10.970,10.700,11.030,10.660,2172611;
sh600525:5.660,5.530,5.660,5.520,15469066;
sh600526:5.130,5.120,5.160,5.100,4075686;
sh600527:3.330,3.150,3.390,3.130,171890974;
sh600530:4.140,4.120,4.180,4.070,5692600;
sh600533:3.150,3.240,3.290,3.130,29696816;
sh600537:3.260,3.290,3.380,3.240,16675205;
sh600549:12.800,12.720,13.220,12.710,24273740;
sh600559:9.770,9.790,9.910,9.710,19246736;
sh600562:15.050,14.690,15.150,14.580,10538623;
sh600568:1.770,1.810,1.840,1.770,72840387;
sh600573:5.960,6.060,6.020,5.940,4314483;
sh600587:17.760,17.440,17.950,17.230,9672665;
sh600593:39.300,39.500,39.420,39.060,614900;
sh600596:9.580,9.450,9.600,9.380,11693464;
sh600601:4.100,3.760,4.100,3.750,141136718;
sh600602:9.250,9.130,9.350,8.950,22595173;
sh600603:5.240,5.190,5.290,5.170,5950808;
sh600604:8.040,7.820,8.120,7.800,25789514;
sh600613:7.960,7.790,8.050,7.780,8108140;
sh600623:6.080,6.010,6.130,5.980,11477419;
sh600624:10.260,10.330,10.430,10.140,25369545;
sh600626:6.560,6.500,6.630,6.450,14623641;
sh600628:8.720,9.260,9.390,8.660,5892013;
sh600630:9.000,8.720,9.000,8.580,22514671;
sh600638:5.870,5.840,5.940,5.800,2840021;
sh600639:12.900,12.820,13.050,12.770,2081718;
sh600640:23.930,23.570,24.300,22.700,18724414;
sh600641:25.480,24.120,25.740,23.560,29433212;
sh600644:5.170,5.150,5.190,5.120,2203800;
sh600645:17.780,18.300,17.820,17.530,12017932;
sh600647:12.680,12.830,12.940,12.680,1402476;
sh600649:5.430,5.390,5.470,5.350,9722263;
sh600651:4.150,4.100,4.150,3.990,19650090;
sh600661:20.670,21.660,20.950,19.800,11613667;
sh600662:4.110,4.110,4.170,4.080,6711620;
sh600668:14.910,15.020,15.480,14.850,21110273;
sh603179:23.480,24.360,23.900,23.000,2687348;
sh600671:12.210,12.060,12.240,11.990,2236101;
sh600677:5.080,5.070,5.170,5.050,20171559;
sh600678:7.640,7.840,8.300,7.610,67585120;
sh600682:9.420,9.770,9.530,9.310,25625542;
sh600683:4.000,3.960,4.020,3.920,3060689;
sh600684:3.260,3.270,3.310,3.250,7134223;
sh600689:8.670,8.620,8.760,8.600,2272808;
sh600693:4.900,4.880,4.930,4.870,2504932;
sh600695:9.010,9.090,9.450,9.000,40964574;
sh600697:15.730,15.610,15.730,15.550,1168106;
sh600706:7.600,7.650,7.760,7.560,2815594;
sh600708:3.080,3.040,3.100,3.030,19428637;
sh600711:5.160,5.000,5.210,4.980,90344928;
sh600712:6.690,6.630,6.750,6.510,29351356;
sh600716:4.040,4.000,4.100,3.980,5568882;
sh600719:4.130,4.200,4.190,4.130,2575952;
sh600724:3.300,3.610,3.610,3.280,23151028;
sh600730:5.190,5.360,5.210,4.960,33895316;
sh600734:5.550,5.430,5.650,5.320,17265859;
sh600736:5.590,5.540,5.640,5.530,13568379;
sh600737:8.590,8.660,8.740,8.550,14755243;
sh600744:2.320,2.370,2.340,2.280,17701654;
sh600746:7.560,7.450,7.570,7.400,5009567;
sh600748:5.690,5.340,5.720,5.310,39279967;
sh603893:52.970,52.970,52.970,52.970,1837420;
sh600755:6.780,6.740,6.850,6.710,12995751;
sh600756:22.250,22.270,22.500,21.680,18538012;
sh600764:30.800,29.830,30.990,29.690,6598832;
sh600770:5.640,5.590,5.720,5.530,21860925;
sh600771:14.950,15.000,15.040,14.840,6776433;
sh600773:6.330,6.250,6.760,6.230,33923237;
sh600777:2.000,1.990,2.020,1.970,105347059;
sh600783:15.100,14.960,15.590,14.800,16062835;
sh600784:4.600,4.600,4.670,4.580,3462208;
sh600785:14.020,14.160,14.130,14.010,512483;
sh600796:5.480,5.600,5.590,5.450,6048378;
sh600800:5.230,5.190,5.450,5.110,16373972;
sh600802:10.270,10.950,11.300,10.270,77352209;
sh600808:2.790,2.830,2.850,2.780,30919750;
sh600818:11.040,10.930,11.160,10.910,955751;
sh600819:5.260,5.190,5.300,5.130,10041330;
sh600821:4.100,4.240,4.460,4.090,7188207;
sh600822:9.650,9.510,9.740,9.510,3249543;
sh600824:3.160,3.160,3.190,3.140,5909025;
sh600825:5.110,5.040,5.130,5.010,6837696;
sh600828:4.100,4.090,4.140,4.060,4563502;
sh600829:8.390,8.170,8.470,8.100,11010291;
sh600830:5.250,5.260,5.410,5.240,6858854;
sh600831:10.100,9.820,10.230,9.470,59278770;
sh600833:10.300,10.280,10.390,10.220,2303802;
sh600834:6.400,6.400,6.460,6.380,1812302;
sh600836:4.440,4.580,4.490,4.400,25140898;
sh600838:5.520,5.570,5.590,5.490,4052707;
sh600841:6.490,6.530,6.560,6.470,1309701;
sh600843:7.760,7.740,7.850,7.710,1789957;
sh600846:9.370,9.490,9.490,9.250,25821768;
sh600851:8.310,8.110,8.390,8.080,5831052;
sh600853:3.200,3.270,3.300,3.160,22715939;
sh600854:3.620,3.950,3.620,3.560,28271785;
sh600855:12.100,12.000,12.170,11.680,7424308;
sh600857:9.460,9.600,9.630,9.460,1064794;
sh600860:4.930,4.840,4.950,4.730,4097583;
sh600861:10.170,10.210,10.300,10.080,5689110;
sh600862:13.770,14.000,14.090,13.360,48198150;
sh600864:7.700,7.730,7.940,7.600,56982529;
sh600865:6.060,6.080,6.140,6.050,1559655;
sh600866:5.990,5.680,6.050,5.660,43501297;
sh600867:12.240,12.110,12.260,12.080,28554406;
sh600868:3.420,3.370,3.420,3.310,40997372;
sh600869:4.290,4.350,4.400,4.250,47879004;
sh600871:2.210,2.170,2.230,2.160,32066258;
sh600874:6.980,7.120,7.060,6.960,12163915;
sh600876:15.570,15.760,16.090,15.470,11073094;
sh600879:7.690,7.780,7.840,7.580,122856770;
sh600880:3.830,3.810,3.870,3.790,11240116;
sh600882:17.170,17.030,17.180,16.920,4101248;
sh600885:37.490,36.290,37.590,36.170,7893239;
sh600888:5.510,5.200,5.700,5.080,74877579;
sh600889:4.730,4.800,4.770,4.650,5252320;
sh600894:7.180,7.110,7.210,7.080,6599962;
sh600898:7.410,7.290,7.510,7.230,3080018;
sh600917:6.600,6.620,6.730,6.570,2809690;
sh600959:4.010,3.900,4.030,3.880,42589130;
sh600962:7.240,7.260,7.320,7.220,2438582;
sh600965:7.640,7.600,7.680,7.540,3816188;
sh600966:7.140,6.870,7.150,6.830,19473670;
sh600973:4.360,4.530,4.540,4.360,39295254;
sh600976:17.410,17.350,17.600,17.160,2258084;
sh600980:13.070,13.080,13.250,12.920,1960300;
sh600981:3.380,3.410,3.430,3.360,7990400;
sh600982:2.780,2.810,2.800,2.770,4619420;
sh600983:4.540,4.500,4.540,4.470,1220700;
sh600986:4.420,4.310,4.490,4.260,82668072;
sh600988:8.750,9.270,8.980,8.420,186446369;
sh600990:49.400,47.760,49.430,47.100,3724660;
sh600992:6.240,6.330,6.350,6.240,2110208;
sh601002:5.910,5.900,6.050,5.820,17193193;
sh601008:3.560,3.530,3.620,3.530,12039100;
sh601016:2.350,2.340,2.390,2.320,22536033;
sh601069:15.310,15.660,15.650,15.210,22274713;
sh601100:54.000,57.110,58.680,53.900,6328403;
sh601106:2.800,2.790,2.830,2.770,34375844;
sh601118:4.530,4.470,4.550,4.460,21247722;
sh601126:5.390,5.620,5.570,5.390,6983665;
sh601168:6.410,6.340,6.440,6.300,20138459;
sh601199:3.850,3.800,3.870,3.770,16584074;
sh601222:5.380,5.400,5.420,5.300,26484756;
sh601226:3.950,3.970,4.070,3.930,4841574;
sh601233:14.980,14.280,15.060,14.240,61920240;
sh601311:10.170,10.020,10.220,10.000,16197041;
sh601339:3.730,3.710,3.740,3.670,4862663;
sh601388:1.820,1.830,1.900,1.800,50066514;
sh601515:6.360,6.350,6.430,6.330,3800419;
sh601567:8.400,8.350,8.580,8.240,8472877;
sh601608:3.930,3.840,3.990,3.800,49133365;
sh601616:3.160,3.090,3.240,3.080,13397822;
sh601677:11.500,11.770,11.880,11.390,10754309;
sh601689:22.220,21.620,22.290,21.180,31033864;
sh601700:5.860,6.380,6.280,5.860,89771653;
sh601727:4.710,4.690,4.750,4.680,18876627;
sh601789:4.110,4.110,4.270,4.000,47427232;
sh601799:93.790,97.490,97.490,93.790,1920161;
sh601818:3.860,3.880,3.910,3.860,86903430;
sh601866:2.210,2.200,2.250,2.190,38143040;
sh601958:6.910,6.820,6.950,6.780,18446262;
sh601968:4.710,4.690,4.710,4.660,2266400;
sh601996:2.670,2.680,2.680,2.640,10998072;
sh603002:4.810,4.770,4.810,4.630,16225950;
sh603003:8.030,8.540,8.290,7.800,15859911;
sh603006:12.350,12.300,12.800,12.000,8000026;
sh603009:7.960,8.050,8.160,7.960,18491052;
sh603010:16.020,15.710,16.350,15.660,19073936;
sh603015:6.030,6.020,6.070,5.950,2357600;
sh603017:10.010,9.950,10.170,9.840,2112826;
sh603018:10.600,10.570,10.910,10.300,19132365;
sh603020:8.020,8.140,8.150,7.960,4102800;
sh603021:6.870,7.050,6.950,6.830,5677784;
sh603022:16.800,16.290,16.960,16.120,3664412;
sh603023:5.600,5.140,5.610,5.140,43268953;
sh603025:8.900,8.800,8.990,8.730,3886434;
sh603085:7.290,7.160,7.300,7.100,4284200;
sh603088:8.960,8.880,9.020,8.870,1744452;
sh603099:8.860,8.820,9.140,8.800,6115221;
sh603108:10.840,10.700,10.920,10.580,9649761;
sh603111:6.250,6.510,6.550,6.210,31375063;
sh603116:6.260,6.370,6.350,6.230,5752311;
sh603117:3.720,3.750,3.790,3.680,7967660;
sh603123:7.570,7.830,7.750,7.510,10387538;
sh603126:4.470,4.520,4.540,4.430,8505674;
sh603158:27.100,25.720,27.100,25.530,5564613;
sh603168:9.780,9.170,9.780,9.130,15375222;
sh603222:52.680,52.390,52.680,52.060,382391;
sh603227:4.440,4.540,4.550,4.400,13131726;
sh603268:15.460,16.180,15.940,15.380,3548807;
sh603299:6.270,6.330,6.340,6.220,5190902;
sh603300:7.500,7.500,7.690,7.440,15012826;
sh603308:19.480,18.900,19.600,18.600,15016798;
sh603318:9.390,9.170,9.470,9.140,12659837;
sh603333:7.370,7.240,7.380,7.220,8764150;
sh603366:6.730,7.010,6.810,6.620,37315200;
sh603456:20.060,20.180,21.160,19.150,21455734;
sh603508:61.540,63.000,61.840,60.300,6057524;
sh603519:12.920,13.230,13.060,12.880,2060360;
sh603566:18.600,18.300,18.910,18.200,7209249;
sh603568:26.720,27.690,27.150,26.710,4931658;
sh603600:11.890,11.980,12.050,11.830,3429186;
sh603601:11.380,10.930,11.480,10.900,51208520;
sh603609:11.710,11.700,11.880,11.530,7639435;
sh603611:21.250,20.790,22.170,20.630,7925094;
sh603616:7.200,7.390,7.400,7.140,8209300;
sh603618:5.560,5.820,5.750,5.550,28131321;
sh603688:27.980,27.450,28.610,27.210,11314412;
sh603703:16.000,15.980,16.220,15.880,1329268;
sh603789:14.500,14.020,14.590,13.900,8245139;
sh603800:11.360,11.450,11.470,11.270,1727700;
sh603808:12.940,13.130,13.350,12.940,4542392;
sh603818:7.290,7.490,7.420,7.230,2734775;
sh603838:7.920,7.930,8.070,7.910,1252556;
sh603918:11.930,12.210,11.940,11.680,7856390;
sh603936:23.830,23.630,23.890,22.850,13270773;
sh603968:14.880,14.780,14.880,14.700,1490522;
sh603989:27.950,27.630,28.200,27.070,4389583;
sh603997:8.690,8.730,8.690,8.300,6194673;
sh603998:7.450,7.380,7.500,7.350,5378300;
sh603999:7.080,7.030,7.150,6.950,8084201;
sh600127:4.810,4.810,4.900,4.710,37579442;
sh603377:17.020,16.800,17.340,16.690,3580028;
sh601900:11.240,11.110,11.390,10.850,11270094;
sh603919:15.090,15.390,15.820,15.000,5989605;
sh603861:8.240,8.190,8.390,8.170,2851807;
sh603028:10.570,10.630,10.900,10.560,1739494;
sh603798:10.420,10.350,10.520,10.300,2239619;
sh603701:13.300,12.890,13.390,12.720,7719320;
sh603726:21.980,22.520,22.480,21.320,4157654;
sh603528:8.180,8.200,8.380,8.000,11565566;
sh603339:12.760,13.310,13.080,12.760,3748291;
sh603131:22.370,22.500,22.900,21.510,7788683;
sh603016:16.140,16.830,16.390,16.080,1766581;
sh603069:12.500,12.230,12.740,12.180,5352924;
sh600936:4.200,4.010,4.260,3.920,44742024;
sh601997:8.650,8.620,8.710,8.530,21089311;
sh601595:13.300,13.040,13.410,12.930,4170370;
sh603515:26.180,26.230,26.400,26.000,2938513;
sh603843:4.290,4.340,4.440,4.260,14620883;
sh601163:14.320,14.380,14.430,14.250,4405307;
sh603393:35.220,37.180,36.350,35.220,6920848;
sh603738:33.480,31.900,33.810,31.560,10627702;
sh601128:8.160,8.220,8.270,8.140,27405663;
sh603313:30.030,29.560,30.550,27.600,6738615;
sh600926:8.750,8.800,8.880,8.720,15666748;
sh603888:27.800,27.880,28.070,27.210,11778830;
sh603060:20.800,21.210,21.190,20.610,3721344;
sh603633:12.500,12.130,12.500,11.810,7884712;
sh603987:9.760,9.590,9.800,9.510,8810877;
sh603336:15.400,15.070,15.590,14.850,9688595;
sh603660:14.660,14.660,14.780,14.000,20279843;
sh603559:17.930,18.160,18.270,17.730,6570160;
sh603033:22.250,22.190,22.490,21.770,1997198;
sh603389:5.030,4.960,5.040,4.930,2240810;
sh603058:6.860,6.860,6.990,6.830,2209054;
sh603886:16.250,16.570,16.440,16.240,4364473;
sh603239:11.470,11.160,11.570,11.080,1972340;
sh601375:5.720,5.640,5.860,5.640,51621750;
sh603035:15.130,16.190,16.140,15.120,25073100;
sh603032:20.590,20.270,21.170,20.170,4714363;
sh603877:15.330,15.950,15.330,15.200,2344278;
sh603689:10.540,10.560,10.630,10.510,2141437;
sh603579:28.700,28.760,29.070,28.330,809732;
sh603639:25.490,25.700,25.750,25.110,2380500;
sh601858:11.640,11.860,11.780,11.430,6939518;
sh603638:31.450,32.860,31.970,31.240,2031727;
sh603429:43.920,43.550,44.430,42.550,3363595;
sh603966:10.310,10.310,10.440,10.200,3156482;
sh603089:13.450,13.270,13.600,13.150,1453697;
sh603360:32.100,31.960,32.290,31.630,2162348;
sh603677:11.690,11.790,11.890,11.690,745924;
sh603637:14.660,14.370,14.670,14.310,868744;
sh601212:3.340,3.310,3.380,3.290,34208260;
sh603603:7.930,7.990,8.030,7.850,5922113;
sh603817:6.160,6.230,6.210,6.110,3521359;
sh603717:8.080,8.140,8.150,8.000,3993630;
sh603656:14.500,14.310,14.550,14.120,814412;
sh603133:26.730,25.990,27.270,25.200,12607291;
sh603811:26.450,26.050,26.670,26.010,1714490;
sh603955:16.190,15.900,16.190,15.570,1514220;
sh603908:23.560,24.300,23.950,23.560,697447;
sh603991:16.460,16.540,16.530,16.200,826800;
sh603578:21.980,22.260,22.650,21.970,2036494;
sh601366:5.430,5.430,5.460,5.380,4749000;
sh603787:15.900,15.340,15.920,15.210,6763773;
sh603320:16.360,16.250,17.300,16.210,1341685;
sh603906:10.090,10.010,10.190,10.010,3100540;
sh603586:17.830,17.830,18.080,17.620,1496459;
sh603538:23.900,23.970,24.180,23.570,2638577;
sh603385:10.160,10.270,10.330,10.120,4388540;
sh603178:10.220,10.110,10.470,10.090,4619817;
sh603238:25.000,23.810,25.200,23.580,3763152;
sh603229:24.300,24.020,24.950,23.410,1920924;
sh603728:15.300,14.000,15.680,13.730,20095395;
sh603896:29.610,29.310,29.760,29.100,989261;
sh603488:8.470,8.370,8.540,8.290,2658785;
sh603197:41.010,38.810,41.480,38.230,8563831;
sh603580:11.600,11.550,11.610,11.400,922948;
sh603200:34.740,39.150,37.980,33.180,10370865;
sh603042:16.300,16.400,16.560,15.880,6175839;
sh603536:15.360,16.470,16.280,15.000,19268570;
sh603326:17.400,17.880,17.580,17.340,3385820;
sh603316:8.320,8.380,8.460,8.200,1437725;
sh603335:4.490,4.530,4.560,4.450,6721889;
sh603380:17.440,17.390,17.460,17.100,2555327;
sh603286:17.080,17.160,17.500,16.950,3126866;
sh603938:32.380,31.080,32.590,30.540,3768388;
sh603331:15.910,15.930,16.040,15.790,438175;
sh603933:15.400,14.920,15.490,14.880,3951441;
sh603595:37.370,41.690,39.800,35.500,8684887;
sh603612:12.820,12.700,12.880,12.410,3967084;
sh603676:10.390,10.310,10.510,10.290,1778200;
sh603063:8.980,9.790,9.280,8.900,10105736;
sh603233:53.190,54.170,54.060,52.600,3046763;
sh603357:9.910,9.810,10.080,9.770,6678390;
sh603860:26.410,26.380,26.850,26.150,377200;
sh603880:16.570,15.900,17.000,15.650,15313570;
sh603776:20.740,21.210,20.980,20.510,5918815;
sh603976:18.160,17.700,18.350,17.500,3900768;
sh603079:59.400,58.100,60.970,55.180,4311937;
sh603725:6.600,6.620,6.640,6.530,1573948;
sh603813:18.200,18.300,18.560,18.150,1165001;
sh603136:25.580,24.860,25.580,24.720,3232357;
sh603378:27.020,30.120,27.900,27.020,2984923;
sh603367:17.310,17.190,17.460,17.120,5127302;
sh603103:15.440,15.680,15.680,15.240,4680704;
sh603110:16.670,16.830,17.100,16.420,4918990;
sh603499:16.830,16.050,17.000,16.010,7937841;
sh603829:9.770,9.790,9.870,9.730,661740;
sh603722:43.020,39.300,43.800,38.700,5331408;
sh603659:95.000,90.450,96.850,89.210,8412753;
sh603076:21.680,21.970,21.860,21.580,329240;
sh603661:38.290,38.480,38.910,38.290,781600;
sh601019:6.550,6.700,6.650,6.540,10156702;
sh603890:11.840,11.810,12.030,11.700,7896385;
sh603477:11.790,12.120,12.120,11.770,8788349;
sh603895:20.150,20.350,20.540,20.100,1018520;
sh603516:49.890,49.300,50.550,47.370,3938285;
sh603871:29.810,29.410,30.150,29.350,1072223;
sh603709:22.880,23.030,23.390,22.880,468300;
sh603712:27.500,27.980,28.250,27.290,10775443;
sh603059:24.650,24.630,24.740,24.400,995400;
sh600929:6.200,6.130,6.250,6.110,5694682;
sh603897:18.190,17.810,18.200,17.680,1471383;
sh603301:39.320,37.530,40.280,37.130,17170515;
sh603773:38.100,37.860,38.760,36.910,3070392;
sh603666:106.000,103.160,106.980,102.040,902996;
sh601990:14.350,14.590,15.100,14.230,225290063;
sh603713:49.460,51.120,50.850,48.630,3988105;
sh601606:10.540,10.200,10.570,10.200,10901124;
sh603590:37.440,37.270,37.550,37.020,1786690;
sh603192:25.680,25.460,25.880,25.450,873193;
sh601068:4.830,4.710,4.920,4.700,35981892;
sh603297:40.800,39.620,41.000,39.000,2117565;
sh603790:13.930,13.920,14.080,13.830,2264552;
