sh600048:14.770,15.170,15.030,14.540,91658679;
sh600053:24.700,24.600,24.700,24.110,3951299;
sh600061:12.760,12.680,12.880,12.580,20636170;
sh600063:3.950,3.960,4.010,3.910,23364303;
sh600071:8.930,8.970,9.070,8.910,2161049;
sh600076:3.840,3.860,3.870,3.810,10867534;
sh600077:2.810,2.870,2.860,2.810,8770000;
sh600078:5.320,5.240,5.330,5.150,46586383;
sh600081:10.870,11.050,11.120,10.690,5408825;
sh600082:3.540,3.560,3.570,3.500,8965365;
sh600090:4.130,4.140,4.150,4.080,15832011;
sh600101:6.110,6.090,6.150,6.040,1820630;
sh600111:8.800,8.800,8.850,8.730,25830491;
sh600113:6.220,6.220,6.250,6.140,5057739;
sh600115:4.230,4.300,4.350,4.200,77119302;
sh600120:9.030,8.920,9.060,8.850,12811184;
sh600146:10.780,11.180,11.030,10.540,14535481;
sh600151:4.420,4.400,4.450,4.360,6202115;
sh600156:4.500,4.660,4.550,4.470,16242667;
sh600160:7.360,7.300,7.440,7.200,53599043;
sh600161:34.600,36.010,35.000,34.170,14102281;
sh600162:2.070,2.110,2.090,2.060,19373491;
sh600169:2.080,2.120,2.080,2.040,32563680;
sh600175:1.330,1.340,1.340,1.310,38845022;
sh600197:12.930,12.990,13.000,12.750,6814809;
sh600199:5.180,5.180,5.220,5.110,7924903;
sh600200:7.060,7.130,7.100,6.930,31704278;
sh600203:10.470,10.270,10.640,10.100,49818837;
sh600206:13.230,13.090,13.450,12.950,40768621;
sh600207:4.350,4.350,4.390,4.320,5292700;
sh600208:3.100,3.180,3.180,3.070,123716006;
sh600213:7.440,7.560,7.780,7.400,7153082;
sh600218:8.840,8.730,8.840,8.640,6933254;
sh600221:1.660,1.660,1.670,1.640,100624156;
sh600223:6.760,7.250,6.890,6.700,39082618;
sh600226:2.350,2.330,2.360,2.300,46487614;
sh600227:2.810,2.880,2.840,2.810,11116398;
sh600235:4.550,4.550,4.550,4.500,6359413;
sh600236:4.580,4.540,4.590,4.520,2380354;
sh600242:9.390,8.640,9.500,8.620,93414047;
sh600246:5.790,6.150,5.790,5.650,42632901;
sh600262:15.120,14.950,15.150,14.710,781700;
sh600266:6.990,7.040,7.020,6.950,10561832;
sh600267:14.420,14.810,14.950,14.020,83583961;
sh600268:6.530,6.310,6.580,6.270,33792542;
sh600279:3.780,3.810,3.800,3.750,4378910;
sh600283:8.880,8.930,8.940,8.800,1246712;
sh600285:8.420,8.630,8.450,8.330,10798974;
sh600288:11.610,11.440,11.620,11.390,3427194;
sh600291:7.370,7.390,7.430,7.320,12508878;
sh600293:2.880,2.870,2.900,2.840,18766314;
sh600300:2.960,3.080,2.980,2.920,46504549;
sh600310:3.820,3.800,3.840,3.750,7073829;
sh600311:3.090,2.950,3.130,2.940,41438952;
sh600313:3.310,3.420,3.390,3.260,103406578;
sh600317:2.200,2.220,2.220,2.190,12972200;
sh600322:2.580,2.660,2.590,2.560,35205655;
sh600323:20.700,21.200,21.090,20.650,9550857;
sh600326:6.830,6.730,6.850,6.650,18229037;
sh600336:4.950,5.000,4.970,4.870,17179715;
sh600337:4.270,4.300,4.420,4.230,24942919;
sh600338:8.070,8.180,8.180,8.050,9965900;
sh600339:2.720,2.690,2.720,2.670,19411651;
sh600351:5.120,5.130,5.130,5.040,9534646;
sh600353:6.100,5.940,6.140,5.910,22510171;
sh600354:3.410,3.410,3.410,3.410,1188900;
sh600355:3.360,3.380,3.450,3.340,31695904;
sh600360:8.490,8.370,8.680,8.310,88615981;
sh600363:13.280,13.650,13.460,13.150,13182444;
sh600366:5.250,5.360,5.300,5.220,19292031;
sh600371:11.330,11.730,11.520,11.200,14579455;
sh600375:4.370,4.360,4.490,4.300,8738486;
sh600381:4.710,4.760,4.780,4.680,3466816;
sh600392:6.500,6.520,6.540,6.440,16019482;
sh600393:2.610,2.640,2.630,2.580,17567500;
sh600398:6.200,6.260,6.240,6.170,12365966;
sh600419:11.820,11.920,11.920,11.600,8854184;
sh600425:3.970,3.990,3.980,3.890,40173326;
sh600429:5.170,5.170,5.170,5.070,5907768;
sh600449:11.940,11.750,12.010,11.560,23744640;
sh600455:24.430,24.560,24.590,24.300,2031800;
sh600463:6.100,6.250,6.230,6.100,2253773;
sh600466:6.060,6.200,6.090,5.970,21989423;
sh600467:2.240,2.430,2.250,2.230,45538496;
sh600476:13.200,13.070,13.300,13.000,2316177;
sh600478:3.970,4.000,4.010,3.930,13721331;
sh600479:8.650,8.680,8.680,8.560,5433735;
sh600480:9.300,9.310,9.550,9.200,7886780;
sh600481:3.050,3.040,3.070,3.010,4005996;
sh600488:4.520,4.580,4.580,4.490,8024912;
sh600495:4.650,4.880,4.690,4.520,114065280;
sh600499:4.470,4.450,4.480,4.380,8174810;
sh600501:8.320,8.270,8.350,8.200,5434832;
sh600503:3.130,3.150,3.130,3.090,24720577;
sh600505:9.550,9.540,9.640,9.460,2373425;
sh600506:8.450,8.590,8.540,8.360,5594730;
sh600517:6.720,6.780,6.890,6.720,17530823;
sh600520:9.510,9.380,9.620,9.300,4177437;
sh600525:5.580,5.450,5.580,5.390,13831222;
sh600526:5.550,5.490,5.620,5.490,4590282;
sh600527:2.400,2.490,2.420,2.380,46815740;
sh600530:3.480,3.570,3.520,3.480,6657659;
sh600533:3.180,3.290,3.210,3.150,39709053;
sh600537:3.280,3.250,3.310,3.210,9641845;
sh600549:11.360,11.370,11.420,11.210,6519700;
sh600559:8.630,8.770,8.690,8.560,15947500;
sh600562:14.140,14.100,14.340,13.990,6169934;
sh600568:1.620,1.640,1.640,1.610,37187412;
sh600573:6.090,6.060,6.090,5.980,4820210;
sh600587:16.280,16.800,16.480,16.100,11512774;
sh600593:38.740,38.720,38.960,38.490,859667;
sh600596:8.570,8.540,8.600,8.460,8889142;
sh600601:3.400,3.360,3.430,3.340,21550726;
sh600602:7.630,7.560,7.680,7.500,10563602;
sh600603:6.060,5.960,6.100,5.930,14865009;
sh600604:7.320,7.370,7.350,7.220,20281065;
sh600613:7.050,7.120,7.090,6.950,5418968;
sh600623:5.530,5.510,5.560,5.460,9475950;
sh600624:8.550,8.760,8.600,8.480,23668189;
sh600626:5.720,5.740,5.760,5.670,8664616;
sh600628:10.750,11.100,10.890,10.520,7201908;
sh600630:7.370,7.480,7.420,7.300,11527709;
sh600638:5.250,5.350,5.310,5.250,3144100;
sh600639:11.940,12.190,11.990,11.760,2602353;
sh600640:17.400,18.520,17.740,17.090,19412872;
sh600641:21.110,20.760,21.280,20.220,18323758;
sh600644:5.040,5.030,5.060,4.980,1956484;
sh600645:18.600,18.800,18.680,18.260,9409465;
sh600647:13.050,13.150,13.290,12.970,2161882;
sh600649:5.360,5.370,5.400,5.260,10067683;
sh600651:3.870,3.880,3.950,3.780,37398324;
sh600661:15.990,16.260,16.090,15.880,2532370;
sh600662:3.910,3.940,3.960,3.900,6287677;
sh600668:14.410,14.280,14.480,14.170,8631838;
sh603179:19.150,20.590,19.320,18.800,2936256;
sh600671:10.890,10.990,10.950,10.810,1435310;
sh600677:4.540,4.570,4.590,4.460,18912444;
sh600678:8.010,7.900,8.080,7.760,28798594;
sh600682:8.670,8.760,8.750,8.630,11417066;
sh600683:3.800,4.020,3.850,3.780,26604447;
sh600684:3.130,3.160,3.150,3.110,5279900;
sh600689:8.300,8.350,8.440,8.230,1749413;
sh600693:5.030,4.930,5.030,4.860,9196714;
sh600695:7.600,8.180,7.640,7.430,24150762;
sh600697:15.010,15.110,15.110,14.950,1511425;
sh600706:7.760,7.720,7.850,7.610,3988556;
sh600708:3.050,3.090,3.060,3.010,26736355;
sh600711:4.250,4.230,4.280,4.200,25076700;
sh600712:5.640,5.750,5.800,5.550,37411714;
sh600716:3.820,3.930,3.950,3.820,6295400;
sh600719:3.940,3.970,3.960,3.920,2483222;
sh600724:3.890,3.890,3.910,3.800,14098515;
sh600730:4.500,4.490,4.500,4.440,4982600;
sh600734:4.510,4.610,4.560,4.460,11668366;
sh600736:5.280,5.330,5.310,5.230,17112820;
sh600737:8.000,8.010,8.020,7.880,16679823;
sh600744:2.280,2.280,2.280,2.240,4258422;
sh600746:6.240,6.310,6.300,6.230,3487101;
sh600748:5.100,5.260,5.180,5.070,30680167;
sh603893:59.210,58.520,61.100,58.220,7192067;
sh600755:6.470,6.450,6.520,6.410,13360447;
sh600756:19.220,19.290,19.420,19.150,6021190;
sh600764:28.250,27.850,28.480,27.720,1842766;
sh600770:4.930,4.850,4.950,4.800,12244409;
sh600771:14.120,14.150,14.200,13.900,5046582;
sh600773:5.570,5.620,5.680,5.540,7976500;
sh600777:1.830,1.820,1.830,1.800,67011857;
sh600783:13.600,13.550,13.680,13.320,8366757;
sh600784:4.370,4.400,4.400,4.330,1900865;
sh600785:14.010,14.500,14.220,13.920,945761;
sh600796:5.770,5.840,5.850,5.700,5863100;
sh600800:5.400,5.430,5.560,5.370,26891879;
sh600802:11.900,11.730,11.900,11.510,26224884;
sh600808:2.640,2.620,2.650,2.580,32560028;
sh600818:9.880,10.000,9.890,9.740,1287928;
sh600819:4.650,4.710,4.680,4.630,3680715;
sh600821:4.140,4.140,4.140,4.090,3184940;
sh600822:8.500,8.580,8.550,8.370,4744634;
sh600824:3.080,3.360,3.360,3.080,24519900;
sh600825:4.730,4.730,4.740,4.650,4077132;
sh600828:4.010,4.190,4.090,3.970,18218774;
sh600829:7.330,7.410,7.370,7.220,5653601;
sh600830:5.580,5.650,5.670,5.520,28239007;
sh600831:8.650,8.640,8.740,8.580,16787555;
sh600833:9.310,9.390,9.380,9.260,1739021;
sh600834:6.370,6.410,6.390,6.320,1747301;
sh600836:5.530,5.380,5.810,5.340,28293917;
sh600838:5.590,5.960,5.880,5.550,21991943;
sh600841:6.630,6.650,6.750,6.600,1392700;
sh600843:6.660,6.760,6.740,6.600,5271500;
sh600846:8.530,8.550,8.580,8.420,11423187;
sh600851:7.900,7.820,7.900,7.750,3933943;
sh600853:3.750,3.790,3.790,3.650,32722730;
sh600854:3.570,3.640,3.590,3.530,3778980;
sh600855:12.720,13.600,13.600,12.500,12106881;
sh600857:10.000,10.330,10.090,10.040,2732351;
sh600860:4.110,4.090,4.160,4.050,4166190;
sh600861:9.450,9.540,9.610,9.360,1574911;
sh600862:13.630,13.290,13.630,13.060,25884303;
sh600864:6.870,6.810,6.890,6.760,26842565;
sh600865:5.880,6.300,5.890,5.820,9873812;
sh600866:5.320,5.290,5.350,5.160,36556681;
sh600867:10.570,10.760,10.600,10.440,36231674;
sh600868:3.300,3.330,3.310,3.260,38289668;
sh600869:4.800,4.700,4.810,4.670,51950901;
sh600871:2.080,2.070,2.100,2.060,39322337;
sh600874:7.450,7.300,7.480,7.230,24029427;
sh600876:13.750,13.750,13.830,13.590,4036756;
sh600879:6.660,6.630,6.730,6.570,46903380;
sh600880:3.670,3.970,3.690,3.620,19173475;
sh600882:21.910,22.370,22.690,21.310,14833874;
sh600885:27.600,28.120,28.400,27.600,12148120;
sh600888:4.530,4.510,4.560,4.460,11782270;
sh600889:4.910,5.060,4.950,4.810,6627605;
sh600894:6.680,6.640,6.730,6.580,4717400;
sh600898:6.270,6.230,6.270,6.130,2083271;
sh600917:6.530,6.480,6.550,6.430,2974309;
sh600959:3.810,3.780,3.830,3.750,13874269;
sh600962:7.370,7.390,7.390,7.290,3975200;
sh600965:8.150,8.190,8.200,7.950,15728366;
sh600966:8.110,7.900,8.170,7.500,31893852;
sh600973:4.520,4.450,4.630,4.410,41420859;
sh600976:15.710,15.880,15.760,15.560,1303900;
sh600980:11.820,11.930,12.020,11.820,1518950;
sh600981:3.320,3.350,3.320,3.270,10770432;
sh600982:2.750,2.770,2.770,2.730,4425500;
sh600983:4.230,4.300,4.240,4.150,2026435;
sh600986:3.810,3.800,3.830,3.750,24252993;
sh600988:8.600,8.480,8.780,8.240,203709953;
sh600990:37.770,37.810,37.940,37.290,1296266;
sh600992:6.340,6.330,6.360,6.260,1349201;
sh601002:5.640,5.850,5.670,5.530,22321077;
sh601008:3.490,3.550,3.520,3.450,13043836;
sh601016:2.280,2.280,2.290,2.260,19279961;
sh601069:15.280,14.580,15.300,14.560,26088436;
sh601100:59.570,58.500,62.260,57.070,6277990;
sh601106:2.670,2.690,2.680,2.650,22171310;
sh601118:5.000,5.040,5.050,4.870,61551787;
sh601126:6.600,6.440,6.630,6.210,17321637;
sh601168:5.850,5.750,5.880,5.740,17695636;
sh601199:3.710,3.710,3.760,3.690,12949500;
sh601222:5.540,5.500,5.600,5.480,23368940;
sh601226:3.960,3.970,4.100,3.940,3792192;
sh601233:12.530,12.450,12.560,12.400,18238814;
sh601311:9.050,9.010,9.080,8.900,9665448;
sh601339:3.960,3.990,3.970,3.870,16917424;
sh601388:1.750,1.730,1.750,1.710,20979600;
sh601515:6.400,6.300,6.400,6.250,5193126;
sh601567:7.710,7.690,7.760,7.600,5645955;
sh601608:3.460,3.460,3.490,3.430,17847662;
sh601616:3.070,3.140,3.140,3.030,40784299;
sh601677:10.260,10.240,10.300,10.170,5944660;
sh601689:16.850,17.060,17.570,16.740,37159041;
sh601700:6.910,6.700,6.940,6.650,56057577;
sh601727:4.740,4.710,4.760,4.680,21463604;
sh601789:4.660,4.790,4.830,4.580,98313052;
sh601799:83.600,85.320,85.290,82.210,2720987;
sh601818:3.610,3.640,3.630,3.590,110519429;
sh601866:2.010,2.020,2.020,1.990,47897176;
sh601958:6.210,6.200,6.240,6.120,13082614;
sh601968:4.490,4.530,4.540,4.490,2556420;
sh601996:2.720,2.740,2.740,2.700,16569385;
sh603002:4.470,4.530,4.560,4.430,31924792;
sh603003:8.330,7.930,8.350,7.850,24244069;
sh603006:10.190,10.440,10.390,10.150,2247500;
sh603009:6.870,7.390,7.100,6.820,19964659;
sh603010:13.580,13.500,13.630,13.150,8037360;
sh603015:6.780,6.860,6.920,6.680,6784670;
sh603017:10.850,10.690,10.960,10.470,5353700;
sh603018:11.630,11.430,11.670,11.150,7945911;
sh603020:8.580,8.590,8.580,8.310,16020271;
sh603021:6.010,6.020,6.110,5.920,2364980;
sh603022:16.010,15.990,16.130,15.570,1988450;
sh603023:5.190,5.180,5.250,5.090,18141707;
sh603025:8.160,8.020,8.180,7.860,9696655;
sh603085:6.400,6.480,6.450,6.310,3786180;
sh603088:9.520,10.180,9.590,9.380,8226826;
sh603099:8.210,8.270,8.290,8.170,1775901;
sh603108:9.960,10.130,10.060,10.040,6399852;
sh603111:6.390,6.460,6.460,6.260,29095068;
sh603116:7.410,8.010,7.450,7.260,15486033;
sh603117:3.630,3.650,3.650,3.590,6646160;
sh603123:9.150,9.020,9.290,8.950,4438664;
sh603126:4.950,4.890,4.980,4.790,16765173;
sh603158:19.710,19.450,20.340,19.260,5743434;
sh603168:8.170,8.240,8.180,8.070,2882539;
sh603222:52.850,53.880,53.110,51.560,1767146;
sh603227:4.230,4.200,4.250,4.180,5545500;
sh603268:14.500,14.410,14.540,14.260,915140;
sh603299:5.830,5.910,5.830,5.760,5969813;
sh603300:7.350,7.320,7.390,7.250,11666940;
sh603308:14.620,14.500,14.720,14.100,9404519;
sh603318:7.610,7.640,7.640,7.480,9844873;
sh603333:7.770,7.600,7.810,7.450,15800450;
sh603366:5.680,5.650,5.740,5.570,12944282;
sh603456:19.960,20.290,20.370,19.750,7772084;
sh603508:57.400,56.760,57.660,56.060,2455047;
sh603519:13.330,13.450,13.450,13.050,4597608;
sh603566:17.900,17.990,18.090,17.310,5385300;
sh603568:28.820,28.710,28.900,28.410,3313572;
sh603600:13.680,14.180,14.020,13.470,18739418;
sh603601:10.690,11.180,10.700,10.400,71062402;
sh603609:11.300,11.400,11.380,11.160,7858541;
sh603611:17.450,17.640,17.700,17.250,3246953;
sh603616:7.570,7.640,7.640,7.430,8266700;
sh603618:6.800,6.680,6.800,6.590,28289648;
sh603688:23.100,22.960,23.490,22.810,6501815;
sh603703:18.240,18.060,18.300,17.850,3410818;
sh603789:13.010,13.160,13.120,12.970,2718030;
sh603800:11.700,11.630,11.740,11.370,3161200;
sh603808:11.420,11.400,11.460,11.250,3099325;
sh603818:6.890,6.900,6.950,6.830,1089301;
sh603838:7.580,7.620,7.640,7.540,1436152;
sh603918:10.940,10.940,11.060,10.800,2534900;
sh603936:18.500,18.450,18.710,18.230,6261685;
sh603968:13.150,13.090,13.240,13.000,1744400;
sh603989:23.670,23.770,24.170,23.470,2028730;
sh603997:6.860,6.800,6.860,6.690,3285300;
sh603998:6.870,6.960,6.920,6.780,8770839;
sh603999:6.020,6.000,6.060,5.940,5591421;
sh600127:5.000,5.570,5.230,4.900,136245864;
sh603377:14.910,14.730,15.270,14.720,5503354;
sh601900:9.880,10.140,10.180,10.060,10483943;
sh603919:12.700,12.760,12.790,12.550,3532321;
sh603861:9.010,9.190,9.150,8.900,6784730;
sh603028:11.650,11.720,12.030,11.600,5356879;
sh603798:10.230,10.470,10.340,10.000,5519725;
sh603701:11.190,11.260,11.300,11.140,2875832;
sh603726:23.750,24.630,24.490,22.670,4394360;
sh603528:7.850,7.690,7.870,7.580,7264305;
sh603339:12.300,12.330,12.380,12.250,1025152;
sh603131:16.490,16.330,16.700,16.120,3605500;
sh603016:19.990,20.330,20.200,19.770,2351566;
sh603069:11.850,11.740,12.000,11.560,4701430;
sh600936:3.800,3.820,3.860,3.780,5354600;
sh601997:7.810,7.810,7.850,7.730,21108470;
sh601595:12.680,12.790,12.930,12.540,4125956;
sh603515:24.500,24.580,24.700,24.300,1845072;
sh603843:4.820,4.690,4.820,4.650,20740439;
sh601163:13.130,13.120,13.180,13.010,2704600;
sh603393:37.000,35.700,37.000,35.460,5063889;
sh603738:26.680,26.600,28.060,26.150,18009341;
sh601128:6.840,7.060,6.860,6.750,47005885;
sh603313:18.780,19.150,19.800,18.660,7465526;
sh600926:7.770,7.720,7.770,7.650,32387887;
sh603888:23.590,23.600,24.060,23.290,11321799;
sh603060:18.960,19.180,19.390,18.960,1015528;
sh603633:12.420,12.060,12.450,11.980,6481503;
sh603987:11.050,11.440,11.260,10.920,11268906;
sh603336:16.320,17.210,16.370,15.900,26331903;
sh603660:11.610,11.750,11.870,11.460,7973641;
sh603559:25.970,25.520,26.250,25.330,29452184;
sh603033:25.620,25.850,25.620,24.300,5441157;
sh603389:4.500,4.530,4.500,4.430,2788580;
sh603058:6.720,6.750,6.760,6.660,1578980;
sh603886:15.940,16.500,15.940,15.540,6874379;
sh603239:12.150,12.510,12.870,12.150,3385678;
sh601375:5.100,5.110,5.150,5.050,39739560;
sh603035:12.250,12.620,12.600,12.140,11893504;
sh603032:17.250,17.220,17.340,17.030,1957300;
sh603877:15.020,15.100,15.100,14.750,1026087;
sh603689:10.630,10.570,10.670,10.520,2625500;
sh603579:26.330,26.590,26.540,26.120,754663;
sh603639:26.380,26.540,26.430,26.030,2182589;
sh601858:10.180,10.010,10.190,9.930,2966041;
sh603638:29.380,30.100,30.300,29.380,1649820;
sh603429:32.460,33.400,32.520,31.910,3645300;
sh603966:9.620,9.750,9.720,9.570,2204180;
sh603089:11.800,11.970,12.180,11.550,1433255;
sh603360:25.170,25.250,25.400,24.870,2687726;
sh603677:10.700,10.800,10.810,10.640,729068;
sh603637:13.640,13.570,13.700,13.420,1147614;
sh601212:3.000,3.000,3.080,2.980,40657781;
sh603603:6.960,7.090,7.020,6.920,3543658;
sh603817:5.860,5.860,5.930,5.820,2912247;
sh603717:7.780,7.790,7.780,7.710,2739520;
sh603656:14.220,14.210,14.350,14.000,1121520;
sh603133:18.850,19.200,18.980,18.650,4937319;
sh603811:23.600,24.060,23.750,23.450,1869156;
sh603955:17.300,16.970,17.480,16.740,2477856;
sh603908:24.860,23.900,24.860,23.700,2172138;
sh603991:19.530,19.890,20.080,19.080,3246951;
sh603578:21.080,20.960,21.240,20.810,773363;
sh601366:7.120,6.680,7.120,6.660,21977150;
sh603787:11.900,11.890,12.070,11.810,3505500;
sh603320:15.540,15.520,15.660,15.310,1461600;
sh603906:9.330,9.330,9.350,9.220,1977948;
sh603586:17.340,17.200,17.400,17.020,1692605;
sh603538:28.260,29.620,29.350,28.260,8383715;
sh603385:10.360,10.370,10.400,10.220,4476050;
sh603178:8.180,8.290,8.290,8.160,2840200;
sh603238:23.000,24.310,23.560,23.000,2540740;
sh603229:26.000,26.500,27.450,25.390,2848871;
sh603728:11.600,11.580,11.670,11.420,2922010;
sh603896:26.510,26.650,26.640,26.110,1063970;
sh603488:8.290,8.300,8.310,8.250,1172462;
sh603197:26.870,26.600,27.180,26.010,5514649;
sh603580:11.280,11.420,11.390,11.160,871528;
sh603200:44.950,46.970,46.970,44.150,2944803;
sh603042:20.080,19.620,20.190,19.500,12370479;
sh603536:12.350,12.650,12.610,12.280,7111977;
sh603326:17.800,17.800,17.910,17.740,1397889;
sh603316:11.330,11.760,11.500,11.210,5639827;
sh603335:4.180,4.230,4.310,4.130,7997404;
sh603380:19.100,18.490,19.270,18.270,5385826;
sh603286:16.380,16.090,16.450,16.020,1815000;
sh603938:27.980,27.230,27.980,27.010,3173238;
sh603331:17.800,17.950,18.070,17.670,2473036;
sh603933:13.500,13.400,13.500,13.260,2071628;
sh603595:29.750,29.380,30.040,29.010,3280436;
sh603612:11.440,11.380,11.580,11.240,2957900;
sh603676:10.070,10.310,10.260,10.070,3464611;
sh603063:8.650,8.540,8.650,8.470,1940400;
sh603233:59.710,59.920,60.300,58.800,2248044;
sh603357:9.950,9.970,9.990,9.820,3167806;
sh603860:25.400,25.390,25.730,25.250,233809;
sh603880:13.450,13.900,13.570,13.260,7734441;
sh603776:19.000,18.850,19.130,18.700,2397813;
sh603976:15.900,16.050,16.200,15.820,1912780;
sh603079:41.400,41.580,41.580,40.110,2508427;
sh603725:6.400,6.440,6.430,6.330,1755340;
sh603813:17.490,17.610,17.600,17.450,652400;
sh603136:22.410,22.630,22.600,22.020,1813260;
sh603378:28.330,28.830,29.120,28.100,964475;
sh603367:16.320,16.440,16.400,16.190,4586000;
sh603103:15.370,16.060,15.740,15.370,5743866;
sh603110:15.280,15.120,15.370,15.030,1595040;
sh603499:15.240,15.520,15.590,15.240,1728460;
sh603829:10.900,10.780,11.070,10.720,3676652;
sh603722:27.830,27.700,28.000,27.400,1621548;
sh603659:63.500,64.330,66.100,63.000,7658462;
sh603076:20.500,20.500,20.600,20.300,469600;
sh603661:35.250,35.700,35.980,35.250,588634;
sh601019:6.620,6.590,6.660,6.560,3487700;
sh603890:13.100,13.850,13.900,13.010,23766682;
sh603477:11.530,11.420,11.530,11.000,3931400;
sh603895:19.670,19.910,20.190,19.670,1347797;
sh603516:44.720,45.250,45.280,44.090,2520040;
sh603871:26.690,26.900,27.200,26.630,638900;
sh603709:25.710,25.990,26.180,25.000,943480;
sh603712:28.500,27.760,28.550,27.170,18499491;
sh603059:24.900,24.610,24.900,24.260,1490543;
sh600929:5.530,5.630,5.590,5.510,7674138;
sh603897:19.090,18.570,19.400,18.440,6805567;
sh603301:37.650,40.740,37.990,36.500,12714428;
sh603773:32.860,32.750,33.100,32.530,1430900;
sh603666:91.200,89.990,92.940,89.360,696464;
sh601990:15.000,15.250,15.350,14.880,156971345;
sh603713:50.720,51.200,50.720,49.570,1902828;
sh601606:8.670,8.720,8.750,8.620,5521200;
sh603590:39.750,38.750,39.860,38.660,3047978;
sh603192:27.120,27.460,27.700,26.900,3993967;
sh601068:4.420,4.480,4.470,4.410,8555817;
sh603297:34.360,34.040,34.790,33.670,1061779;
sh603790:12.670,13.610,12.800,12.650,8195063;
