sh600048:14.180,14.490,14.540,13.900,64316724;
sh600053:24.280,24.500,24.450,23.840,3713273;
sh600061:12.580,12.920,12.820,12.480,35357119;
sh600063:3.990,4.030,4.040,3.940,29138980;
sh600071:9.200,9.120,9.290,8.970,1838100;
sh600076:3.830,3.820,3.850,3.760,9668580;
sh600077:2.850,2.860,2.890,2.830,4549000;
sh600078:5.050,5.080,5.150,4.810,68127377;
sh600079:13.640,13.600,13.660,13.380,8702107;
sh600081:10.770,10.760,10.880,10.530,2871200;
sh600082:3.520,3.570,3.560,3.450,11890953;
sh600090:4.050,4.110,4.140,4.050,12069455;
sh600101:5.980,6.040,6.000,5.920,2624542;
sh600111:8.680,8.730,8.740,8.570,19322316;
sh600113:6.230,6.190,6.250,6.070,5902390;
sh600115:4.140,4.170,4.210,4.090,53407444;
sh600120:8.960,8.950,9.010,8.720,9344664;
sh600146:11.440,11.370,11.600,11.110,8565449;
sh600151:4.350,4.400,4.400,4.290,9096334;
sh600156:4.970,4.960,5.090,4.910,14892203;
sh600160:7.970,8.010,8.300,7.930,97083506;
sh600161:32.600,34.980,33.230,32.190,15034005;
sh600162:2.100,2.110,2.110,2.080,9360107;
sh600169:2.100,2.110,2.120,2.060,25683497;
sh600175:1.310,1.320,1.320,1.290,34289074;
sh600197:12.680,12.850,12.910,12.650,4126306;
sh600199:4.940,5.140,5.350,4.930,11710086;
sh600200:6.980,7.220,7.120,6.860,38282111;
sh600203:12.990,12.710,13.470,12.080,55744551;
sh600206:16.380,14.900,16.450,14.830,103538181;
sh600207:4.260,4.270,4.300,4.210,5536901;
sh600208:3.050,3.070,3.070,3.010,58817839;
sh600213:7.320,7.330,7.320,7.160,3793200;
sh600218:8.890,8.860,8.930,8.720,6020940;
sh600221:1.630,1.660,1.690,1.610,126305137;
sh600223:7.030,6.960,7.070,6.720,20735253;
sh600226:2.410,2.380,2.420,2.340,34426066;
sh600227:2.730,2.780,2.770,2.730,9510203;
sh600235:4.500,4.550,4.560,4.460,5562000;
sh600236:4.410,4.460,4.440,4.390,3777774;
sh600242:8.400,8.800,8.900,8.330,73186817;
sh600246:5.500,5.380,5.500,5.300,11880640;
sh600262:15.500,15.100,15.500,14.990,651400;
sh600266:6.950,7.020,6.980,6.890,6931494;
sh600267:16.290,16.380,16.870,15.310,181626318;
sh600268:6.010,6.060,6.070,5.800,33690257;
sh600278:9.960,10.110,10.030,9.800,5790013;
sh600279:3.790,3.800,3.840,3.750,4231750;
sh600283:8.700,8.850,8.810,8.680,893661;
sh600285:8.210,8.400,8.300,8.100,6980356;
sh600288:11.560,11.520,11.680,11.400,3158578;
sh600291:7.170,7.240,7.210,7.060,7595329;
sh600293:2.930,2.930,2.950,2.870,14984513;
sh600300:2.970,2.960,2.980,2.920,13408701;
sh600310:4.290,4.110,4.290,3.960,24042198;
sh600311:2.650,2.740,2.650,2.610,16522994;
sh600313:3.040,3.110,3.150,2.990,54717623;
sh600317:2.200,2.210,2.200,2.170,6416082;
sh600322:2.590,2.640,2.610,2.560,14497384;
sh600323:19.950,20.470,20.490,19.780,11870671;
sh600326:6.390,6.570,6.460,6.360,17106417;
sh600336:5.170,5.070,5.200,4.950,19362740;
sh600337:4.170,4.140,4.200,4.110,7499272;
sh600338:8.380,8.260,8.420,8.120,10065641;
sh600339:2.700,2.710,2.720,2.670,18562196;
sh600351:5.050,5.090,5.110,5.020,4473713;
sh600353:5.670,5.660,5.720,5.540,11180408;
sh600355:3.330,3.310,3.350,3.230,19183492;
sh600360:9.400,9.040,9.570,8.570,143099889;
sh600363:13.730,13.440,13.800,13.200,7143079;
sh600366:5.180,5.230,5.250,5.100,12434857;
sh600371:10.870,10.910,10.940,10.670,6370390;
sh600375:4.540,4.600,4.590,4.500,6083788;
sh600381:4.750,4.790,4.790,4.720,2183032;
sh600392:6.540,6.590,6.570,6.400,13065415;
sh600393:2.590,2.600,2.610,2.580,8247120;
sh600398:6.230,6.310,6.280,6.180,8794399;
sh600419:11.300,11.390,11.340,11.120,3193583;
sh600425:3.890,3.950,3.910,3.840,29773485;
sh600429:4.850,4.910,4.880,4.820,1860479;
sh600449:10.710,10.950,10.810,10.570,12960779;
sh600455:23.800,24.400,24.220,23.710,2085868;
sh600463:6.260,6.220,6.330,6.160,2965580;
sh600466:5.940,5.980,6.010,5.860,14486208;
sh600467:2.210,2.230,2.220,2.180,10402721;
sh600476:12.440,12.780,12.880,12.340,3263200;
sh600478:3.990,3.980,4.010,3.900,11857170;
sh600479:8.440,8.540,8.470,8.400,4886560;
sh600480:9.500,9.400,9.580,9.060,7702770;
sh600481:3.010,3.020,3.030,2.980,2373302;
sh600488:4.300,4.460,4.420,4.300,7890034;
sh600495:4.460,4.570,4.460,4.320,45129222;
sh600499:4.540,4.520,4.570,4.430,7341320;
sh600501:8.260,8.310,8.360,8.150,7214180;
sh600503:3.120,3.130,3.140,3.080,17776027;
sh600505:9.530,9.530,9.630,9.320,2824801;
sh600506:8.320,8.300,8.340,8.160,3134901;
sh600517:7.110,6.910,7.170,6.820,22049093;
sh600520:11.500,10.770,11.930,10.590,14723593;
sh600525:5.300,5.410,5.410,5.290,20446056;
sh600526:5.350,5.390,5.490,5.310,4344344;
sh600527:2.440,2.450,2.480,2.400,31314150;
sh600530:3.520,3.520,3.530,3.440,4708474;
sh600533:3.440,3.420,3.470,3.380,20743989;
sh600537:3.280,3.300,3.310,3.260,9743867;
sh600549:11.650,11.420,11.660,11.250,7610282;
sh600559:8.340,8.530,8.480,8.290,12417059;
sh600562:14.670,14.500,14.830,14.390,6368249;
sh600568:1.550,1.560,1.560,1.530,23254394;
sh600573:5.750,5.870,5.820,5.730,2356992;
sh600587:15.470,15.770,15.760,15.320,8299296;
sh600593:38.510,39.300,38.650,38.310,982488;
sh600596:8.490,8.500,8.550,8.400,6564091;
sh600601:3.260,3.250,3.270,3.200,11375529;
sh600602:7.660,7.610,7.710,7.530,7793769;
sh600603:5.720,5.710,5.760,5.600,13115449;
sh600604:7.320,7.360,7.420,7.200,15823838;
sh600613:6.810,6.910,6.940,6.770,3359800;
sh600623:5.440,5.500,5.500,5.420,6905988;
sh600624:8.700,8.720,8.800,8.580,14480147;
sh600626:5.880,5.920,5.940,5.740,9284681;
sh600628:10.690,10.320,10.930,10.150,4342271;
sh600630:7.500,7.530,7.600,7.420,8110600;
sh600638:5.380,5.370,5.390,5.300,2101661;
sh600639:11.800,11.690,11.880,11.600,1858170;
sh600640:17.790,17.440,17.850,17.030,7206193;
sh600641:23.240,23.600,24.450,22.960,43799286;
sh600644:5.000,5.050,5.030,4.960,2168387;
sh600645:19.080,18.990,19.210,18.710,6704579;
sh600647:13.170,13.020,13.170,12.710,2234800;
sh600649:5.340,5.340,5.390,5.240,8101909;
sh600651:3.840,3.820,3.870,3.750,12655559;
sh600661:16.400,16.500,16.610,16.170,2187665;
sh600662:3.950,3.950,3.980,3.880,5915803;
sh600668:13.990,14.150,14.140,13.900,7462575;
sh603179:21.160,20.660,21.550,20.380,1443522;
sh600671:10.990,10.980,10.990,10.800,1178055;
sh600677:4.850,4.850,4.860,4.700,20013803;
sh600678:7.770,7.920,7.850,7.610,30920188;
sh600682:9.040,8.950,9.090,8.800,12080712;
sh600683:4.170,4.080,4.250,3.930,42983850;
sh600684:3.240,3.200,3.240,3.160,5798779;
sh600689:8.070,8.250,8.250,8.060,2336700;
sh600693:5.290,5.270,5.330,5.160,10254215;
sh600695:7.720,7.730,7.780,7.550,15726497;
sh600697:15.270,15.260,15.270,15.060,1648252;
sh600706:8.280,8.670,8.320,7.970,10899082;
sh600708:3.050,3.070,3.090,3.020,20647519;
sh600711:4.090,4.180,4.120,4.070,18525760;
sh600712:5.870,5.800,5.880,5.670,52915134;
sh600716:3.870,3.880,3.900,3.820,3198099;
sh600719:3.880,3.930,3.920,3.850,2068912;
sh600724:4.040,4.020,4.090,3.950,17759206;
sh600730:4.470,4.540,4.530,4.450,3175549;
sh600734:4.600,4.580,4.640,4.500,6292286;
sh600736:5.620,5.550,5.660,5.440,18371184;
sh600737:7.670,7.650,7.700,7.490,10166095;
sh600744:2.240,2.280,2.270,2.230,3566676;
sh600746:6.330,6.330,6.360,6.240,2271793;
sh600748:5.430,5.500,5.680,5.300,44070497;
sh603893:71.800,68.990,71.890,66.880,8645567;
sh600755:6.300,6.420,6.320,6.250,10634013;
sh600756:19.330,19.190,19.390,18.810,4331310;
sh600764:26.080,27.300,27.060,26.080,4152518;
sh600770:4.990,4.970,5.020,4.870,8715673;
sh600771:13.950,13.860,14.070,13.580,4600802;
sh600773:5.650,5.670,5.720,5.580,8761379;
sh600777:1.780,1.830,1.790,1.770,72134340;
sh600783:13.780,13.730,13.840,13.450,6969736;
sh600784:4.350,4.380,4.370,4.310,1445812;
sh600785:14.210,14.120,14.390,13.880,869634;
sh600796:5.500,5.630,5.540,5.430,3597911;
sh600800:5.150,5.600,5.600,5.120,15409688;
sh600802:10.940,11.360,11.410,10.700,34931042;
sh600808:2.710,2.680,2.740,2.630,45897666;
sh600818:9.700,9.820,9.870,9.690,958386;
sh600819:4.590,4.720,4.690,4.570,5407471;
sh600821:4.240,4.200,4.280,4.150,8742894;
sh600822:8.900,8.730,8.910,8.610,4010700;
sh600824:3.120,3.150,3.150,3.070,8981162;
sh600825:4.590,4.650,4.650,4.580,3104830;
sh600828:3.940,3.970,3.950,3.870,6374728;
sh600829:7.050,7.260,7.170,7.050,4994892;
sh600830:5.870,5.790,5.930,5.600,29312930;
sh600831:8.560,8.720,8.670,8.500,15436694;
sh600833:9.040,9.320,9.210,8.990,2136040;
sh600834:6.380,6.420,6.420,6.320,884105;
sh600836:4.910,5.280,5.230,4.900,31060602;
sh600838:6.020,6.200,6.340,5.900,44625077;
sh600841:6.620,6.690,6.670,6.580,1252101;
sh600843:6.810,6.810,6.860,6.700,2595318;
sh600846:8.410,8.540,8.530,8.370,11772647;
sh600851:7.350,7.770,7.480,7.350,5476224;
sh600853:4.100,4.050,4.160,3.980,54609966;
sh600854:3.560,3.600,3.590,3.500,2312200;
sh600855:10.550,11.510,10.840,10.520,11362760;
sh600857:10.150,10.190,10.190,10.000,2415133;
sh600860:4.290,4.260,4.330,4.190,3047732;
sh600861:9.720,9.670,9.790,9.400,2594801;
sh600862:12.490,12.860,13.250,12.490,32381784;
sh600864:6.840,6.830,6.860,6.670,21815556;
sh600865:5.960,6.130,6.050,5.910,5591955;
sh600866:5.200,5.290,5.240,5.100,28551805;
sh600867:10.420,10.520,10.710,10.360,27336990;
sh600868:3.360,3.360,3.380,3.310,35395474;
sh600869:5.020,4.870,5.050,4.810,73928894;
sh600871:2.050,2.050,2.060,2.020,21881105;
sh600874:7.010,7.150,7.040,6.960,16320069;
sh600876:13.590,13.660,13.790,13.450,4343901;
sh600879:6.770,6.750,6.800,6.560,43273882;
sh600880:3.600,3.640,3.650,3.580,4829348;
sh600882:19.220,19.490,19.790,19.000,3057900;
sh600885:28.800,28.760,29.270,28.140,6652507;
sh600888:4.590,4.630,4.630,4.530,9189762;
sh600889:4.800,4.970,4.890,4.750,6166899;
sh600894:6.560,6.540,6.580,6.450,5015335;
sh600898:6.840,6.620,6.840,6.540,3389463;
sh600917:6.350,6.420,6.370,6.310,2476945;
sh600959:3.730,3.720,3.730,3.670,10397030;
sh600962:7.400,7.320,7.440,7.160,4488685;
sh600965:7.520,7.970,7.950,7.490,14483827;
sh600966:7.860,8.350,8.150,7.740,26273666;
sh600973:4.860,4.730,4.990,4.640,74539281;
sh600976:15.480,15.560,15.570,15.330,1141673;
sh600980:11.710,11.740,11.730,11.520,1505200;
sh600981:3.350,3.360,3.390,3.290,12256901;
sh600982:2.730,2.750,2.740,2.700,2593400;
sh600983:4.160,4.190,4.190,4.140,973078;
sh600986:3.770,3.770,3.790,3.700,24526920;
sh600988:6.710,7.390,6.790,6.650,131539152;
sh600990:38.600,38.030,38.870,37.600,2052725;
sh600992:6.350,6.320,6.360,6.220,1586816;
sh601002:5.620,5.650,5.630,5.510,10974726;
sh601008:3.530,3.550,3.570,3.490,7814072;
sh601016:2.260,2.270,2.270,2.230,14940161;
sh601069:13.270,13.760,13.350,13.210,11065929;
sh601100:49.700,51.680,52.500,49.450,8104719;
sh601106:2.620,2.650,2.640,2.610,16667652;
sh601118:4.670,4.850,5.040,4.610,77470026;
sh601126:6.900,7.200,7.480,6.850,37796571;
sh601168:5.620,5.690,5.650,5.520,17930265;
sh601199:3.950,3.860,3.970,3.820,21693580;
sh601222:5.620,5.640,5.670,5.550,26949483;
sh601226:3.860,3.950,3.900,3.860,3590504;
sh601233:12.820,12.820,12.870,12.470,23120921;
sh601311:8.900,8.980,8.960,8.790,7076049;
sh601339:3.610,3.700,3.680,3.610,7171927;
sh601388:1.710,1.740,1.740,1.700,17410619;
sh601515:6.120,6.310,6.160,6.010,9788192;
sh601567:7.560,7.660,7.680,7.470,6019210;
sh601608:3.400,3.400,3.420,3.350,14242150;
sh601616:3.320,3.260,3.380,3.230,46335858;
sh601677:10.200,10.220,10.270,10.050,4544300;
sh601689:18.390,17.850,18.670,17.550,19240822;
sh601700:6.820,7.050,7.040,6.720,83370830;
sh601727:4.860,4.810,4.880,4.760,24062108;
sh601789:4.450,4.460,4.640,4.360,70674825;
sh601799:85.880,87.070,86.610,85.040,1337940;
sh601818:3.530,3.570,3.560,3.510,121717453;
sh601866:2.020,2.010,2.020,1.990,36424102;
sh601958:6.050,6.120,6.110,6.020,10144746;
sh601968:4.560,4.560,4.580,4.500,1705190;
sh601996:2.810,2.820,2.880,2.760,21180275;
sh603002:5.980,5.220,6.080,5.220,102169098;
sh603003:8.190,8.140,8.430,8.080,14326260;
sh603006:10.220,10.270,10.350,10.150,1255900;
sh603009:7.390,7.270,7.460,7.170,7059750;
sh603010:13.700,14.110,14.180,13.460,13713259;
sh603015:6.830,6.830,6.850,6.660,6369400;
sh603017:9.890,10.100,10.120,10.000,2579900;
sh603018:11.380,11.410,11.380,11.160,7509876;
sh603020:7.760,7.910,7.790,7.690,3100225;
sh603021:5.890,6.050,5.980,5.890,1682260;
sh603022:16.270,16.350,16.800,16.050,2687922;
sh603023:5.250,5.160,5.350,5.070,20044387;
sh603025:9.490,9.310,9.550,9.210,9361742;
sh603085:6.350,6.330,6.450,6.220,2725740;
sh603088:10.000,9.890,10.050,9.620,5857231;
sh603099:8.120,8.350,8.200,8.060,2045796;
sh603108:9.690,9.810,9.830,9.640,3960603;
sh603111:6.290,6.330,6.340,6.110,19487102;
sh603116:6.450,7.070,7.070,6.440,13410298;
sh603117:3.620,3.610,3.630,3.510,5168020;
sh603123:9.110,9.040,9.180,8.630,6406097;
sh603126:4.440,4.710,4.450,4.380,20087148;
sh603158:20.000,19.200,20.080,18.900,2877256;
sh603168:8.140,8.090,8.200,7.990,2577462;
sh603222:51.980,52.100,53.450,51.300,2262523;
sh603227:4.090,4.120,4.130,4.050,4854600;
sh603268:13.850,14.300,14.190,13.850,1285176;
sh603299:5.830,5.830,5.840,5.720,3981200;
sh603300:6.910,7.200,7.240,6.910,15837100;
sh603308:15.630,15.300,15.790,14.820,9407107;
sh603318:7.870,7.850,7.920,7.650,9227650;
sh603333:7.790,7.950,8.170,7.620,36527502;
sh603366:5.670,5.700,5.750,5.580,10783999;
sh603456:18.980,19.820,19.160,18.310,11174414;
sh603508:54.500,54.800,54.780,53.710,2467115;
sh603519:15.880,14.560,15.880,13.960,14771595;
sh603566:16.670,17.090,17.560,16.490,5279300;
sh603568:26.390,28.110,27.190,26.310,4278871;
sh603600:13.010,13.680,13.260,12.780,14784949;
sh603601:11.260,11.260,11.550,10.930,61408503;
sh603609:11.040,10.950,11.070,10.720,4912456;
sh603611:19.180,18.710,19.340,18.430,2561989;
sh603616:8.430,8.500,8.840,8.380,19873310;
sh603618:6.560,6.770,6.800,6.360,49329341;
sh603688:25.420,24.460,25.420,24.090,6754912;
sh603703:19.410,18.750,19.500,18.750,7069692;
sh603789:13.020,13.000,13.050,12.890,1276380;
sh603800:11.050,11.160,11.220,10.950,1389100;
sh603808:11.320,11.480,11.400,11.210,2533737;
sh603818:6.910,7.060,6.970,6.880,1446891;
sh603838:7.450,7.420,7.490,7.350,844000;
sh603918:10.920,10.990,11.100,10.780,2267560;
sh603936:19.150,18.820,19.200,18.570,6186801;
sh603968:12.830,13.000,13.060,12.720,1218688;
sh603989:24.480,24.500,24.830,23.950,1667491;
sh603997:6.790,6.930,7.060,6.750,4353453;
sh603998:6.430,7.010,6.500,6.400,14011300;
sh603999:5.870,5.970,5.930,5.820,5557580;
sh600127:4.330,4.370,4.340,4.260,17022150;
sh603377:14.700,14.810,14.890,14.590,1692006;
sh601900:9.520,9.590,9.600,9.410,4456595;
sh603919:12.290,12.560,12.600,12.270,3718494;
sh603861:10.050,9.750,10.350,9.750,8628940;
sh603028:10.980,11.020,11.160,10.810,2316400;
sh603798:9.680,9.680,9.680,9.490,1704123;
sh603701:11.270,11.270,11.450,11.050,3276608;
sh603726:25.770,25.800,26.000,24.790,4344124;
sh603528:7.610,7.530,7.670,7.400,5574845;
sh603339:12.000,12.170,12.160,11.990,876130;
sh603131:17.210,16.710,17.210,16.360,4307700;
sh603016:19.650,20.620,20.500,19.530,3211925;
sh603069:11.430,12.150,12.180,11.310,8080498;
sh600936:3.750,3.740,3.760,3.690,4097762;
sh601997:7.750,7.780,7.780,7.660,17116677;
sh601595:12.350,12.710,12.670,12.240,3665135;
sh603515:24.300,24.270,24.450,24.050,1824483;
sh603843:4.660,4.670,4.680,4.480,27861960;
sh601163:13.120,13.200,13.240,12.960,2744533;
sh603393:34.680,35.410,35.240,34.100,3669410;
sh603738:27.210,26.380,27.900,26.010,13828912;
sh601128:7.080,6.970,7.150,6.910,46507141;
sh603313:20.320,19.900,20.610,19.500,4967730;
sh600926:7.800,7.840,7.910,7.740,15752994;
sh603888:23.430,23.450,23.680,22.830,9420751;
sh603060:19.690,19.600,19.690,19.230,1117268;
sh603633:12.250,12.570,12.420,12.030,9757093;
sh603987:10.600,11.010,10.900,10.420,11643585;
sh603336:15.490,16.120,16.470,15.240,21274903;
sh603660:11.920,11.830,12.090,11.710,7555252;
sh603559:26.250,25.250,26.700,24.910,36856977;
sh603033:21.640,22.150,22.640,21.640,1657940;
sh603389:4.490,4.530,4.520,4.400,2895010;
sh603058:6.530,6.630,6.570,6.400,1305710;
sh603886:15.500,15.600,15.530,15.170,2337931;
sh603239:11.390,11.290,11.540,11.050,1517100;
sh601375:5.230,5.210,5.240,5.080,44123043;
sh603035:12.950,12.620,12.980,12.350,5841018;
sh603032:17.150,17.280,17.250,17.020,1972902;
sh603877:16.310,16.070,16.490,15.950,1313800;
sh603689:10.580,10.690,10.600,10.500,2068900;
sh603579:25.830,26.160,26.300,25.680,596694;
sh603639:24.880,25.440,25.180,24.700,1625382;
sh601858:9.900,10.140,10.020,10.100,3312676;
sh603638:28.270,28.500,28.700,28.050,1029934;
sh603429:33.240,33.470,33.990,32.750,2187376;
sh603966:9.720,9.730,9.800,9.570,1801792;
sh603089:11.860,11.750,11.910,11.210,884718;
sh603360:26.860,26.750,26.860,26.010,4986378;
sh603677:10.680,10.920,10.750,10.610,947742;
sh603637:12.830,13.010,13.250,12.830,636898;
sh601212:2.830,2.930,2.840,2.770,31878679;
sh603603:7.090,7.100,7.160,6.980,2854926;
sh603817:5.920,5.970,6.000,5.870,1957009;
sh603717:7.810,7.840,7.900,7.700,2661816;
sh603656:14.040,14.190,14.260,13.910,651892;
sh603133:19.600,19.710,19.890,19.140,4633375;
sh603811:23.300,23.660,23.790,23.210,1217820;
sh603955:15.590,16.800,16.090,15.580,2404157;
sh603908:22.490,22.590,22.490,22.080,512400;
sh603991:21.920,22.280,22.750,21.610,4980982;
sh603578:21.100,21.040,21.680,20.820,1025150;
sh601366:6.480,7.010,6.640,6.430,38568708;
sh603787:12.120,12.100,12.260,11.780,3063802;
sh603320:15.580,15.650,15.660,15.420,1080890;
sh603906:9.360,9.410,9.430,9.220,2117944;
sh603586:16.000,16.170,16.190,15.920,791027;
sh603538:26.820,28.400,28.090,26.820,7573380;
sh603385:10.360,10.260,10.720,10.160,8691470;
sh603178:8.250,8.370,8.420,8.170,2779000;
sh603238:22.680,23.100,23.660,22.680,2258958;
sh603229:22.720,23.910,23.170,22.400,1739426;
sh603728:12.070,12.140,12.320,11.940,2892095;
sh603896:26.650,26.930,26.790,26.210,1209333;
sh603488:8.110,8.230,8.230,8.110,1065123;
sh603197:26.590,26.320,27.370,25.800,4210060;
sh603580:11.210,11.330,11.380,11.200,847652;
sh603200:44.630,46.070,48.840,44.630,3245786;
sh603042:21.020,20.530,21.530,20.160,18576027;
sh603536:12.380,12.730,12.470,12.160,6187676;
sh603326:17.600,17.880,17.940,17.500,1426480;
sh603316:11.190,10.840,11.200,10.500,4597200;
sh603335:4.130,4.170,4.210,4.080,6460783;
sh603380:18.420,19.460,19.200,18.040,10354019;
sh603286:15.860,16.180,16.070,15.760,1719100;
sh603938:29.010,29.030,29.690,28.300,2681332;
sh603331:18.000,18.570,18.000,17.450,4483288;
sh603933:13.170,13.380,13.410,13.110,1843620;
sh603595:29.980,30.150,30.120,28.440,3582981;
sh603612:11.270,11.330,11.490,11.130,2582719;
sh603676:10.070,10.220,10.270,10.020,2812400;
sh603063:8.530,8.490,8.530,8.330,2096900;
sh603233:53.700,58.150,58.000,53.700,4455968;
sh603357:9.860,10.080,9.900,10.010,5422636;
sh603860:24.800,24.970,24.950,24.440,274778;
sh603880:13.980,14.030,14.220,13.730,6359098;
sh603776:19.350,19.080,19.350,18.770,3012178;
sh603976:15.140,15.420,15.380,15.030,1557320;
sh603079:41.910,42.190,42.900,41.130,2826997;
sh603725:6.340,6.380,6.370,6.250,1190596;
sh603813:17.500,17.490,17.580,17.340,468902;
sh603136:21.290,22.500,21.580,21.240,1690425;
sh603378:28.000,29.080,28.740,27.720,1455519;
sh603367:15.930,15.980,16.030,15.680,3538373;
sh603103:15.110,15.750,15.650,14.950,5147666;
sh603110:15.340,15.240,15.400,15.020,2508160;
sh603499:14.410,14.740,14.620,14.410,697700;
sh603829:10.580,10.920,10.990,10.490,6134906;
sh603722:28.480,27.840,28.880,27.550,1531099;
sh603659:67.430,65.500,68.000,62.480,8132020;
sh603076:20.590,20.550,20.600,20.200,335528;
sh603661:34.700,34.600,34.830,34.210,556015;
sh601019:6.530,6.560,6.560,6.470,2959626;
sh603890:13.750,14.410,14.410,13.750,16846294;
sh603477:11.430,11.390,11.630,11.270,3221700;
sh603895:20.060,19.900,20.190,19.700,1196090;
sh603516:45.370,44.470,45.380,43.730,1773187;
sh603871:26.480,26.490,26.650,26.200,392092;
sh603709:24.800,26.070,25.380,24.690,2254792;
sh603712:29.190,30.040,30.450,28.610,33220323;
sh603059:24.190,24.350,24.370,23.920,1827521;
sh600929:5.500,5.540,5.530,5.450,3694500;
sh603897:16.620,18.100,18.100,16.540,5335153;
sh603301:42.000,41.700,43.850,41.120,11865400;
sh603773:33.980,34.070,34.280,33.600,1568634;
sh603666:87.290,88.180,90.500,87.040,692900;
sh601990:15.790,15.660,15.880,15.310,131849555;
sh603713:49.970,51.490,51.390,49.390,2007501;
sh601606:8.550,8.730,8.660,8.500,5708136;
sh603590:39.700,40.500,40.810,39.690,3766378;
sh603192:26.240,26.160,26.390,25.800,2114867;
sh601068:4.360,4.400,4.380,4.320,7009500;
sh603297:36.450,36.500,37.200,36.020,1115283;
sh603790:12.340,12.510,12.480,12.250,1677920;
