sh600079:15.420,15.210,15.440,14.820,56943674;
sh600310:3.780,3.880,3.880,3.730,7218591;
sh600354:4.310,4.960,4.960,4.240,43085865;
sh603002:4.120,4.190,4.180,4.100,7759454;
sh603032:19.300,19.540,19.610,18.830,3784043;
sh600093:13.720,13.500,13.740,13.300,34488499;
sh600745:122.000,117.560,122.020,114.270,21273320;
sh600812:9.500,9.050,9.500,8.800,65449450;
sh600816:2.940,3.060,3.070,2.910,88394214;
sh601555:8.350,8.560,8.600,8.320,32929607;
sh603066:7.660,8.400,8.180,7.650,23810875;
sh601162:6.020,6.110,6.180,6.000,115129338;
