sh600048:15.200,15.590,15.830,15.120,82433918;
sh600053:24.940,25.000,24.940,24.440,2987793;
sh600061:12.210,12.410,12.250,12.150,15469269;
sh600063:3.790,3.770,3.790,3.720,27221847;
sh600071:8.850,9.060,9.030,8.760,2246430;
sh600076:3.800,3.820,3.830,3.790,4472864;
sh600077:2.820,2.890,2.890,2.800,13522774;
sh600078:5.260,5.260,5.300,5.160,33790084;
sh600079:20.400,21.380,21.170,19.860,65332922;
sh600081:10.700,10.860,10.770,10.620,2515231;
sh600082:3.440,3.480,3.470,3.420,2552200;
sh600090:4.030,4.080,4.040,4.010,9316600;
sh600101:5.880,5.960,5.930,5.870,1347480;
sh600111:9.160,9.260,9.190,9.080,38635732;
sh600113:6.190,6.280,6.230,6.180,3855448;
sh600115:4.200,4.210,4.220,4.160,29165303;
sh600120:8.770,8.870,8.830,8.740,7499519;
sh600146:13.230,13.320,13.480,13.010,11248783;
sh600151:4.370,4.440,4.460,4.370,4073671;
sh600156:4.690,4.640,4.730,4.560,7338725;
sh600160:6.880,7.120,6.960,6.850,36830312;
sh600161:37.000,36.100,37.000,34.500,21112145;
sh600162:2.010,2.040,2.030,2.000,7008645;
sh600169:2.030,2.050,2.050,2.020,7612125;
sh600175:1.260,1.270,1.270,1.250,24474281;
sh600197:12.860,12.910,12.870,12.720,3527142;
sh600199:5.080,5.080,5.080,5.010,4342839;
sh600200:7.130,7.230,7.140,6.970,28071788;
sh600203:9.120,9.300,9.170,8.950,14957076;
sh600206:12.200,12.410,12.340,12.170,19843478;
sh600207:4.130,4.160,4.180,4.120,2304600;
sh600208:3.040,3.070,3.060,3.020,45252613;
sh600213:7.280,7.560,7.450,7.280,3245400;
sh600218:8.430,8.650,8.530,8.410,6108700;
sh600221:1.570,1.570,1.570,1.560,55966023;
sh600223:6.800,6.850,6.840,6.750,14233654;
sh600226:2.410,2.450,2.470,2.410,26723265;
sh600227:3.180,3.110,3.190,3.080,31004704;
sh600235:4.740,4.770,4.750,4.700,7264910;
sh600236:4.430,4.440,4.450,4.410,2543114;
sh600242:7.410,7.410,7.450,7.300,12861100;
sh600246:7.360,7.500,7.620,7.310,35090630;
sh600262:15.970,15.650,15.970,15.520,1015091;
sh600266:6.770,6.890,6.890,6.770,9482419;
sh600267:16.600,16.570,16.650,16.090,80441863;
sh600268:6.460,7.020,7.020,6.340,54975204;
sh600278:8.950,9.100,9.010,8.940,1603200;
sh600279:3.740,3.760,3.770,3.730,3116100;
sh600283:10.300,10.370,10.470,10.080,7688131;
sh600285:8.720,8.930,8.780,8.600,9456881;
sh600288:11.100,11.240,11.220,11.100,1211584;
sh600291:7.110,7.180,7.140,7.090,6995281;
sh600293:2.790,2.820,2.810,2.780,6652520;
sh600300:3.380,3.460,3.460,3.370,68692678;
sh600310:3.750,3.810,3.810,3.740,3408409;
sh600311:2.580,2.610,2.630,2.550,21444235;
sh600313:3.880,3.940,3.980,3.850,59941199;
sh600317:2.150,2.160,2.170,2.140,5119166;
sh600322:2.540,2.560,2.560,2.530,8655528;
sh600323:19.520,19.530,19.550,19.280,6152652;
sh600326:6.970,6.990,6.980,6.870,11513863;
sh600336:5.440,5.400,5.600,5.260,25923254;
sh600337:4.400,4.410,4.430,4.350,14101500;
sh600338:8.010,8.190,8.140,8.010,6475264;
sh600339:2.740,2.760,2.750,2.730,19067011;
sh600351:5.160,5.200,5.160,5.090,7967653;
sh600353:5.290,5.350,5.340,5.260,5184332;
sh600355:3.220,3.270,3.270,3.220,9754839;
sh600360:7.560,7.760,7.630,7.500,49637020;
sh600363:13.930,14.290,14.550,13.920,8290868;
sh600366:5.640,5.670,5.700,5.600,26535255;
sh600371:12.670,12.890,12.940,12.530,13239010;
sh600375:4.460,4.460,4.490,4.430,4098713;
sh600381:5.180,4.960,5.290,4.860,18027286;
sh600392:7.210,7.550,7.260,7.120,65565570;
sh600393:2.870,2.900,2.920,2.850,25157960;
sh600398:6.310,6.300,6.370,6.260,8541374;
sh600419:12.230,12.310,12.340,12.150,6651660;
sh600425:3.780,3.840,3.840,3.770,20534994;
sh600429:5.370,5.400,5.390,5.310,4424773;
sh600449:13.830,14.010,14.080,13.640,18376071;
sh600455:24.720,24.570,24.780,24.260,1789500;
sh600463:5.990,6.090,6.080,5.980,1561600;
sh600466:6.150,6.240,6.290,6.150,12809425;
sh600467:2.610,2.710,2.710,2.600,95500090;
sh600476:12.520,12.680,12.650,12.460,1496801;
sh600478:3.920,4.010,3.960,3.910,8922046;
sh600479:9.200,9.260,9.250,9.130,11621224;
sh600480:8.790,9.310,9.160,8.720,13999978;
sh600481:2.920,2.980,2.980,2.920,4085292;
sh600488:4.930,4.860,4.930,4.700,23106665;
sh600495:4.270,4.310,4.370,4.270,18446577;
sh600499:4.250,4.320,4.290,4.230,6403437;
sh600501:9.590,9.500,9.900,9.310,24465101;
sh600503:3.060,3.110,3.090,3.060,9007444;
sh600505:9.720,9.610,9.770,9.510,3328901;
sh600506:9.010,9.080,9.220,8.910,4059001;
sh600517:6.790,6.910,6.940,6.790,10530613;
sh600520:8.510,8.360,8.610,8.280,5229162;
sh600525:5.040,5.080,5.070,5.030,7863698;
sh600526:6.240,6.420,6.370,6.180,9981526;
sh600527:4.040,4.040,4.040,3.780,216950381;
sh600530:3.670,3.640,3.740,3.540,18218368;
sh600533:3.180,3.230,3.250,3.170,14498194;
sh600537:2.960,2.990,3.030,2.950,3897280;
sh600549:11.460,11.660,11.650,11.460,7612134;
sh600559:8.720,8.730,8.720,8.630,6886894;
sh600562:14.230,14.350,14.410,14.100,4659495;
sh600568:1.460,1.530,1.470,1.450,90093491;
sh600573:6.200,6.250,6.250,6.160,2782512;
sh600587:17.570,17.580,17.570,17.050,7098280;
sh600593:40.700,40.780,40.900,40.410,690300;
sh600596:8.660,8.670,8.660,8.530,15107805;
sh600601:3.350,3.390,3.450,3.340,21241640;
sh600602:7.250,7.330,7.290,7.230,5423453;
sh600603:5.950,5.930,5.960,5.850,6736735;
sh600604:7.130,7.150,7.150,7.080,8365680;
sh600613:7.070,7.180,7.100,6.970,5302840;
sh600623:5.370,5.440,5.410,5.370,4733007;
sh600624:8.480,8.550,8.540,8.410,10388208;
sh600626:4.920,5.050,5.020,4.920,11340155;
sh600628:12.030,11.930,12.050,11.760,2501336;
sh600630:7.720,7.660,7.720,7.520,6871061;
sh600638:5.100,5.170,5.190,5.090,2221067;
sh600639:13.060,13.030,13.150,12.890,2309920;
sh600640:18.180,18.700,18.880,18.150,14488410;
sh600641:18.250,18.580,18.350,18.080,7607901;
sh600644:4.820,4.880,4.880,4.820,753207;
sh600645:19.890,19.760,19.960,19.450,8091788;
sh600647:12.920,13.000,12.990,12.840,1155124;
sh600649:5.240,5.300,5.280,5.240,4630831;
sh600651:3.500,3.570,3.560,3.500,4854080;
sh600661:15.900,16.050,16.110,15.900,989995;
sh600662:3.810,3.860,3.840,3.810,3065734;
sh600668:14.920,15.040,14.970,14.770,10853989;
sh603179:21.810,22.090,22.420,21.510,1119600;
sh600671:12.060,12.080,12.170,11.910,1971877;
sh600677:3.950,3.980,4.010,3.910,12522319;
sh600678:6.920,7.020,6.970,6.820,11647948;
sh600682:8.240,8.320,8.340,8.230,5911455;
sh600683:3.990,4.110,4.220,3.990,20300482;
sh600684:3.160,3.210,3.220,3.160,2900087;
sh600689:8.060,8.140,8.150,8.060,1768000;
sh600693:4.870,4.880,4.870,4.830,1875943;
sh600695:7.610,7.780,7.680,7.580,13882208;
sh600697:14.880,14.980,15.030,14.850,610200;
sh600706:7.930,8.380,8.090,7.810,11129956;
sh600708:3.030,3.070,3.090,3.030,9627482;
sh600711:4.130,4.220,4.190,4.130,14694549;
sh600712:5.530,5.600,5.700,5.460,28871573;
sh600716:3.760,3.810,3.800,3.750,2777490;
sh600719:4.260,4.330,4.340,4.260,1879062;
sh600724:3.800,3.820,3.800,3.730,7004123;
sh600730:4.400,4.430,4.420,4.360,2931740;
sh600734:3.620,3.590,3.670,3.530,12641336;
sh600736:5.240,5.260,5.280,5.170,9677721;
sh600737:8.560,8.830,8.660,8.500,43668613;
sh600744:2.280,2.370,2.360,2.280,10358994;
sh600746:5.860,5.990,5.930,5.840,2416316;
sh600748:5.460,5.490,5.600,5.410,21165027;
sh603893:51.230,52.300,52.000,51.030,2962469;
sh600755:6.290,6.350,6.330,6.290,7473855;
sh600756:18.540,18.640,18.670,18.510,2635930;
sh600764:28.100,28.320,28.560,27.810,1881792;
sh600770:4.580,4.630,4.600,4.540,4784271;
sh600771:13.070,13.370,13.180,12.970,5168307;
sh600773:5.440,5.540,5.500,5.440,3548000;
sh600777:1.790,1.790,1.790,1.770,30558632;
sh600783:13.750,13.790,13.820,13.580,6060689;
sh600784:4.290,4.340,4.310,4.290,1129179;
sh600785:15.140,15.070,15.240,14.870,814453;
sh600796:5.870,6.060,5.940,5.700,9871663;
sh600800:5.060,5.140,5.110,5.010,6858516;
sh600802:11.070,11.210,11.100,10.920,15169825;
sh600808:2.570,2.570,2.580,2.550,18679104;
sh600818:9.430,9.520,9.520,9.430,662782;
sh600819:4.840,4.900,4.880,4.830,3381100;
sh600821:3.910,3.940,3.960,3.900,3060695;
sh600822:8.480,8.530,8.590,8.430,1352310;
sh600824:3.240,3.370,3.430,3.240,16056915;
sh600825:5.530,5.700,5.620,5.500,8427759;
sh600828:4.010,4.070,4.060,4.010,4395281;
sh600829:8.200,8.850,8.550,8.020,40440995;
sh600830:5.620,5.850,5.740,5.580,30433256;
sh600831:8.190,8.310,8.230,8.160,8571838;
sh600833:9.310,10.250,9.400,9.210,6985592;
sh600834:6.380,6.440,6.440,6.340,1188780;
sh600836:5.420,5.830,5.530,5.360,21569221;
sh600838:6.320,6.580,6.410,6.230,23433335;
sh600841:6.660,6.850,6.790,6.660,1659200;
sh600843:6.680,7.010,6.730,6.640,6521415;
sh600846:8.380,8.490,8.480,8.370,5747401;
sh600851:8.140,8.280,8.270,8.140,3612997;
sh600853:3.520,3.610,3.570,3.520,14598695;
sh600854:4.000,3.920,4.010,3.860,10413630;
sh600855:21.660,23.450,23.150,21.480,79560596;
sh600857:9.570,9.620,9.620,9.500,611362;
sh600860:3.580,3.580,3.650,3.510,2762635;
sh600861:10.750,10.600,10.760,10.400,2646800;
sh600862:13.390,13.500,13.690,13.310,15644387;
sh600864:6.410,6.530,6.430,6.370,19799117;
sh600865:6.300,6.330,6.310,6.240,3160682;
sh600866:5.510,5.440,5.520,5.320,28699048;
sh600867:11.880,11.970,12.000,11.730,28661699;
sh600868:3.200,3.210,3.240,3.190,13894421;
sh600869:4.200,4.280,4.310,4.200,20062003;
sh600871:2.060,2.080,2.080,2.050,26497404;
sh600874:6.890,6.930,6.930,6.850,4538449;
sh600876:13.080,13.180,13.190,12.970,2333830;
sh600879:6.890,6.960,6.990,6.820,34870622;
sh600880:3.870,3.900,3.980,3.860,16430868;
sh600882:24.400,24.600,24.950,24.020,4240345;
sh600885:29.980,30.670,30.600,29.600,8989853;
sh600888:4.250,4.330,4.310,4.250,5573941;
sh600889:6.000,6.000,6.100,5.840,9945728;
sh600894:7.270,7.290,7.320,7.190,7898923;
sh600898:6.080,6.050,6.090,5.930,2051693;
sh600917:6.340,6.330,6.350,6.290,1912600;
sh600959:3.660,3.690,3.680,3.650,5550270;
sh600962:7.850,7.930,8.030,7.770,4949074;
sh600965:7.620,7.640,7.670,7.540,4859740;
sh600966:7.410,7.550,7.430,7.300,13128500;
sh600973:3.980,4.030,4.020,3.950,10037275;
sh600976:15.980,16.230,15.980,15.760,1837446;
sh600980:12.350,12.350,12.440,12.150,1762195;
sh600981:3.640,3.660,3.690,3.580,12490285;
sh600982:2.710,2.740,2.740,2.710,1904411;
sh600983:5.390,5.590,5.560,5.380,22345285;
sh600986:3.700,3.760,3.740,3.700,19921791;
sh600988:9.150,9.110,9.340,9.020,109282521;
sh600990:38.290,38.650,38.700,38.020,855650;
sh600992:6.300,6.420,6.390,6.300,1216647;
sh601002:5.970,6.030,6.120,5.960,11109631;
sh601008:3.440,3.480,3.470,3.430,6208379;
sh601016:2.160,2.190,2.190,2.160,12829375;
sh601069:14.550,14.660,14.900,14.430,21096498;
sh601100:69.000,70.010,69.860,67.480,4813349;
sh601106:2.610,2.630,2.620,2.600,10383501;
sh601118:5.090,5.090,5.100,4.950,31226806;
sh601126:6.030,6.120,6.230,6.030,5742278;
sh601168:5.830,5.870,5.890,5.800,12611556;
sh601199:3.990,4.010,4.060,3.930,15839551;
sh601222:5.050,5.120,5.080,5.040,8622674;
sh601226:3.870,3.940,3.950,3.870,2077200;
sh601233:11.710,11.790,11.740,11.590,10811136;
sh601311:8.650,8.780,8.770,8.600,4914392;
sh601339:3.420,3.460,3.430,3.410,3426678;
sh601388:1.660,1.680,1.680,1.660,11749304;
sh601515:6.260,6.300,6.270,6.180,4705262;
sh601567:7.790,8.170,8.370,7.780,35025944;
sh601608:3.380,3.410,3.410,3.350,15053820;
sh601616:2.950,3.020,3.060,2.930,15536702;
sh601677:10.120,10.310,10.240,10.120,3799385;
sh601689:17.490,18.740,18.740,17.490,27441667;
sh601700:5.600,5.870,6.160,5.600,36975766;
sh601727:4.640,4.640,4.650,4.620,9323193;
sh601789:4.250,4.300,4.280,4.210,22241686;
sh601799:82.500,85.400,85.800,82.500,1850070;
sh601818:3.620,3.630,3.660,3.610,89019944;
sh601866:2.010,2.020,2.020,2.000,16422600;
sh601958:6.150,6.310,6.210,6.140,15333868;
sh601968:4.490,4.500,4.510,4.460,2037800;
sh601996:2.760,2.800,2.790,2.750,10297727;
sh603002:4.360,4.420,4.400,4.340,9593900;
sh603003:8.550,8.670,8.670,8.100,36096792;
sh603006:10.210,10.390,10.310,10.050,1220974;
sh603009:7.800,7.780,8.120,7.720,26377991;
sh603010:11.990,12.180,12.030,11.810,5105000;
sh603015:5.820,5.880,5.850,5.780,916300;
sh603017:10.240,10.370,10.390,10.240,1016500;
sh603018:13.700,13.580,13.750,13.250,8043249;
sh603020:8.660,8.760,8.680,8.570,4862324;
sh603021:5.840,5.900,5.930,5.810,1531933;
sh603022:18.130,18.450,18.380,17.820,3458800;
sh603023:5.150,5.220,5.250,5.100,12513537;
sh603025:7.710,7.820,7.790,7.670,1622523;
sh603085:6.260,6.350,6.340,6.250,2226012;
sh603088:9.510,9.730,9.860,9.400,4009276;
sh603099:8.040,8.080,8.060,7.980,855452;
sh603108:10.300,10.500,10.350,10.200,7324531;
sh603111:7.110,7.320,7.370,7.100,19706742;
sh603116:7.220,7.250,7.250,7.150,2342800;
sh603117:3.530,3.550,3.550,3.530,3454613;
sh603123:9.200,9.300,9.270,9.110,3991202;
sh603126:4.330,4.390,4.370,4.320,2361912;
sh603158:16.450,17.000,17.060,16.450,5301258;
sh603168:8.310,8.340,8.310,8.200,2130980;
sh603222:46.600,46.580,46.600,46.150,1704333;
sh603227:4.050,4.090,4.050,4.010,3385000;
sh603268:14.630,14.350,14.740,14.300,1608040;
sh603299:6.330,6.380,6.370,6.280,3997157;
sh603300:6.900,7.040,7.020,6.890,5240887;
sh603308:14.050,14.100,14.180,13.850,5301444;
sh603318:7.750,7.750,7.880,7.670,8409156;
sh603333:8.400,8.400,8.480,8.200,22194869;
sh603366:5.300,5.380,5.330,5.260,5369900;
sh603456:20.620,20.930,21.060,19.870,9680321;
sh603508:52.500,52.650,52.500,51.910,902163;
sh603519:12.190,12.250,12.320,11.910,1074210;
sh603566:17.520,17.930,17.930,17.380,2973934;
sh603568:30.190,30.440,30.460,29.910,2655386;
sh603600:12.000,12.380,12.160,11.900,3335297;
sh603601:11.790,11.940,12.160,11.600,95286188;
sh603609:13.360,13.790,13.950,13.250,22503122;
sh603611:16.360,16.730,16.550,16.280,1486679;
sh603616:7.460,7.450,7.530,7.310,3194300;
sh603618:5.850,5.880,5.900,5.790,10961105;
sh603688:20.500,21.100,20.770,20.400,4331274;
sh603703:17.820,17.800,18.000,17.700,2485925;
sh603789:13.700,14.120,14.100,13.600,15110567;
sh603800:10.980,11.050,11.050,10.930,1293650;
sh603808:10.960,11.210,11.080,10.960,2487346;
sh603818:6.620,6.660,6.650,6.520,772084;
sh603838:7.760,7.790,7.830,7.660,850000;
sh603918:12.630,12.740,12.780,12.420,8839390;
sh603936:17.850,18.370,18.140,17.830,4241219;
sh603968:13.120,13.200,13.220,13.040,757222;
sh603989:23.980,24.510,24.260,23.900,2035249;
sh603997:9.050,9.280,9.500,8.920,44381332;
sh603998:6.800,7.040,6.840,6.700,6815158;
sh603999:5.710,5.810,5.790,5.710,4305636;
sh600127:8.450,10.330,9.260,8.450,250372338;
sh603377:14.460,14.480,14.580,14.400,1219420;
sh601900:9.750,9.840,9.890,9.740,2254165;
sh603919:14.410,14.310,14.410,14.100,3039038;
sh603861:8.080,8.230,8.190,8.040,1730856;
sh603028:12.140,12.020,12.200,11.790,4934714;
sh603798:9.920,10.010,9.960,9.750,1612800;
sh603701:10.870,10.990,10.940,10.800,2715795;
sh603726:13.320,13.500,13.560,13.320,6468288;
sh603528:7.850,8.040,7.890,7.740,8675500;
sh603339:11.970,12.240,12.580,11.950,1861202;
sh603131:15.980,16.100,16.090,15.780,2477898;
sh603016:22.180,22.760,22.430,21.520,2191600;
sh603069:9.850,9.600,9.850,9.440,6170400;
sh600936:3.740,3.780,3.780,3.720,2255500;
sh601997:7.660,7.690,7.680,7.620,10859607;
sh601595:12.070,12.270,12.160,12.010,2539900;
sh603515:24.250,24.050,24.250,23.950,1631140;
sh603843:4.510,4.570,4.560,4.490,10751027;
sh601163:12.930,13.200,13.180,12.910,3687751;
sh603393:43.460,45.150,44.320,42.890,7078542;
sh603738:22.950,23.390,23.380,22.950,4481944;
sh601128:6.740,6.800,6.850,6.720,20929602;
sh603313:17.320,17.620,17.490,17.150,4676564;
sh600926:7.720,7.750,7.770,7.710,8138536;
sh603888:23.430,24.350,23.730,23.350,9965803;
sh603060:21.660,21.900,21.960,21.500,1882805;
sh603633:11.040,11.170,11.240,10.830,3363012;
sh603987:11.700,11.710,11.700,11.360,6801097;
sh603336:17.310,17.640,17.600,17.100,13242185;
sh603660:11.020,11.130,11.100,10.950,6009623;
sh603559:23.690,23.750,23.790,23.150,14888411;
sh603033:29.480,28.250,29.480,27.820,1284023;
sh603389:4.180,4.290,4.240,4.170,1591700;
sh603058:6.680,6.870,6.750,6.660,1690300;
sh603886:17.880,18.160,18.060,17.710,5414741;
sh603239:11.720,12.190,11.870,11.640,1970406;
sh601375:4.910,4.980,4.940,4.890,20881147;
sh603035:11.720,12.170,12.490,11.720,9771923;
sh603032:18.910,18.910,18.910,18.910,517020;
sh603877:14.700,15.070,15.280,14.700,891416;
sh603689:10.450,10.710,10.530,10.450,2043900;
sh603579:27.300,27.980,27.990,27.300,1079652;
sh603639:27.700,28.060,28.190,27.300,3460081;
sh601858:9.370,9.460,9.380,9.290,2681354;
sh603638:39.890,39.480,39.960,38.560,1668666;
sh603429:32.600,33.070,33.700,32.560,2371147;
sh603966:9.710,9.870,9.880,9.710,1673290;
sh603089:11.590,11.730,11.740,11.460,497599;
sh603360:31.050,30.700,31.240,30.430,4273367;
sh603677:10.060,10.230,10.160,10.050,981203;
sh603637:13.680,13.800,13.780,13.650,462626;
sh601212:2.850,3.020,2.900,2.830,89617002;
sh603603:6.870,6.800,7.090,6.700,5726425;
sh603817:5.930,5.970,5.950,5.890,2274800;
sh603717:7.740,7.820,7.800,7.730,1054220;
sh603656:13.500,13.330,13.550,13.140,601304;
sh603133:17.570,17.980,17.750,17.550,2378700;
sh603811:27.290,26.860,27.300,26.450,3267439;
sh603955:17.790,17.740,17.790,17.300,1600612;
sh603908:22.440,22.820,22.720,22.350,415806;
sh603991:28.500,29.040,30.410,26.660,10660481;
sh603578:19.100,19.510,19.680,19.100,564511;
sh601366:6.070,6.070,6.080,6.030,5367300;
sh603787:11.920,12.030,12.050,11.830,2130600;
sh603320:16.660,16.910,17.080,16.310,4374613;
sh603906:9.300,9.360,9.320,9.250,1904180;
sh603586:16.270,16.550,16.490,16.270,437310;
sh603538:34.520,36.740,35.330,33.780,13253301;
sh603385:10.330,10.480,10.460,10.320,2858651;
sh603178:7.880,8.140,8.070,7.840,2593100;
sh603238:33.300,32.340,33.300,31.170,2756482;
sh603229:29.670,30.510,30.210,29.310,2671734;
sh603728:12.030,12.090,12.100,11.950,4293250;
sh603896:28.970,29.080,29.450,28.670,1109572;
sh603488:8.300,8.400,8.380,8.240,774500;
sh603197:25.530,26.150,26.180,25.330,2149152;
sh603580:12.180,12.340,12.390,12.070,1125232;
sh603200:62.240,62.500,63.800,60.790,2022350;
sh603042:18.970,18.740,18.970,18.400,6664834;
sh603536:14.400,14.220,14.400,14.030,5778306;
sh603326:19.470,18.890,19.470,18.300,1751100;
sh603316:11.590,12.730,12.360,11.580,5323041;
sh603335:4.360,4.550,4.550,4.350,19329033;
sh603380:15.520,15.910,15.830,15.510,1240600;
sh603286:15.340,15.470,15.400,15.200,670300;
sh603938:22.020,22.600,22.800,22.000,1531500;
sh603331:16.760,16.890,16.860,16.620,691241;
sh603933:13.630,13.760,14.160,13.510,7003343;
sh603595:26.320,27.120,26.790,26.000,1619960;
sh603612:10.280,10.630,10.620,10.280,1764602;
sh603676:12.760,12.570,12.800,12.270,19768915;
sh603063:8.320,8.320,8.350,8.250,1358100;
sh603233:64.260,63.950,64.850,63.300,2371411;
sh603357:9.760,9.820,9.780,9.720,1650933;
sh603860:26.200,26.380,26.460,26.090,507100;
sh603880:14.760,14.820,14.860,14.370,5319653;
sh603776:18.720,18.940,19.020,18.710,1493769;
sh603976:15.350,15.800,15.550,15.350,1124900;
sh603079:46.520,46.860,46.850,45.130,4039322;
sh603725:6.530,6.900,6.640,6.490,3805990;
sh603813:17.490,17.640,17.560,17.230,621707;
sh603136:24.140,23.890,24.260,23.770,1073555;
sh603378:30.130,29.740,30.600,29.480,790878;
sh603367:17.640,17.800,17.770,17.360,7735920;
sh603103:13.880,14.130,14.070,13.880,1604114;
sh603110:14.690,15.020,14.800,14.490,1736180;
sh603499:16.050,15.790,16.100,15.710,2974067;
sh603829:10.180,10.130,10.290,10.010,2439166;
sh603722:26.850,27.920,26.860,26.200,1876500;
sh603659:64.260,68.440,68.000,63.720,6192678;
sh603076:20.750,20.970,20.970,20.750,298389;
sh603661:34.710,34.900,34.950,34.570,365807;
sh601019:6.480,6.490,6.480,6.400,1908568;
sh603890:14.800,16.480,16.690,14.600,20701620;
sh603477:12.160,12.310,12.340,12.080,3206092;
sh603895:19.190,19.340,19.420,19.050,857700;
sh603516:38.060,39.180,38.560,37.860,1378468;
sh603871:26.950,27.230,27.310,26.860,347940;
sh603709:27.330,27.540,27.950,27.000,800900;
sh603712:27.250,27.110,27.790,26.560,7088740;
sh603059:26.250,29.000,26.360,25.810,4692735;
sh600929:6.270,6.380,6.360,6.250,9092400;
sh603897:16.580,16.860,16.760,16.580,1437295;
sh603301:40.970,40.410,41.230,39.500,5784914;
sh603773:30.840,31.420,31.190,30.840,889956;
sh603666:96.020,96.430,97.990,95.380,629680;
sh601990:14.710,15.150,14.780,14.620,112180672;
sh603713:61.290,62.160,63.100,60.600,1636305;
sh601606:9.750,9.790,9.870,9.660,10772321;
sh603590:40.880,40.500,40.920,39.930,3195800;
sh603192:25.470,25.730,25.710,25.450,681100;
sh601068:4.220,4.250,4.250,4.220,4713144;
sh603297:31.290,31.430,31.450,31.090,767070;
sh603790:13.780,13.740,13.780,13.570,2715710;
