sh600010:1.130,1.120,1.130,1.120,108771410;
sh600048:15.950,15.890,16.040,15.680,50066863;
sh600053:25.340,24.910,25.750,24.900,3432620;
sh600061:11.980,11.850,12.010,11.810,9283927;
sh600063:3.570,3.500,3.620,3.500,26707369;
sh600071:9.150,9.080,9.230,9.060,1230468;
sh600076:3.770,3.760,3.780,3.730,5615403;
sh600077:3.040,3.040,3.150,3.000,8879700;
sh600078:5.240,5.450,5.570,5.230,48706631;
sh600079:20.960,20.490,21.590,20.490,25329659;
sh600081:10.820,10.700,10.820,10.660,2190929;
sh600082:3.500,3.460,3.500,3.450,2954000;
sh600090:4.030,3.980,4.070,3.970,12724350;
sh600101:6.170,6.060,6.190,6.050,3826693;
sh600111:9.120,9.040,9.130,9.010,24313944;
sh600113:6.440,6.380,6.590,6.370,7474396;
sh600115:4.220,4.210,4.240,4.180,23434792;
sh600120:9.790,9.510,9.790,9.470,14101024;
sh600146:11.700,11.270,12.200,11.220,22583477;
sh600151:4.320,4.320,4.360,4.260,8273502;
sh600156:4.290,4.340,4.440,4.290,5797011;
sh600160:6.980,6.820,6.990,6.820,21984677;
sh600161:34.630,35.060,35.700,34.580,9562409;
sh600162:2.020,2.020,2.030,2.010,5444154;
sh600169:2.060,2.060,2.100,2.030,21337313;
sh600175:1.050,1.030,1.060,1.020,55682549;
sh600197:13.140,13.110,13.280,13.080,6935696;
sh600199:5.060,5.050,5.100,5.020,5888771;
sh600200:7.250,7.260,7.470,7.210,25016483;
sh600203:9.200,9.250,9.730,9.170,28472108;
sh600206:12.660,12.210,12.690,12.180,28610750;
sh600207:4.170,4.090,4.170,4.080,3592900;
sh600208:3.290,3.200,3.290,3.160,92101579;
sh600213:7.760,7.600,7.810,7.590,4731501;
sh600218:9.100,9.160,9.430,8.900,12683268;
sh600221:1.490,1.470,1.500,1.470,61332950;
sh600223:6.840,7.100,7.380,6.760,43253569;
sh600226:2.830,2.820,2.950,2.720,187223787;
sh600227:3.200,3.270,3.300,3.190,19206256;
sh600235:4.600,4.590,4.620,4.550,3854890;
sh600236:4.350,4.330,4.360,4.310,1909966;
sh600242:7.550,7.430,7.620,7.420,16160903;
sh600246:6.940,6.720,6.940,6.700,12408853;
sh600262:17.010,16.790,17.400,16.700,1751820;
sh600266:6.880,6.790,6.880,6.790,6006265;
sh600267:17.310,16.840,17.860,16.620,69680955;
sh600268:12.990,12.530,13.550,11.900,189298219;
sh600278:9.080,9.060,9.130,9.000,1889100;
sh600279:3.710,3.710,3.740,3.670,3194950;
sh600283:10.130,9.970,10.220,9.960,4262100;
sh600285:8.590,8.580,8.750,8.520,7226770;
sh600288:11.050,10.930,11.120,10.920,2310741;
sh600291:7.110,7.040,7.120,7.020,7082599;
sh600293:2.740,2.720,2.740,2.700,8366859;
sh600300:3.560,3.610,3.830,3.530,146834586;
sh600310:3.960,4.010,4.080,3.900,9959271;
sh600311:2.370,2.300,2.390,2.280,30458246;
sh600313:4.500,4.550,4.920,4.370,235146575;
sh600317:2.140,2.170,2.190,2.120,14231122;
sh600322:2.540,2.560,2.580,2.520,15490400;
sh600323:20.600,20.680,21.010,20.370,8091079;
sh600326:7.000,6.930,7.050,6.890,9336189;
sh600336:5.730,5.880,6.020,5.630,33371154;
sh600337:4.140,4.120,4.180,4.110,8083705;
sh600338:8.030,7.800,8.050,7.770,5316940;
sh600339:2.680,2.750,2.790,2.660,58561398;
sh600351:5.200,5.160,5.270,5.160,7199514;
sh600353:5.320,5.230,5.320,5.210,4860800;
sh600354:4.160,3.930,4.210,3.930,22253760;
sh600355:3.160,3.110,3.160,3.100,9052902;
sh600360:7.740,7.520,7.790,7.510,38281104;
sh600363:14.190,13.920,14.250,13.750,6900749;
sh600366:6.150,6.020,6.210,6.010,45997171;
sh600371:16.000,15.360,16.900,15.300,54706094;
sh600375:4.480,4.560,4.640,4.470,9068296;
sh600381:4.730,4.710,4.750,4.660,4311531;
sh600392:7.100,7.080,7.240,6.940,28663869;
sh600393:2.820,2.810,2.840,2.790,10830900;
sh600398:6.290,6.230,6.310,6.220,6261478;
sh600419:12.100,12.470,12.620,11.990,10576536;
sh600425:4.010,3.890,4.020,3.880,25525221;
sh600429:5.460,5.570,5.660,5.400,11441026;
sh600449:14.590,14.140,14.870,14.100,15432627;
sh600455:24.400,23.810,24.440,23.780,1445436;
sh600463:6.090,6.090,6.160,6.050,1849300;
sh600466:5.770,5.720,5.780,5.700,23674845;
sh600467:2.750,2.810,2.990,2.720,155233990;
sh600476:12.940,12.730,12.950,12.700,1743036;
sh600478:3.910,3.880,3.910,3.830,8296316;
sh600479:9.200,9.220,9.380,9.180,7791758;
sh600480:9.960,10.380,10.430,9.830,14877310;
sh600481:2.980,2.960,2.990,2.950,3160761;
sh600488:4.720,4.760,4.830,4.720,8798700;
sh600495:4.630,4.460,4.650,4.450,29548953;
sh600499:4.270,4.230,4.280,4.210,5125504;
sh600501:9.070,9.330,9.400,9.050,17124615;
sh600503:3.190,3.200,3.220,3.150,23143182;
sh600505:11.000,11.130,11.340,11.000,7318274;
sh600506:9.170,9.240,9.370,9.080,7239754;
sh600517:7.540,7.360,7.550,7.360,14325354;
sh600520:8.180,7.960,8.240,7.960,4338401;
sh600525:4.960,4.940,4.980,4.930,5235942;
sh600526:5.850,5.630,5.870,5.600,13879404;
sh600527:5.210,5.060,5.420,4.800,281331801;
sh600530:3.410,3.420,3.480,3.390,8161110;
sh600533:3.160,3.470,3.470,3.120,49052893;
sh600537:2.920,2.890,2.930,2.880,4691969;
sh600549:11.350,11.320,11.430,11.300,6827032;
sh600559:8.930,8.880,9.140,8.870,19150745;
sh600562:14.970,15.100,15.350,14.840,10014631;
sh600568:1.430,1.430,1.440,1.420,26602220;
sh600573:6.230,6.220,6.290,6.190,3306428;
sh600587:17.600,17.420,18.090,17.400,8889316;
sh600593:42.230,42.200,42.490,41.850,602340;
sh600596:0.000,8.490,0.000,0.000,0;
sh600601:3.450,3.420,3.470,3.400,16561430;
sh600602:7.610,7.470,7.610,7.460,7380942;
sh600603:5.240,5.130,5.330,5.120,14400367;
sh600604:7.210,7.100,7.240,7.100,9676595;
sh600613:7.200,7.190,7.340,7.160,5041100;
sh600623:5.450,5.440,5.480,5.400,6812053;
sh600624:8.450,8.430,8.620,8.410,11793819;
sh600626:5.090,5.020,5.100,5.020,5567200;
sh600628:11.500,11.340,11.630,11.290,3426299;
sh600630:7.600,7.560,7.630,7.550,5076701;
sh600638:5.130,5.190,5.270,5.130,3261031;
sh600639:13.110,13.130,13.180,12.900,2144262;
sh600640:18.320,17.730,18.400,17.560,10130456;
sh600641:18.950,18.400,19.040,18.380,9055485;
sh600644:4.960,4.920,4.960,4.920,993527;
sh600645:20.480,20.420,21.210,20.400,10387814;
sh600647:12.800,12.760,12.870,12.680,745000;
sh600649:5.180,5.170,5.200,5.140,3976220;
sh600651:3.520,3.500,3.540,3.490,4434073;
sh600661:15.860,16.210,16.500,15.800,2692736;
sh600662:3.840,3.830,3.850,3.820,3456392;
sh600668:15.880,15.420,15.890,15.420,14136726;
sh603179:24.410,24.440,25.000,24.290,3813080;
sh600671:10.770,11.870,12.000,10.770,8427442;
sh600677:3.700,3.700,3.700,3.700,2814100;
sh600678:7.100,6.930,7.100,6.900,14898069;
sh600682:8.220,8.490,8.590,8.160,20490828;
sh600683:4.010,3.940,4.020,3.920,6931300;
sh600684:3.160,3.130,3.160,3.110,4137885;
sh600689:8.550,8.580,8.670,8.480,5637215;
sh600693:4.820,4.770,4.820,4.760,1475985;
sh600695:7.620,7.480,7.650,7.480,10690259;
sh600697:14.900,14.900,14.990,14.880,620400;
sh600706:8.910,7.990,9.230,7.940,20442763;
sh600708:3.040,3.040,3.060,3.030,6421400;
sh600711:4.080,4.030,4.090,4.020,10039000;
sh600712:5.370,5.260,5.390,5.240,19885911;
sh600716:3.620,3.740,3.750,3.610,5401449;
sh600719:4.570,4.420,4.580,4.400,3278602;
sh600724:4.430,4.200,4.510,4.180,28066800;
sh600730:4.390,4.350,4.410,4.330,2267300;
sh600734:3.400,3.400,3.460,3.390,11342421;
sh600736:5.230,5.250,5.360,5.200,10481489;
sh600737:8.520,8.580,8.780,8.460,48488538;
sh600744:2.440,2.340,2.460,2.310,17082941;
sh600746:5.910,5.970,6.090,5.900,3978391;
sh600748:5.230,5.140,5.240,5.100,14746346;
sh603893:54.500,59.900,59.900,54.500,9774234;
sh600755:6.270,6.260,6.290,6.240,6357041;
sh600756:18.990,18.650,19.000,18.640,5477430;
sh600764:27.340,28.870,28.900,27.210,5631265;
sh600770:4.760,4.750,4.810,4.710,12250606;
sh600771:12.500,12.590,12.790,12.480,4506517;
sh600773:5.700,5.570,5.720,5.550,7376751;
sh600777:1.820,1.910,1.910,1.820,263640239;
sh600783:13.220,13.300,13.520,13.180,5709804;
sh600784:4.290,4.290,4.320,4.280,1468277;
sh600785:14.650,14.500,14.670,14.490,319101;
sh600796:6.960,7.090,7.410,6.840,58246467;
sh600800:5.050,4.960,5.050,4.960,6010300;
sh600802:11.930,11.630,12.090,11.560,19667160;
sh600808:2.540,2.500,2.540,2.500,15411491;
sh600818:10.080,9.720,10.130,9.720,2525771;
sh600819:4.730,4.650,4.740,4.640,3773000;
sh600821:4.000,3.890,4.000,3.850,3342991;
sh600822:8.390,8.500,8.650,8.390,3053193;
sh600824:3.420,3.370,3.470,3.320,17470211;
sh600825:5.320,5.310,5.490,5.270,6315600;
sh600828:4.020,3.970,4.020,3.960,3689978;
sh600829:8.180,8.140,8.450,8.110,16432249;
sh600830:5.680,5.820,5.820,5.580,21592175;
sh600831:7.670,7.470,7.680,7.450,28337119;
sh600833:10.420,10.230,10.820,10.210,5540317;
sh600834:6.290,6.250,6.300,6.240,1185100;
sh600836:6.330,5.740,6.330,5.730,26770337;
sh600838:6.510,6.610,6.740,6.310,25343181;
sh600841:7.030,7.160,7.380,7.010,2995737;
sh600843:6.690,6.740,6.800,6.670,2131235;
sh600846:8.800,8.660,8.810,8.650,7122006;
sh600851:8.060,7.980,8.280,7.970,3688308;
sh600853:3.940,3.850,4.040,3.850,35541513;
sh600854:3.740,3.730,3.780,3.700,2877400;
sh600855:22.160,24.200,24.200,22.100,84785345;
sh600857:9.460,9.490,9.560,9.440,585585;
sh600860:3.340,3.270,3.350,3.230,3112980;
sh600861:10.940,11.450,11.550,10.940,4337822;
sh600862:13.500,14.060,14.250,13.250,33565583;
sh600864:6.380,6.310,6.380,6.290,10763323;
sh600865:6.130,6.120,6.130,6.030,3377332;
sh600866:5.300,5.410,5.520,5.260,32193726;
sh600867:11.910,11.900,12.190,11.860,24025225;
sh600868:3.210,3.170,3.230,3.170,19496863;
sh600869:4.770,4.580,4.800,4.560,75969434;
sh600871:1.950,1.990,2.020,1.950,36998300;
sh600874:6.910,6.920,6.950,6.880,5903318;
sh600876:13.980,13.550,14.040,13.530,4663466;
sh600879:7.250,7.080,7.260,7.060,74359557;
sh600880:4.090,3.990,4.100,3.980,16763799;
sh600882:27.000,26.370,27.600,26.100,4516946;
sh600885:30.200,29.370,30.250,29.270,3648959;
sh600888:4.270,4.210,4.280,4.200,6622645;
sh600889:5.920,5.800,5.920,5.720,3323400;
sh600894:7.960,7.690,7.970,7.680,20648528;
sh600898:7.890,8.090,8.090,7.650,11640725;
sh600917:6.500,6.450,6.500,6.410,2101325;
sh600959:3.650,3.630,3.650,3.620,6240469;
sh600962:8.680,8.880,9.120,8.520,17699405;
sh600965:7.630,7.610,7.760,7.540,7070153;
sh600966:7.210,7.160,7.350,7.110,12866300;
sh600973:4.230,4.150,4.230,4.130,14645561;
sh600976:15.980,16.020,16.340,15.950,1358882;
sh600980:12.260,12.060,12.260,12.050,1458895;
sh600981:3.530,3.670,3.750,3.530,30818171;
sh600982:2.750,2.730,2.750,2.720,2137400;
sh600983:5.500,5.380,5.740,5.360,18889919;
sh600986:4.240,4.170,4.340,4.110,95592091;
sh600988:8.510,8.900,8.990,8.450,137560198;
sh600990:38.950,39.370,40.380,38.850,1832593;
sh600992:6.290,6.320,6.350,6.230,1039002;
sh601002:6.410,6.240,6.470,6.180,27359354;
sh601008:3.450,3.460,3.510,3.430,10696520;
sh601016:2.210,2.210,2.230,2.200,16679180;
sh601069:14.230,14.370,14.430,14.120,14818350;
sh601100:68.800,68.010,69.690,67.620,2461698;
sh601106:2.610,2.630,2.670,2.580,32721315;
sh601118:5.290,5.260,5.420,5.210,48890012;
sh601126:7.600,7.910,7.910,7.540,16980210;
sh601168:5.620,5.550,5.650,5.540,12305192;
sh601199:4.080,4.250,4.270,4.060,21066200;
sh601222:5.110,5.080,5.120,5.060,7975700;
sh601226:4.130,4.040,4.140,4.030,6769750;
sh601233:12.370,12.100,12.370,12.040,13530183;
sh601311:8.700,8.660,8.740,8.630,5671037;
sh601339:3.390,3.390,3.400,3.370,2499518;
sh601388:1.620,1.610,1.620,1.600,10148827;
sh601515:6.390,6.200,6.420,6.190,5608400;
sh601567:7.810,7.740,7.870,7.730,9281422;
sh601608:3.380,3.480,3.620,3.360,44288820;
sh601616:3.330,3.290,3.420,3.250,55095000;
sh601677:10.170,10.180,10.220,10.120,2696200;
sh601689:21.050,21.230,21.690,20.200,15781986;
sh601700:5.870,5.740,5.910,5.730,19769701;
sh601727:4.900,4.920,4.960,4.850,26057720;
sh601789:6.120,6.120,6.120,6.120,14513618;
sh601799:98.270,99.590,99.960,97.170,1839359;
sh601818:3.600,3.560,3.610,3.550,93231110;
sh601866:1.990,2.010,2.030,1.960,61052252;
sh601958:6.070,6.060,6.100,6.040,5642401;
sh601968:4.540,4.520,4.540,4.490,1384900;
sh601996:2.710,2.710,2.730,2.690,8513700;
sh603002:4.410,4.380,4.470,4.360,12962799;
sh603003:9.580,9.730,9.950,9.370,42470798;
sh603006:10.100,10.120,10.140,10.040,742500;
sh603009:7.110,6.980,7.220,6.980,6245806;
sh603010:12.970,13.610,13.830,12.830,13758660;
sh603015:5.760,5.770,5.810,5.730,1022200;
sh603017:10.820,11.050,11.070,10.690,4962400;
sh603018:14.650,14.880,15.090,14.540,8314432;
sh603020:10.320,10.100,10.980,10.000,27308771;
sh603021:5.760,5.660,5.850,5.630,1702479;
sh603022:18.690,18.140,18.770,18.070,2444400;
sh603023:5.500,5.810,5.810,5.370,16244630;
sh603025:7.970,7.800,8.000,7.790,2695580;
sh603085:6.180,6.190,6.300,6.130,2108750;
sh603088:10.180,10.180,10.180,10.180,2798373;
sh603099:7.900,7.940,8.040,7.850,1730000;
sh603108:10.950,10.850,11.400,10.800,18484539;
sh603111:8.130,7.850,8.500,7.830,38499172;
sh603116:7.040,7.050,7.110,6.980,1801000;
sh603117:3.610,3.620,3.650,3.590,4803140;
sh603123:8.720,8.590,8.720,8.450,5425210;
sh603126:4.520,4.530,4.540,4.440,6045199;
sh603158:19.450,19.800,20.580,19.210,7223097;
sh603168:8.220,8.200,8.380,8.130,1864944;
sh603222:47.040,46.980,47.300,46.800,1073509;
sh603227:3.980,3.960,3.990,3.920,3029400;
sh603268:13.670,13.920,13.930,13.590,1162468;
sh603299:6.440,6.480,6.580,6.340,9411019;
sh603300:6.550,6.690,6.810,6.490,12001620;
sh603308:14.670,14.160,14.670,14.050,5429500;
sh603318:7.270,7.080,7.270,7.050,7940965;
sh603333:8.360,8.020,8.450,7.970,18419039;
sh603366:6.150,5.990,6.260,5.970,30709600;
sh603456:21.300,22.160,22.980,21.160,13402072;
sh603508:54.110,53.100,54.500,53.100,1151955;
sh603519:12.000,11.820,12.060,11.790,1615768;
sh603566:19.450,19.580,20.030,19.310,6728935;
sh603568:30.640,31.090,31.330,30.550,2138887;
sh603600:12.680,12.000,12.690,11.890,9053650;
sh603601:13.420,13.590,14.080,13.250,68595889;
sh603609:16.010,16.200,16.560,15.640,42379656;
sh603611:17.350,17.210,17.390,17.100,1292531;
sh603616:7.220,7.270,7.430,7.150,3701500;
sh603618:5.990,5.870,6.060,5.860,11769225;
sh603688:22.510,21.760,22.610,21.600,4923763;
sh603703:17.900,17.870,17.910,17.640,3046700;
sh603789:13.280,13.200,13.350,13.140,6166202;
sh603800:11.190,11.460,11.610,11.130,4354340;
sh603808:11.060,10.890,11.080,10.850,2385646;
sh603818:6.770,6.760,6.830,6.760,953500;
sh603838:7.700,7.620,7.700,7.610,544700;
sh603918:12.590,12.140,12.640,12.120,6698961;
sh603936:18.750,18.070,18.750,18.060,5105337;
sh603968:13.790,13.770,13.990,13.650,1813100;
sh603989:25.330,25.050,25.580,24.880,2796843;
sh603997:8.960,9.100,9.220,8.870,37932394;
sh603998:6.910,6.860,7.020,6.860,4304380;
sh603999:6.050,5.950,6.070,5.900,6986554;
sh600127:11.300,12.360,12.360,11.290,235408187;
sh603377:15.400,14.920,15.400,14.910,4161342;
sh601900:10.270,10.120,10.330,10.120,3993929;
sh603919:14.610,15.240,15.490,14.550,8518334;
sh603861:8.520,8.420,8.580,8.390,2923300;
sh603028:11.820,11.610,11.920,11.580,2012300;
sh603798:9.940,10.130,10.150,9.870,2851725;
sh603701:10.780,10.760,10.850,10.610,2675096;
sh603726:12.890,12.630,12.950,12.600,5601868;
sh603528:8.390,8.350,8.710,8.290,17099854;
sh603339:13.450,13.260,13.470,13.220,3435261;
sh603131:17.400,17.570,18.100,17.030,6949682;
sh603016:25.370,26.400,26.730,25.140,4129300;
sh603069:10.800,10.960,11.160,10.700,6891260;
sh600936:3.840,3.840,3.890,3.820,4744072;
sh601997:7.600,7.540,7.600,7.540,9282522;
sh601595:13.470,13.380,13.640,13.240,3695669;
sh603515:23.920,23.830,24.250,23.780,1170090;
sh603843:4.480,4.380,4.490,4.370,8820967;
sh601163:13.760,13.280,13.760,13.230,7021951;
sh603393:43.500,42.430,43.850,42.210,4918541;
sh603738:25.090,24.010,25.090,23.820,8866313;
sh601128:6.890,6.710,6.910,6.700,41831424;
sh603313:20.040,19.710,20.400,19.650,4772909;
sh600926:7.660,7.600,7.680,7.590,7815180;
sh603888:25.050,26.050,26.390,24.800,21824079;
sh603060:21.740,21.550,22.210,21.400,3762905;
sh603633:10.990,10.810,11.080,10.810,1660659;
sh603987:11.680,11.460,12.030,11.360,8708221;
sh603336:16.720,17.100,17.500,16.510,19793842;
sh603660:10.440,10.160,10.650,10.160,24863951;
sh603559:23.300,22.350,23.460,22.340,17653241;
sh603033:31.000,30.340,31.400,30.250,2350612;
sh603389:4.010,3.950,4.030,3.860,2940418;
sh603058:7.100,7.040,7.130,6.980,3208800;
sh603886:16.760,16.960,17.400,16.700,5856853;
sh603239:12.630,13.040,13.590,12.620,9529004;
sh601375:4.850,4.780,4.860,4.770,15103098;
sh603035:11.500,11.300,11.670,11.270,4556200;
sh603032:19.420,18.730,19.450,18.700,4748728;
sh603877:15.790,15.690,15.880,15.410,1055500;
sh603689:10.530,10.500,10.570,10.460,1564500;
sh603579:31.270,31.670,32.180,30.890,2598439;
sh603639:27.600,27.700,28.350,27.530,2497789;
sh601858:9.600,9.990,10.060,9.520,9330191;
sh603638:41.140,41.100,41.580,40.210,1448511;
sh603429:35.550,35.050,36.000,35.040,2778512;
sh603966:10.210,10.460,10.540,10.180,3767900;
sh603089:12.700,12.460,13.390,12.360,6250808;
sh603360:29.200,29.120,29.900,29.050,3085541;
sh603677:10.370,10.200,10.370,10.170,623514;
sh603637:14.000,14.090,14.600,13.690,1974842;
sh601212:2.850,2.870,2.940,2.820,48013042;
sh603603:6.320,6.230,6.360,6.220,2660940;
sh603817:5.910,5.950,5.990,5.870,2300000;
sh603717:8.050,7.950,8.070,7.910,2218760;
sh603656:13.240,13.280,13.340,13.020,717668;
sh603133:17.450,17.090,17.490,17.080,2562900;
sh603811:25.690,26.150,27.000,25.690,2895215;
sh603955:17.780,17.770,18.270,17.620,1631254;
sh603908:22.680,22.570,22.830,22.530,313600;
sh603991:26.280,25.820,26.780,25.500,1967100;
sh603578:20.000,20.660,21.190,20.000,3218438;
sh601366:6.220,6.210,6.380,6.150,14205458;
sh603787:11.570,11.460,11.680,11.440,1593600;
sh603320:16.380,16.010,16.410,14.730,3202725;
sh603906:9.470,9.320,9.490,9.310,4833494;
sh603586:16.450,16.420,16.580,16.360,490900;
sh603538:37.210,35.940,38.960,35.750,8014955;
sh603385:10.200,10.110,10.200,10.030,2659716;
sh603178:8.200,8.040,8.200,8.000,1681305;
sh603238:34.140,34.310,35.800,33.510,2485800;
sh603229:30.440,31.330,32.950,30.440,2382146;
sh603728:12.000,11.830,12.010,11.800,2687880;
sh603896:28.120,28.220,28.720,28.080,1037605;
sh603488:9.360,9.230,9.390,9.090,6609300;
sh603197:25.630,24.750,25.750,24.670,2783107;
sh603580:12.100,12.000,12.200,11.960,775760;
sh603200:78.620,77.690,81.580,74.400,2980198;
sh603042:18.920,18.100,18.930,18.090,7591027;
sh603536:15.450,14.750,15.500,14.600,16811959;
sh603326:16.370,17.260,17.350,16.360,7109421;
sh603316:12.740,12.480,12.760,12.340,5475200;
sh603335:4.190,4.130,4.200,4.120,4549087;
sh603380:17.930,17.780,18.030,17.600,2370400;
sh603286:15.430,15.310,15.590,15.280,730900;
sh603938:24.380,23.700,24.710,23.620,1970500;
sh603331:16.880,17.230,17.270,16.750,1698240;
sh603933:13.950,13.710,14.060,13.620,3668716;
sh603595:28.860,29.130,29.860,28.500,2791888;
sh603612:10.550,10.520,10.760,10.520,1979878;
sh603676:11.630,11.920,12.050,11.550,10161080;
sh603063:8.360,8.250,8.360,8.240,1424700;
sh603233:68.050,66.520,68.790,66.400,1779585;
sh603357:10.480,10.800,11.200,10.410,10192472;
sh603860:26.900,27.470,27.950,26.810,792100;
sh603880:14.610,14.340,15.460,14.220,8647918;
sh603776:18.200,18.120,18.360,18.100,2524057;
sh603976:17.000,16.710,17.300,16.620,3433920;
sh603079:46.650,45.960,47.500,45.710,3886067;
sh603725:6.670,6.730,6.780,6.650,1695080;
sh603813:17.290,17.150,17.390,17.100,919259;
sh603136:25.000,24.670,25.150,24.480,885638;
sh603378:34.710,33.670,35.170,33.100,2649543;
sh603367:17.820,17.800,18.150,17.680,8111700;
sh603103:14.300,14.250,14.440,14.120,1812324;
sh603110:15.050,15.070,15.180,14.830,2461965;
sh603499:15.050,15.050,15.180,14.800,1545420;
sh603829:10.130,10.100,10.220,10.050,2161140;
sh603722:27.590,28.320,28.550,27.410,2131400;
sh603659:71.510,70.680,71.510,69.600,3256230;
sh603076:21.190,21.310,21.530,21.130,227200;
sh603661:35.000,35.480,35.480,35.000,637236;
sh601019:6.320,6.270,6.350,6.260,2028232;
sh603890:17.390,18.100,18.760,17.210,10812828;
sh603477:12.810,12.830,13.150,12.720,5969828;
sh603895:20.050,21.600,21.710,19.850,7123168;
sh603516:39.300,38.310,39.390,38.280,1823016;
sh603871:27.930,28.190,28.280,27.730,718604;
sh603709:31.070,32.830,33.170,30.280,1728800;
sh603712:28.500,29.520,30.120,28.000,15020568;
sh603059:26.290,25.770,26.580,25.750,1966892;
sh600929:6.310,6.330,6.420,6.230,13685168;
sh603897:16.780,16.710,16.900,16.640,1215581;
sh603301:39.690,39.100,40.380,39.100,4055980;
sh603773:31.440,30.880,31.440,30.850,904400;
sh603666:98.800,100.080,102.790,98.800,613378;
sh601990:14.420,14.180,14.460,14.180,53767865;
sh603713:61.100,60.900,62.970,60.070,1666567;
sh601606:9.800,10.760,10.760,9.760,41816935;
sh603590:37.810,39.080,40.460,37.770,6217097;
sh603192:24.180,24.110,24.350,24.020,576300;
sh601068:4.230,4.200,4.250,4.190,4652400;
sh603297:31.890,32.500,32.500,31.800,1188938;
sh603790:12.980,12.980,13.060,12.890,1945919;
sh603583:46.220,45.360,46.450,44.840,2681093;
sh601975:2.540,2.790,2.790,2.510,246926491;
sh603629:22.740,23.200,23.460,22.300,2377834;
sh603185:37.640,37.200,37.760,36.910,1515160;
sh601298:5.600,5.620,5.670,5.560,8914406;
sh603700:38.020,37.380,38.040,37.100,1577627;
sh601615:10.850,11.040,11.390,10.810,32319501;
sh601865:11.800,11.720,12.160,11.690,11645276;
sh603317:48.920,48.700,49.500,47.900,4234028;
sh603697:13.840,14.170,14.490,13.640,14410698;
sh603982:16.720,16.030,16.880,16.020,5854045;
sh603327:25.550,25.470,25.940,25.310,3318063;
sh603915:13.480,13.050,13.490,13.030,3013022;
sh601236:19.410,18.980,19.430,18.950,20929865;
sh603530:20.940,20.290,21.200,20.230,4561990;
sh603115:17.130,16.960,17.170,16.950,1057599;
sh603992:16.650,16.170,16.650,16.120,1676360;
sh603755:52.750,51.930,52.870,51.010,677000;
sh600000:10.100,10.060,10.100,10.010,16878643;
sh600004:14.550,14.990,15.100,14.530,13752942;
sh600006:4.110,4.070,4.130,4.040,10135501;
sh600007:14.160,14.150,14.400,13.950,2544946;
sh600008:3.240,3.240,3.250,3.200,17022520;
sh600009:67.200,70.980,71.800,67.200,19745468;
sh600011:4.190,4.220,4.260,4.180,28816576;
sh600012:5.150,5.150,5.180,5.140,1731700;
sh600015:6.420,6.400,6.420,6.380,10515406;
sh600016:5.710,5.690,5.710,5.660,63564144;
sh600017:2.440,2.460,2.470,2.420,11307601;
sh600018:4.270,4.290,4.320,4.260,15431002;
sh600019:4.850,4.830,4.870,4.810,27272647;
sh600020:3.800,3.820,3.840,3.790,7719998;
sh600021:7.480,7.410,7.480,7.380,3484535;
sh600023:3.420,3.400,3.440,3.390,12514539;
sh600026:8.600,9.170,9.370,8.500,57429142;
sh600027:3.510,3.480,3.540,3.460,16730918;
sh600028:4.520,4.550,4.610,4.520,121501782;
sh600029:5.230,5.200,5.250,5.190,29533134;
sh600030:23.180,22.920,23.240,22.920,62366618;
sh600031:19.600,19.110,19.600,19.100,57556217;
sh600033:2.750,2.720,2.750,2.700,5861650;
sh600035:3.170,3.160,3.210,3.140,12277040;
sh600036:32.820,32.690,32.960,32.650,24614551;
sh600037:8.760,8.660,8.760,8.640,6639173;
sh600038:43.700,43.770,44.480,43.550,4137194;
sh600050:5.290,5.240,5.290,5.220,69064594;
sh600054:8.770,8.690,8.900,8.690,7316572;
sh600055:17.140,16.870,17.600,16.750,11595034;
sh600056:15.600,15.440,15.930,15.440,22286055;
sh600057:5.610,5.760,5.980,5.610,83762919;
sh600059:8.020,8.170,8.290,7.920,10784278;
sh600060:9.680,9.760,9.990,9.570,12032767;
sh600062:13.050,13.290,13.450,12.870,13414481;
sh600064:8.380,8.330,8.380,8.310,4347900;
sh600066:12.750,12.500,12.760,12.500,7673224;
sh600068:6.800,6.640,6.820,6.640,31125197;
sh600072:11.910,12.190,12.360,11.710,36047117;
sh600073:8.860,8.890,9.050,8.820,32209920;
sh600075:4.790,4.780,4.830,4.760,4263576;
sh600085:25.020,25.190,25.500,25.020,6755724;
sh600089:8.000,7.800,8.000,7.800,68688893;
sh600093:13.080,13.310,13.590,12.820,33583017;
sh600097:9.870,9.940,10.120,9.780,3618358;
sh600098:6.180,6.270,6.330,6.100,10605197;
sh600100:8.340,8.190,8.340,8.170,21792324;
sh600104:18.650,18.370,18.650,18.370,16195126;
sh600105:4.570,4.650,4.660,4.500,22830269;
sh600106:2.870,2.850,2.880,2.840,5759133;
sh600109:9.300,9.220,9.330,9.200,26527073;
sh600114:9.200,8.860,9.210,8.850,15138240;
sh600116:8.640,8.550,8.690,8.520,7026618;
sh600118:35.580,34.490,35.580,34.210,25355730;
sh600125:4.810,4.860,4.880,4.780,10521988;
sh600126:7.980,7.600,7.980,7.600,51264593;
sh600129:13.450,13.250,13.700,13.170,4668237;
sh600131:20.160,20.170,20.670,19.700,11524678;
sh600132:51.190,51.170,52.220,50.300,3177437;
sh600133:6.930,6.920,7.160,6.810,41768924;
sh600138:10.240,10.160,10.270,10.110,9900850;
sh600141:9.510,9.580,9.700,9.400,12130871;
sh600143:10.400,10.340,10.650,10.250,76235321;
sh600150:20.000,19.800,20.290,19.650,35121686;
sh600153:7.950,7.940,8.000,7.910,12738601;
sh600158:8.340,8.750,8.930,8.270,21364499;
sh600170:3.380,3.350,3.390,3.330,39056009;
sh600171:17.220,16.680,17.280,16.660,17538875;
sh600176:8.400,8.300,8.420,8.250,15642601;
sh600177:6.430,6.400,6.450,6.380,7178510;
sh600183:30.840,30.960,31.800,30.530,23650851;
sh600195:13.660,13.790,14.090,13.580,26163671;
sh600196:38.500,36.390,38.880,36.240,85519159;
sh600216:17.960,17.710,18.240,17.350,43464800;
sh600217:5.320,5.360,5.400,5.280,11598839;
sh600219:2.080,2.060,2.080,2.050,35048542;
sh600233:11.630,12.110,12.300,11.610,43680466;
sh600252:3.580,3.530,3.660,3.520,46138738;
sh600256:2.560,2.610,2.620,2.540,36461420;
sh600258:14.980,14.910,15.330,14.860,9401876;
sh600260:15.180,14.800,15.430,14.720,61693522;
sh600261:3.640,3.610,3.650,3.600,4621603;
sh600269:3.550,3.530,3.550,3.530,4473695;
sh600271:19.830,19.430,19.830,19.410,12582828;
sh600276:98.000,96.050,98.770,95.000,19376577;
sh600284:6.910,6.940,6.990,6.900,17255849;
sh601658:5.160,5.100,5.160,5.100,17854457;
sh600969:6.270,6.240,6.310,6.220,2288421;
sh600297:3.470,3.430,3.550,3.420,29290459;
sh600298:38.610,37.630,39.520,37.470,23723973;
sh600299:12.340,12.260,12.470,12.050,13480672;
sh600305:20.020,20.080,20.450,19.780,15664175;
sh600309:42.950,42.910,43.420,42.560,11526581;
sh600312:9.240,9.020,9.370,8.930,77124450;
sh600315:29.170,30.580,30.580,29.030,51599986;
sh600316:13.800,13.900,14.100,13.680,15281581;
sh600320:3.240,3.230,3.270,3.210,8820433;
sh600325:6.540,6.520,6.600,6.470,15906477;
sh600332:31.310,31.350,31.930,31.140,11891311;
sh600340:21.400,21.340,21.460,21.200,5908956;
sh600343:8.480,8.820,9.230,8.400,24494319;
sh600345:20.920,20.540,20.970,20.530,3093706;
sh600350:4.300,4.330,4.350,4.280,5464100;
sh600352:12.000,11.940,12.120,11.910,32260369;
sh600361:4.090,4.100,4.180,4.070,15704000;
sh600362:12.890,12.800,12.920,12.740,9184244;
sh600369:4.510,4.480,4.520,4.480,11926444;
sh600372:13.550,13.620,13.760,13.430,7826980;
sh600376:6.580,6.640,6.660,6.580,5796591;
sh600377:10.050,9.910,10.080,9.870,5202737;
sh600380:12.920,13.350,13.480,12.920,41699190;
sh600383:13.390,13.160,13.540,13.050,33948755;
sh600388:9.090,9.330,9.480,9.050,20422799;
sh600390:7.220,7.190,7.250,7.170,5502149;
sh600391:18.870,19.390,19.800,18.580,18174974;
sh600406:21.280,20.620,21.360,20.500,26820533;
sh600410:12.830,12.300,12.830,12.250,70425013;
sh600418:4.950,4.990,5.040,4.900,20408662;
sh600420:10.270,10.620,10.680,10.180,25387497;
sh600422:10.510,10.470,10.720,10.470,14676830;
sh600428:3.190,3.250,3.290,3.180,12362745;
sh600435:7.780,8.150,8.430,7.710,50887763;
sh600436:136.050,135.420,138.490,134.910,3340707;
sh600439:2.790,2.780,2.800,2.760,5532540;
sh600446:17.460,17.210,17.520,17.200,9397496;
sh600452:19.130,19.140,19.400,19.040,3825539;
sh600460:14.690,14.370,14.700,14.350,20602757;
sh600477:4.080,4.020,4.090,4.000,17410053;
sh600482:17.010,17.450,17.630,16.880,10117755;
sh600483:7.900,7.840,7.910,7.810,4738988;
sh600486:74.370,75.170,76.680,74.370,3436622;
sh600487:17.640,17.130,17.690,17.080,40663764;
sh600489:8.680,8.740,8.840,8.640,48581216;
sh600496:3.780,3.720,3.800,3.710,22942768;
sh600497:3.510,3.490,3.520,3.480,12472482;
sh600498:32.700,31.830,32.780,31.790,21122618;
sh600500:5.080,5.190,5.260,5.050,17899859;
sh600507:5.380,5.310,5.390,5.300,10848776;
sh600511:34.900,34.050,35.660,33.990,22595042;
sh600516:9.050,8.960,9.050,8.950,21209591;
sh600519:1250.000,1252.260,1265.680,1247.770,2689851;
sh600522:11.500,10.900,11.500,10.900,130337728;
sh600529:36.090,36.180,36.680,35.800,4075876;
sh600535:14.650,14.710,14.870,14.540,12893218;
sh600536:84.880,82.700,85.000,82.390,18642319;
sh600545:5.150,5.150,5.190,5.090,4836723;
sh600547:36.650,37.080,37.210,36.460,42619876;
sh600548:9.200,9.140,9.240,9.100,2748008;
sh600557:15.690,15.460,16.170,15.420,15324759;
sh600563:49.870,49.570,50.240,49.110,1383395;
sh600565:2.820,2.810,2.830,2.790,13860831;
sh600566:22.700,22.500,23.150,22.420,10426865;
sh600570:96.330,95.140,96.960,95.030,5860163;
sh600571:9.740,9.620,9.790,9.500,11958846;
sh600572:5.480,5.430,5.580,5.410,30491337;
sh600577:3.040,2.990,3.070,2.990,27472566;
sh600578:2.860,2.880,2.900,2.860,6022361;
sh600580:11.020,10.750,11.120,10.720,13992158;
sh600582:2.920,2.950,2.960,2.910,17057597;
sh600583:5.010,5.470,5.470,5.010,77620290;
sh600584:22.630,22.580,22.980,22.080,47843861;
sh600585:59.660,57.920,59.850,57.920,23800649;
sh600588:45.520,44.300,45.520,44.210,11006750;
sh600590:6.450,6.100,6.540,6.070,21052610;
sh600597:12.600,12.850,13.170,12.520,34832524;
sh600598:16.710,16.800,17.750,16.450,108202901;
sh600600:46.790,47.280,47.760,46.720,4920640;
sh600606:5.390,5.360,5.410,5.340,25345875;
sh600611:3.660,3.660,3.690,3.650,4379759;
sh600612:39.020,39.350,39.740,39.020,2009783;
sh600616:4.700,4.700,4.750,4.660,5262792;
sh600618:7.650,7.560,7.680,7.550,3778900;
sh600619:8.130,8.190,8.290,8.100,1206235;
sh600622:3.620,3.570,3.640,3.560,8385605;
sh600633:9.860,9.630,9.860,9.530,20582627;
sh600635:4.120,4.100,4.120,4.090,8823341;
sh600637:9.130,9.110,9.170,9.040,7456430;
sh600642:5.280,5.230,5.310,5.230,6264404;
sh600643:7.800,7.770,7.810,7.720,5764529;
sh600648:14.260,14.320,14.350,14.250,1858101;
sh600650:8.820,8.840,8.900,8.800,1231293;
sh600655:7.440,7.580,7.670,7.400,10550299;
sh600657:3.680,3.680,3.700,3.640,6067170;
sh600658:4.550,4.460,4.560,4.460,2305741;
sh600660:18.870,18.930,19.080,18.830,8856953;
sh600663:10.910,10.860,10.940,10.820,1753820;
sh600667:10.730,10.430,10.740,10.420,37886328;
sh600674:8.700,8.510,8.700,8.490,7614384;
sh600685:14.850,15.220,15.720,14.640,33739276;
sh600686:6.190,6.170,6.250,6.120,2636200;
sh600688:4.270,4.520,4.570,4.220,73447505;
sh600690:14.930,15.100,15.340,14.930,46618875;
sh600699:20.220,19.420,20.290,19.400,25115539;
sh600702:23.860,23.600,24.220,23.540,9609650;
sh600703:20.620,20.310,20.630,20.170,47988859;
sh600704:4.660,4.720,4.760,4.630,26506881;
sh600705:3.960,3.920,3.970,3.920,14333390;
sh600713:4.560,4.600,4.670,4.540,11243440;
sh600717:5.350,5.360,5.390,5.330,5920697;
sh600718:11.830,11.630,11.880,11.600,8358195;
sh600720:15.600,15.280,15.800,15.220,24625607;
sh600723:5.650,5.720,5.730,5.600,8727806;
sh600728:10.120,9.800,10.140,9.750,61763694;
sh600729:27.350,27.210,27.360,27.190,5180850;
sh600733:5.800,5.630,5.850,5.620,30911128;
sh600741:20.270,20.190,20.450,20.110,13966014;
sh600743:2.190,2.200,2.200,2.180,7196564;
sh600745:98.010,94.140,98.390,94.000,17172086;
sh600749:8.550,8.660,8.780,8.550,3725552;
sh600750:12.000,11.960,12.180,11.940,3969844;
sh600754:26.100,25.930,26.470,25.850,1756109;
sh600760:31.230,31.490,32.150,31.000,13415555;
sh600761:9.610,9.500,9.630,9.490,6218735;
sh600763:120.390,121.900,123.360,119.060,3018472;
sh600765:8.880,9.110,9.120,8.850,13708127;
sh600775:8.410,8.370,8.440,8.310,7421328;
sh600776:17.490,17.200,17.490,17.200,9531682;
sh600779:45.180,45.310,46.140,44.680,4628364;
sh600787:4.500,4.550,4.620,4.450,16562000;
sh600789:10.110,10.170,10.500,10.080,56431971;
sh600790:3.110,3.110,3.140,3.100,4502905;
sh600794:3.390,3.520,3.600,3.360,45203257;
sh600795:2.020,2.010,2.020,2.000,47075167;
sh600797:9.500,9.210,9.520,9.160,30583070;
sh600798:3.170,3.240,3.280,3.150,19163973;
sh600801:26.340,25.760,26.560,25.700,13420996;
sh600803:9.400,9.290,9.450,9.280,6161113;
sh600804:7.420,7.130,7.500,7.110,148183794;
sh600805:4.390,4.440,4.480,4.370,3724968;
sh600809:99.880,99.120,102.000,98.600,3062092;
sh600812:12.190,11.250,12.400,10.960,237466252;
sh600814:4.970,4.960,4.980,4.910,4210712;
sh600816:0.000,2.500,0.000,0.000,0;
sh600820:5.740,5.680,5.750,5.660,8265400;
sh600823:4.080,4.070,4.110,4.060,5316950;
sh600826:10.180,10.070,10.190,10.060,1242657;
sh600827:7.750,7.730,7.790,7.630,7277879;
sh600835:14.900,14.680,14.920,14.650,5103284;
sh600837:12.900,12.800,12.960,12.760,37084379;
sh600839:2.740,2.700,2.740,2.700,33283506;
sh600845:48.540,47.600,48.930,47.210,6691072;
sh600848:19.600,19.560,19.800,19.470,3093972;
sh600850:23.160,22.760,23.180,22.760,2876094;
sh600859:12.320,12.300,12.370,12.240,2484290;
sh600872:46.330,46.140,46.600,45.590,4591996;
sh600873:4.490,4.490,4.550,4.450,35581333;
sh600875:8.970,8.900,8.980,8.850,7362415;
sh600884:11.130,10.950,11.170,10.940,7159173;
sh600886:7.480,7.390,7.490,7.370,16982754;
sh600887:30.300,30.730,31.170,30.280,58380677;
sh603551:16.670,16.730,16.880,16.580,2300348;
sh600893:23.980,23.960,24.490,23.700,12464718;
sh600895:12.600,12.480,12.650,12.480,6667421;
sh600897:17.400,17.450,17.530,17.310,991306;
sh600900:17.290,17.300,17.380,17.170,15129946;
sh600958:9.330,9.420,9.550,9.280,23966661;
sh600967:9.520,9.650,9.760,9.470,12808987;
sh600970:6.050,5.960,6.060,5.960,13718623;
sh600975:9.300,9.290,9.590,9.080,56002209;
sh600987:5.520,5.500,5.550,5.480,2778457;
sh600993:15.840,15.900,16.200,15.820,3690240;
sh600995:8.000,8.060,8.090,7.890,7430393;
sh600998:20.180,20.180,20.500,19.990,14128102;
sh600999:18.260,17.980,18.260,17.930,9484264;
sh601003:5.000,4.960,5.020,4.940,4642800;
sh601006:6.800,6.820,6.840,6.780,18953888;
sh601007:8.130,8.110,8.170,8.100,1044600;
sh601009:7.380,7.360,7.400,7.340,13470982;
sh601010:3.150,3.140,3.180,3.130,6966297;
sh601012:28.550,27.850,28.830,27.630,45624145;
sh601018:3.390,3.410,3.450,3.380,22161051;
sh601021:33.950,33.740,34.180,33.600,3530802;
sh601038:6.480,6.800,6.950,6.450,36938193;
sh601088:15.380,15.300,15.440,15.260,12966186;
sh601099:3.280,3.240,3.280,3.240,44200193;
sh601107:3.720,3.790,3.890,3.690,16704498;
sh601111:6.870,6.930,6.990,6.840,39481322;
sh601116:13.480,13.380,13.600,13.220,9514735;
sh601117:6.120,6.080,6.120,6.010,21902669;
sh601137:11.940,11.950,12.160,11.760,5170913;
sh601139:7.180,7.150,7.230,7.110,4910235;
sh601158:5.370,5.320,5.370,5.310,2030764;
sh601166:15.850,15.710,15.870,15.680,33778360;
sh601169:4.730,4.740,4.760,4.710,53848756;
sh601186:10.050,9.820,10.050,9.800,56119137;
sh601198:10.770,10.670,10.780,10.650,7564051;
sh601211:16.820,16.700,16.840,16.660,13275634;
sh601216:3.050,2.920,3.050,2.910,226988576;
sh601231:17.420,17.060,17.480,17.040,9957398;
sh601238:9.850,9.760,9.850,9.730,10590297;
sh601288:3.420,3.400,3.420,3.380,117940836;
sh601360:20.450,20.100,20.500,20.050,20840152;
sh601318:72.390,72.160,72.800,71.820,32966612;
sh601328:5.150,5.140,5.160,5.130,40414905;
sh601333:2.370,2.360,2.380,2.340,16607400;
sh601336:43.420,43.260,43.550,43.030,5055046;
sh601377:6.030,5.970,6.040,5.970,21834897;
sh601390:5.870,5.800,5.900,5.780,33108092;
sh601398:5.090,5.070,5.090,5.050,103342243;
sh601519:7.600,7.440,7.620,7.440,22999904;
sh601555:7.830,7.760,7.830,7.740,18588569;
sh601579:7.820,7.870,7.890,7.770,1191960;
sh601588:2.740,2.750,2.770,2.730,11405472;
sh601600:2.890,2.880,2.900,2.870,29489652;
sh601601:28.980,29.210,29.500,28.930,19001280;
sh601607:19.690,19.600,20.050,19.580,25599810;
sh601618:2.580,2.580,2.590,2.570,21731016;
sh601628:27.990,28.090,28.400,27.800,10577668;
sh601633:8.080,7.990,8.100,7.950,8543688;
sh601636:5.080,5.030,5.180,5.020,23440042;
sh601668:5.210,5.140,5.220,5.130,117419591;
sh601669:3.690,3.670,3.700,3.660,41759892;
sh601688:17.880,17.710,17.890,17.700,27748235;
sh601717:5.350,5.270,5.360,5.260,12853410;
sh601718:3.900,3.920,4.010,3.880,44058910;
sh601766:6.250,6.190,6.260,6.180,31111976;
sh601788:11.030,10.920,11.050,10.920,10515931;
sh601800:8.230,8.120,8.240,8.120,39230684;
sh601801:4.820,4.770,4.840,4.770,2689554;
sh601808:12.150,12.900,13.050,12.080,43774420;
sh601857:4.480,4.550,4.590,4.470,185032553;
sh601872:6.960,7.620,7.700,6.930,195389802;
sh601877:24.850,24.420,24.950,24.390,4625217;
sh601880:1.730,1.780,1.850,1.720,64295824;
sh601888:88.500,86.560,89.000,85.800,15735588;
sh601890:5.780,6.060,6.340,5.730,104680772;
sh601899:4.160,4.150,4.210,4.100,264954481;
sh601901:7.200,7.100,7.220,7.080,24589751;
sh601919:3.710,3.790,3.830,3.690,40353991;
sh601928:6.500,6.420,6.510,6.400,5318150;
sh601933:10.760,10.800,10.870,10.640,39504954;
sh601939:6.260,6.210,6.260,6.200,48279509;
sh601965:8.410,8.270,8.480,8.270,3305110;
sh601985:4.460,4.410,4.480,4.390,22882021;
sh601988:3.490,3.460,3.490,3.420,180405386;
sh601989:4.250,4.290,4.350,4.230,115153115;
sh601991:2.140,2.120,2.140,2.100,9116051;
sh601992:3.280,3.260,3.280,3.250,19894856;
sh601998:5.060,5.050,5.070,5.040,11323654;
sh603000:20.990,21.260,21.740,20.800,37974567;
sh603005:83.620,84.700,87.850,82.240,12502283;
sh603008:11.860,11.760,11.920,11.690,2407800;
sh603011:5.310,5.430,5.470,5.270,10631296;
sh603019:46.710,46.000,46.880,45.910,24955877;
sh603026:27.880,27.030,27.990,27.010,3632491;
sh603066:10.600,9.820,10.770,9.800,16048100;
sh603100:8.830,8.770,8.860,8.730,2120800;
sh603118:12.860,12.320,12.880,12.310,17583394;
sh603128:5.520,5.850,6.030,5.500,55090007;
sh603169:4.630,4.730,4.780,4.570,15274477;
sh603198:16.740,16.770,16.930,16.600,4886797;
sh603199:20.700,20.710,20.900,20.640,462896;
sh603288:126.550,125.850,128.980,124.900,5075722;
sh603306:13.310,13.340,13.450,13.230,970421;
sh603328:10.670,10.330,10.700,10.320,9830546;
sh603338:67.600,66.410,68.660,66.310,1662071;
sh603355:21.250,21.250,21.410,21.100,660999;
sh603368:34.560,35.610,36.480,34.560,9027169;
sh603369:29.200,28.770,29.620,28.680,8101276;
sh603398:9.110,9.050,9.140,8.950,3114586;
sh603589:41.000,40.970,41.730,40.750,5774071;
sh603598:15.600,15.240,16.090,15.120,55285298;
sh603599:16.600,17.380,17.740,16.560,19621174;
sh603606:14.570,14.660,14.910,14.330,16860150;
sh603636:13.270,12.850,13.280,12.700,13725955;
sh603678:24.870,24.530,25.160,24.480,8273284;
sh603686:18.080,18.000,18.480,17.910,11327240;
sh603696:9.840,10.150,10.660,9.730,17150274;
sh603698:11.390,11.350,11.570,11.270,2263324;
sh603699:12.320,12.250,12.390,12.110,1592200;
sh603718:17.490,18.590,18.590,17.250,17098242;
sh603766:3.420,3.360,3.440,3.360,9407450;
sh603799:33.500,33.210,34.400,33.200,34004894;
sh603806:47.240,47.120,47.710,46.630,1108772;
sh603866:53.180,51.900,53.620,51.820,2767384;
sh603883:83.710,83.500,85.490,82.510,1267668;
sh603885:9.660,9.560,9.770,9.550,13982108;
sh603889:5.040,4.990,5.080,4.990,1341853;
sh603898:14.640,14.880,15.340,14.560,1932498;
sh603899:52.980,53.080,54.680,52.520,4115707;
sh603939:100.100,99.000,102.550,98.470,2015644;
sh603993:3.500,3.470,3.520,3.450,66619692;
sh603225:10.700,10.650,10.780,10.600,2276299;
sh603195:151.020,160.910,161.000,150.550,4298132;
sh601816:6.180,6.150,6.180,6.140,36915259;
sh600673:7.220,7.240,7.410,7.210,19735767;
sh601916:4.040,4.030,4.040,4.020,14766946;
sh603027:29.600,30.080,30.350,29.500,5145045;
sh603520:72.310,70.920,74.950,69.420,2098349;
sh603868:36.710,38.000,38.820,36.710,1943291;
sh603737:108.010,108.370,110.680,107.520,787055;
sh601611:6.180,6.160,6.210,6.150,5448200;
sh601127:8.350,8.480,8.790,8.210,4998716;
sh601966:21.490,21.120,21.700,21.110,5110743;
sh603322:18.530,18.030,18.600,18.010,2745656;
sh600919:5.840,5.780,5.840,5.770,37089489;
sh601811:11.240,11.180,11.240,11.060,1230743;
sh600977:12.480,12.360,12.540,12.320,5681564;
sh603986:256.800,251.700,258.800,251.480,5474139;
sh603658:129.930,137.700,142.160,129.930,3405956;
sh603189:22.710,22.020,22.860,22.000,4627377;
sh600908:4.980,4.960,4.990,4.960,5411994;
sh603421:15.600,15.000,15.740,14.970,4400320;
sh603777:15.530,15.180,16.680,14.810,36078981;
sh603816:40.200,40.600,41.720,40.170,4307521;
sh603160:255.000,262.880,268.880,253.020,4235032;
sh603258:36.500,35.510,36.600,34.930,7505624;
sh603290:115.730,120.050,123.960,115.730,5130228;
sh601229:8.130,8.110,8.160,8.090,13319572;
sh603858:21.300,21.120,21.750,21.100,9097736;
sh603727:15.890,16.180,16.400,15.630,4278167;
sh603900:7.470,7.330,7.510,7.330,1463940;
sh600909:7.210,7.120,7.220,7.120,27440191;
sh603990:54.010,53.350,54.500,52.900,762242;
sh603708:33.870,33.700,34.450,33.080,4261288;
sh603416:37.270,39.000,39.500,37.090,2442212;
sh600996:7.830,7.750,7.830,7.710,4044451;
sh603298:12.830,12.660,12.950,12.600,5337674;
sh603218:20.400,19.850,20.400,19.550,4574116;
sh603929:14.050,13.840,14.080,13.800,1370788;
sh603186:53.240,53.050,54.200,52.660,1505958;
sh603444:377.000,373.150,382.670,371.180,1164033;
sh603228:48.400,49.180,51.500,48.390,13312887;
sh603690:33.360,32.450,33.550,32.400,3598828;
sh603039:81.610,81.400,81.910,79.450,548938;
sh603337:16.290,16.740,17.200,16.140,3642879;
sh601881:9.580,9.480,9.620,9.460,18941617;
sh603881:59.080,58.330,62.280,58.080,9324042;
sh603208:103.930,103.930,108.880,102.380,1003300;
sh600939:4.090,4.050,4.120,4.050,7218109;
sh603501:171.000,168.350,174.900,167.390,4345594;
sh603517:51.400,51.700,52.290,50.880,4927911;
sh603960:31.400,30.780,31.400,30.530,3179907;
sh603630:13.410,13.250,13.670,13.200,6464800;
sh603138:20.250,19.880,20.440,19.780,5110023;
sh603803:13.490,13.100,13.500,13.090,5229133;
sh603232:40.660,41.680,42.510,40.250,4414243;
sh603920:21.630,20.760,21.630,20.710,7417106;
sh603078:36.600,35.520,36.880,35.400,2134410;
sh601200:13.050,12.900,13.120,12.810,17549925;
sh603303:8.870,8.820,8.910,8.810,1360849;
sh603833:107.630,108.280,110.410,107.000,945510;
sh601228:3.160,3.170,3.210,3.150,7620960;
sh603345:98.930,98.550,101.610,97.850,1630536;
sh601952:10.700,11.050,11.580,10.590,98987352;
sh603383:61.000,59.980,61.250,59.880,923829;
sh603496:21.600,21.210,21.650,21.120,3462978;
sh603226:17.350,16.640,17.370,16.610,4631358;
sh603980:7.360,7.280,7.360,7.240,3623790;
sh601878:9.910,9.710,9.910,9.700,18804447;
sh603043:29.090,30.500,30.650,29.020,7300940;
sh603801:24.050,25.010,25.570,23.960,4702375;
sh603387:40.660,37.200,41.500,34.790,17314691;
sh603707:57.250,56.210,57.880,56.020,1926225;
sh603825:26.700,26.540,27.600,25.110,12154810;
sh603978:20.780,20.380,20.810,20.380,1482200;
sh603602:24.500,23.900,24.560,23.820,5798441;
sh601326:2.690,2.710,2.740,2.680,8938380;
sh603129:37.100,36.090,37.340,35.930,789800;
sh601949:5.490,5.510,5.550,5.420,7988641;
sh603127:94.090,96.060,98.700,93.990,3022228;
sh603183:12.800,14.450,14.450,12.800,49258561;
sh603882:72.500,75.000,76.250,72.000,14132005;
sh603277:9.030,9.010,9.090,8.960,1154600;
sh603386:14.660,14.490,14.710,14.420,1931800;
sh603648:8.450,8.600,8.650,8.440,3242000;
sh603321:10.140,9.520,10.390,9.520,37905569;
sh603106:7.690,8.480,8.480,7.520,29359443;
sh603533:34.000,32.310,35.290,32.150,17692050;
sh603363:22.080,22.190,23.000,21.600,30736204;
sh603466:15.080,14.860,15.180,14.790,5354685;
sh601108:9.670,9.520,9.690,9.500,26621315;
sh603607:20.290,20.220,20.650,20.130,3416941;
sh603260:23.610,23.130,23.630,23.100,1928265;
sh603289:8.010,8.090,8.130,7.930,1824580;
sh603912:21.900,21.480,22.150,21.150,10069468;
sh603856:12.000,12.520,12.880,12.000,10490581;
sh600903:10.850,10.860,10.960,10.770,7511316;
sh603083:38.560,37.270,38.800,37.270,4635358;
sh603605:134.700,132.000,136.000,128.450,3655878;
sh603619:13.660,14.440,14.490,13.510,16665929;
sh603365:13.750,13.920,14.140,13.640,3019771;
sh603711:29.110,29.200,29.700,28.620,2739602;
sh603848:12.140,12.230,12.350,12.050,1129100;
sh600025:3.550,3.560,3.580,3.530,18837199;
sh603283:38.400,36.700,38.400,36.700,2466400;
sh603329:11.380,11.210,11.400,11.140,3513454;
sh603080:12.600,12.640,12.850,12.590,1294562;
sh601155:30.660,30.650,30.880,30.440,6364896;
sh603180:62.700,63.460,64.440,62.360,808312;
sh603056:9.990,9.960,10.130,9.900,5547045;
sh601828:9.620,9.530,9.650,9.520,3417781;
sh601838:7.470,7.440,7.470,7.430,8917226;
sh603156:26.470,26.570,27.090,26.400,3733100;
sh600901:5.120,5.090,5.120,5.080,5197006;
sh603214:38.100,37.880,38.330,36.600,2093951;
sh603259:105.000,102.300,105.810,101.810,10223551;
sh603486:19.820,19.560,19.860,19.540,1393040;
sh601138:14.250,13.960,14.260,13.920,33195939;
sh601330:9.740,9.680,9.780,9.640,8256728;
sh601066:34.170,33.710,34.470,33.710,38604691;
sh601869:32.720,31.820,32.820,31.800,3171249;
sh601577:7.740,7.730,7.750,7.720,6707291;
sh601162:5.580,5.460,5.590,5.450,125406379;
sh603220:19.900,19.300,20.000,19.290,5655696;
sh601319:6.330,6.270,6.340,6.260,22545587;
sh603187:26.900,26.610,27.500,26.510,3774957;
sh601860:4.240,4.180,4.250,4.180,21628101;
sh603121:16.900,16.580,16.910,16.570,3523861;
sh603739:21.830,21.860,22.190,21.720,2282600;
sh601598:3.370,3.390,3.420,3.350,18294691;
sh600928:5.540,5.490,5.550,5.480,12639846;
sh603068:77.600,77.250,78.600,76.350,2592357;
sh600968:2.320,2.370,2.420,2.310,71369827;
sh601698:19.200,18.990,19.360,18.530,56010458;
sh603236:176.980,172.850,177.850,171.180,1102296;
sh603983:72.960,71.950,73.020,71.090,2235851;
sh603613:119.790,112.550,119.800,111.360,1863623;
sh603267:50.050,49.700,50.680,49.340,1823457;
sh603093:22.490,21.890,22.600,21.880,4196300;
sh603927:62.810,61.370,63.100,61.100,2463919;
sz000006:5.070,5.100,5.210,4.990,36160747;
sz000007:8.060,8.100,8.280,7.960,5620027;
sz000008:3.190,3.160,3.190,3.150,16478380;
sz000009:6.320,6.290,6.450,6.270,47529527;
sz000011:9.250,9.100,9.440,9.100,8182107;
sz000017:3.840,3.720,3.860,3.720,12010300;
sz000023:20.210,20.020,20.970,19.990,4574498;
sz000025:18.600,18.680,18.890,18.400,4953176;
sz000028:42.710,42.770,43.450,42.700,2844022;
sz000029:0.000,0.000,0.000,0.000,0;
sz000036:3.700,3.720,3.810,3.690,14642068;
sz000038:9.840,10.530,10.530,9.630,24234189;
sz000045:6.960,7.050,7.090,6.910,4695800;
sz000050:13.390,13.300,13.420,13.260,7899514;
sz000055:4.500,4.370,4.560,4.370,21145441;
sz000058:6.910,7.260,7.400,6.860,44205465;
sz000059:5.040,5.140,5.220,5.020,22660248;
sz000061:8.340,8.340,8.340,8.340,26081840;
sz000068:3.220,3.420,3.500,3.220,39179352;
sz000078:4.700,4.860,5.050,4.690,130111491;
sz000150:4.800,4.720,4.840,4.700,13469096;
sz000151:8.120,8.050,8.160,8.050,2312641;
sz000155:3.980,3.940,3.980,3.910,6913200;
sz000301:5.080,5.020,5.090,5.000,6062042;
sz000402:6.750,6.690,6.770,6.690,4944721;
sz000415:2.850,2.830,2.850,2.820,8802774;
sz000416:4.440,4.430,4.480,4.410,3478780;
sz000421:4.340,4.380,4.400,4.300,3760700;
sz000430:4.870,4.830,4.910,4.810,3184358;
sz000498:5.600,5.430,5.730,5.420,19571108;
sz000501:11.030,10.920,11.040,10.920,6126770;
sz000503:12.590,12.330,12.610,12.290,7534425;
sz000505:9.290,10.320,10.320,9.200,109044741;
sz000506:2.610,2.650,2.660,2.580,26226406;
sz000507:5.080,5.130,5.150,5.070,8833324;
sz000510:4.150,4.180,4.270,4.100,12573161;
sz000514:3.980,4.020,4.040,3.960,6211100;
sz000517:2.630,2.610,2.640,2.590,6717669;
sz000518:4.830,5.050,5.200,4.810,79134362;
sz000523:6.160,6.180,6.230,6.120,6317827;
sz000525:11.300,11.060,11.800,11.000,74706129;
sz000526:44.840,44.930,45.660,43.880,971410;
sz000529:7.300,7.340,7.550,7.240,21202592;
sz000530:3.550,3.510,3.560,3.500,3636732;
sz000531:7.160,7.040,7.190,7.030,5036502;
sz000532:10.530,10.370,10.560,10.350,4582817;
sz000533:2.930,3.000,3.060,2.900,32244422;
sz000536:2.000,1.930,2.170,1.910,105641405;
sz000537:6.580,6.530,6.590,6.500,3818217;
sz000540:3.230,3.240,3.330,3.180,37121480;
sz000543:3.920,3.900,3.920,3.890,10837249;
sz000544:6.770,6.840,6.930,6.690,8504250;
sz000548:3.740,3.730,3.740,3.660,1774615;
sz000551:7.550,7.550,7.670,7.480,6102073;
sz000557:2.970,2.940,3.020,2.940,13442254;
sz000565:4.760,4.680,4.790,4.680,2151605;
sz000566:7.800,7.830,7.990,7.790,18077449;
sz000573:2.640,2.610,2.640,2.610,3275853;
sz000576:6.620,6.760,6.920,6.590,14824792;
sz000586:11.010,10.590,11.070,10.560,7026571;
sz000589:4.010,3.950,4.010,3.950,6119600;
sz000590:10.580,10.600,10.750,10.480,4165485;
sz000591:3.360,3.340,3.380,3.330,13479119;
sz000592:2.390,2.400,2.460,2.370,32712580;
sz000593:4.990,4.910,5.030,4.870,4190406;
sz000598:4.960,4.910,4.960,4.900,20455817;
sz000599:4.160,4.060,4.210,4.060,11572767;
sz000607:4.160,4.570,4.570,4.100,30748375;
sz000608:5.620,6.120,6.130,5.520,8518554;
sz000610:9.350,9.010,9.630,9.000,25038024;
sz000612:3.590,3.590,3.650,3.580,3613463;
sz000613:6.430,6.520,6.640,6.360,11832000;
sz000615:3.920,4.140,4.230,3.900,25555600;
sz000616:2.240,2.280,2.330,2.210,15144619;
sz000620:2.840,2.850,2.870,2.820,4802337;
sz000622:4.400,4.310,4.410,4.280,8433300;
sz000623:15.980,16.000,16.160,15.920,9055978;
sz000626:6.660,6.660,6.700,6.620,2592002;
sz000628:8.470,8.420,8.520,8.400,1543600;
sz000629:2.130,2.140,2.150,2.110,20292929;
sz000631:3.120,3.140,3.160,3.090,12390035;
sz000637:4.660,4.700,4.780,4.580,16993709;
sz000639:5.970,6.080,6.380,5.960,50190735;
sz000650:6.710,6.670,6.850,6.660,37810556;
sz000652:9.000,8.890,9.180,8.880,76818964;
sz000655:5.120,5.060,5.150,5.050,7174564;
sz000656:7.870,7.800,7.890,7.630,46310690;
sz000657:5.710,5.900,5.930,5.610,10523912;
sz000659:2.150,2.150,2.160,2.140,3387656;
sz000662:4.150,4.220,4.390,4.060,75535924;
sz000663:4.250,4.260,4.280,4.210,6847608;
sz000665:5.530,5.410,5.540,5.400,11631100;
sz000666:9.170,9.150,9.220,9.090,3484942;
sz000667:2.840,2.790,2.880,2.720,49691888;
sz000668:12.000,11.890,12.300,11.860,1926600;
sz000669:2.240,2.120,2.250,2.110,17704958;
sz000672:25.100,24.440,25.240,24.310,20881907;
sz000673:2.690,2.640,2.730,2.630,19769000;
sz000677:3.280,3.300,3.340,3.260,9273589;
sz000680:3.800,3.730,3.850,3.710,40433459;
sz000682:5.230,5.150,5.330,5.140,23522346;
sz000685:7.600,7.630,7.690,7.600,3454888;
sz000686:8.210,8.130,8.230,8.120,12517813;
sz000687:4.050,3.940,4.060,3.890,17675071;
sz000690:5.340,5.240,5.340,5.230,7473674;
sz000691:4.340,4.320,4.400,4.280,4028700;
sz000695:7.320,7.340,7.420,7.230,790510;
sz000697:9.150,9.130,9.330,9.060,4098700;
sz000700:8.750,8.410,8.770,8.400,37436691;
sz000701:4.350,4.300,4.360,4.270,5201800;
sz000702:5.860,5.860,6.080,5.740,31916907;
sz000703:11.950,12.100,12.210,11.930,13443562;
sz000705:7.060,7.050,7.110,7.040,5136507;
sz000710:50.450,49.460,52.500,47.700,6327148;
sz000711:3.910,3.940,4.080,3.830,16733463;
sz000713:11.980,12.190,12.780,11.650,147390642;
sz000716:4.490,4.230,4.490,4.160,96442850;
sz000718:3.180,3.230,3.270,3.170,15245718;
sz000719:6.700,6.760,6.820,6.690,3398189;
sz000721:4.980,4.810,5.100,4.800,53339536;
sz000722:5.960,5.990,6.090,5.920,4518523;
sz000727:1.370,1.350,1.410,1.350,134990745;
sz000735:10.230,10.340,10.470,10.160,72357770;
sz002324:12.410,12.600,12.920,12.410,13540142;
sz000753:2.670,2.700,2.720,2.660,4799912;
sz000755:4.010,3.930,4.020,3.920,5521930;
sz000756:10.970,10.900,11.350,10.810,11618335;
sz000758:4.270,4.240,4.280,4.230,7554858;
sz000759:6.430,6.420,6.450,6.390,898114;
sz000762:7.010,6.930,7.030,6.930,3759400;
sz000766:5.980,5.990,6.200,5.970,17641827;
sz000778:3.500,3.470,3.500,3.460,13477680;
sz000779:12.170,12.280,12.770,12.120,16018337;
sz000783:6.330,6.260,6.330,6.260,14927339;
sz000789:13.410,13.200,13.480,13.180,20321534;
sz000790:5.540,5.440,5.650,5.440,17025152;
sz000791:3.300,3.270,3.310,3.260,8862420;
sz000793:3.140,3.160,3.200,3.110,33196896;
sz000795:5.210,5.160,5.240,5.140,16377602;
sz000797:3.580,3.600,3.630,3.530,10601567;
sz000798:6.110,6.220,6.300,6.050,7674300;
sz000799:33.090,32.680,33.870,32.620,11551546;
sz000800:10.030,9.970,10.170,9.890,9867205;
sz000802:8.570,8.300,8.570,8.280,10449200;
sz000807:3.960,3.940,3.980,3.930,29645688;
sz000810:11.610,11.280,11.630,11.270,16019654;
sz000812:2.990,2.990,3.000,2.970,8220933;
sz000813:5.680,5.770,5.870,5.680,25961236;
sz000815:7.320,7.020,7.350,7.000,14216102;
sz000825:3.340,3.330,3.350,3.320,8961400;
sz000828:7.030,7.070,7.120,7.000,2500501;
sz000829:5.510,5.440,5.520,5.430,9055280;
sz000830:8.240,8.130,8.250,8.050,21593395;
sz000831:10.330,10.200,10.350,10.130,13630347;
sz000836:3.820,3.760,3.820,3.710,26463326;
sz000839:3.410,3.350,3.440,3.350,29974792;
sz000851:7.120,6.800,7.180,6.800,36734482;
sz000856:8.860,8.920,9.080,8.770,6095501;
sz000859:5.810,5.980,6.060,5.750,50246135;
sz000863:3.950,3.990,4.010,3.950,2024600;
sz000877:11.770,11.520,11.790,11.500,18646857;
sz000878:9.680,9.560,9.740,9.540,16602168;
sz000880:7.430,7.820,8.110,7.340,9447522;
sz000881:7.070,7.050,7.130,7.000,4972366;
sz000886:4.820,4.850,4.930,4.730,19233291;
sz000889:12.010,11.340,12.070,11.130,50463134;
sz000890:3.430,3.400,3.480,3.390,6502859;
sz000900:3.840,3.840,3.850,3.820,3818496;
sz000901:10.510,10.600,10.700,10.380,21746490;
sz000903:5.180,5.410,5.680,5.020,216096438;
sz000905:6.070,6.060,6.120,6.020,3454601;
sz000908:4.990,5.030,5.210,4.930,115797358;
sz000909:8.390,8.270,8.460,8.240,6188301;
sz000912:4.280,4.480,4.630,4.260,17760606;
sz000913:10.310,10.180,10.340,10.170,1609801;
sz000915:26.600,26.660,27.100,26.500,4074778;
sz000917:6.280,6.470,6.540,6.220,39634146;
sz000929:6.510,6.410,6.530,6.400,1402100;
sz000930:7.930,7.990,8.270,7.850,93196654;
sz000931:9.420,9.560,9.670,9.270,26690256;
sz000935:13.740,13.450,13.820,13.420,5539835;
sz000948:12.220,11.870,12.240,11.860,9660772;
sz000949:4.020,3.970,4.070,3.960,30772895;
sz000950:5.240,5.270,5.380,5.240,5483594;
sz000952:11.570,11.590,11.750,11.300,11145925;
sz000959:2.910,2.920,2.930,2.900,6476156;
sz000975:16.920,16.880,17.120,16.570,38067246;
sz000976:5.120,5.040,5.140,5.040,16603900;
sz000990:12.700,12.540,12.790,12.520,5593338;
sz000996:8.260,8.150,8.260,8.140,4090271;
sz001696:5.520,5.500,5.600,5.490,10020334;
sz001896:3.310,3.340,3.370,3.310,8184381;
sz002004:5.220,5.190,5.330,5.190,26578750;
sz002009:7.410,7.310,7.420,7.300,2634100;
sz002012:6.270,6.070,6.290,6.060,19562600;
sz002016:7.080,7.040,7.090,7.020,1743411;
sz002017:12.400,12.100,12.400,12.090,7040311;
sz002022:18.380,17.960,19.030,17.730,69195614;
sz002023:14.920,14.570,14.960,14.450,25400593;
sz002028:19.970,19.020,20.100,18.980,36170113;
sz002034:16.870,16.800,17.170,16.580,3463569;
sz002037:6.260,6.230,6.350,6.180,2612400;
sz002045:9.050,8.830,9.120,8.820,11437887;
sz002052:2.420,2.340,2.420,2.340,8288901;
sz002053:6.530,6.630,6.700,6.520,2226178;
sz002054:6.840,6.820,6.960,6.770,11268341;
sz002057:6.770,6.660,6.800,6.660,6320550;
sz002058:18.870,18.750,19.150,18.310,1121401;
sz002061:6.300,6.230,6.690,6.150,61435801;
sz002064:5.170,5.240,5.370,5.130,25251804;
sz002066:9.030,9.340,9.480,8.950,6862891;
sz002073:4.010,3.960,4.020,3.950,6245117;
sz002076:2.560,2.500,2.590,2.500,19884667;
sz002077:5.890,5.700,5.890,5.690,11996876;
sz002079:0.000,0.000,0.000,0.000,0;
sz002082:10.390,11.360,11.360,10.310,13138306;
sz002083:8.140,8.590,8.620,8.140,31162183;
sz002084:5.070,4.990,5.090,4.960,2850221;
sz002093:9.580,9.270,9.590,9.250,33079444;
sz002098:5.730,5.630,5.760,5.630,2751998;
sz002103:5.370,5.160,5.430,5.070,101682418;
sz002104:8.480,8.800,9.080,8.390,150696039;
sz002107:12.440,12.400,12.730,12.370,5792056;
sz002108:3.520,3.450,3.550,3.450,12273707;
sz002109:3.080,3.100,3.130,3.070,4929967;
sz002112:7.650,7.420,7.680,7.400,13195598;
sz002114:6.600,6.620,6.730,6.600,2772000;
sz002118:5.220,5.220,5.330,5.210,15523641;
sz002119:12.750,12.760,12.970,12.450,34145508;
sz002123:17.130,16.200,17.130,16.170,40255138;
sz002124:12.310,12.320,12.590,12.190,60141750;
sz002127:14.480,14.400,14.580,14.030,25288038;
sz002130:4.740,4.710,4.780,4.710,16017253;
sz002133:3.110,3.150,3.180,3.090,9061110;
sz002134:8.870,8.610,8.870,8.610,3823038;
sz002136:8.520,8.270,8.560,8.240,7677502;
sz002137:7.430,7.030,7.470,6.910,30659144;
sz002145:4.780,4.740,4.840,4.700,32861364;
sz002146:7.860,7.810,7.860,7.790,16864125;
sz002148:4.930,4.760,4.940,4.750,14436260;
sz002149:6.680,6.650,6.700,6.600,3096228;
sz002150:6.060,5.980,6.090,5.980,3958210;
sz002155:8.200,8.310,8.330,8.150,41780565;
sz002159:10.680,10.590,10.800,10.570,2021695;
sz002161:9.100,8.870,9.140,8.850,15785727;
sz002162:3.260,3.280,3.310,3.240,4833549;
sz002166:8.550,8.980,9.260,8.480,49133866;
sz002167:5.990,5.860,5.990,5.830,5622164;
sz002168:7.270,7.090,7.300,7.080,7326187;
sz002170:4.840,4.840,4.840,4.840,7640682;
sz002172:3.120,3.090,3.140,3.090,9375500;
sz002173:5.420,5.390,5.550,5.390,2365000;
sz002174:21.900,22.150,22.780,21.150,47964774;
sz002176:2.080,2.030,2.090,2.030,27782862;
sz002177:5.280,5.100,5.360,4.980,90105223;
sz002178:5.380,5.330,5.650,5.200,80993848;
sz002182:9.720,9.500,9.720,9.460,9604759;
sz002183:4.030,4.350,4.390,4.030,78316771;
sz002184:12.020,11.640,12.090,11.570,6230066;
sz002186:9.150,9.100,9.170,9.060,1631680;
sz002192:13.870,13.980,14.560,13.870,14255162;
sz002196:5.130,5.030,5.130,5.020,2888633;
sz002197:9.910,9.510,10.020,9.450,33194892;
sz002199:8.710,8.790,8.950,8.610,10814129;
sz002201:14.720,14.510,14.810,14.500,4335060;
sz002208:7.300,7.120,7.410,7.120,7806342;
sz002211:5.500,5.410,5.530,5.400,2934901;
sz002212:24.950,24.830,25.060,24.610,5571012;
sz002213:18.310,17.980,18.590,17.820,2004473;
sz002218:3.600,3.440,3.600,3.430,29016500;
sz002219:2.180,2.170,2.210,2.160,14538010;
sz002221:9.600,9.970,10.270,9.550,75975500;
sz002224:6.940,6.750,6.940,6.750,9506320;
sz002225:4.350,4.240,4.350,4.230,5663474;
sz002226:4.910,5.080,5.150,4.890,14259709;
sz002227:17.070,16.050,17.070,16.030,9860663;
sz002228:3.740,3.700,3.830,3.690,34736004;
sz002229:7.250,7.190,7.320,7.110,9047717;
sz002231:7.100,6.980,7.100,6.980,6595501;
sz002232:9.770,9.450,9.810,9.440,7789200;
sz002234:26.110,25.720,26.340,25.700,8792761;
sz002235:9.290,9.630,10.090,9.050,76698246;
sz002239:3.970,3.860,3.990,3.850,96854326;
sz002240:8.060,8.280,8.730,8.050,24049554;
sz002243:12.810,12.880,13.090,12.790,7318600;
sz002245:3.960,3.900,3.980,3.900,6616618;
sz002246:8.440,8.630,9.000,8.370,25552208;
sz002247:1.930,1.880,1.930,1.880,10692200;
sz002248:8.360,8.120,8.390,8.110,2244284;
sz002250:17.380,17.170,17.380,16.900,6743226;
sz002256:1.620,1.580,1.630,1.580,24588100;
sz002261:9.450,9.030,9.460,9.010,46974241;
sz002262:13.700,13.680,14.250,13.620,24884803;
sz002264:4.840,4.810,4.950,4.740,34547689;
sz002265:7.750,7.920,8.110,7.710,5615768;
sz002266:3.750,3.720,3.760,3.710,5795901;
sz002267:5.960,6.000,6.040,5.960,3394246;
sz002270:5.340,5.290,5.550,5.210,38881799;
sz002975:115.000,112.920,115.880,112.480,2468702;
sz002278:5.620,5.650,5.680,5.580,2695993;
sz002280:2.420,2.340,2.440,2.330,65960258;
sz002282:7.020,6.960,7.080,6.950,2397319;
sz002286:8.470,8.760,9.190,8.180,21556221;
sz002288:4.660,4.610,4.740,4.600,18752000;
sz002291:21.000,20.540,21.240,20.500,28161374;
sz002292:6.870,6.780,6.940,6.770,7566418;
sz002295:6.580,6.680,6.740,6.550,1940144;
sz002296:7.810,7.570,7.830,7.570,12029100;
sz002297:5.320,5.420,5.490,5.280,7072811;
sz002298:8.190,8.060,8.230,8.050,6138402;
sz002303:5.300,5.320,5.460,5.230,55784725;
sz002308:6.040,5.820,6.090,5.820,16718154;
sz002309:5.920,5.820,5.940,5.820,4973921;
sz002310:5.230,5.150,5.230,5.150,20618382;
sz002312:4.760,4.650,4.780,4.630,18953666;
sz002313:18.050,17.820,18.100,17.740,3708342;
sz002314:2.680,2.660,2.680,2.650,4522960;
sz002316:7.200,7.150,7.220,6.990,9072500;
sz002317:12.480,12.600,12.820,12.460,17123672;
sz002318:7.450,7.460,7.560,7.400,14593877;
sz002319:6.210,6.040,6.240,6.040,1573921;
sz002320:16.850,17.500,17.690,16.760,21321210;
sz002326:12.940,12.640,13.270,12.600,55132723;
sz002329:6.040,6.130,6.330,5.850,91576465;
sz002330:7.330,7.100,7.390,7.080,18716900;
sz002332:14.640,13.960,15.080,13.800,30890488;
sz002334:4.710,4.560,4.750,4.550,19656764;
sz002335:22.600,21.750,22.800,21.750,6014763;
sz002338:14.400,14.210,14.580,14.150,3830100;
sz002339:6.240,6.110,6.280,6.110,7235940;
sz002341:5.640,5.570,5.720,5.560,20512399;
sz002342:3.150,3.170,3.210,3.100,12956103;
sz002345:3.410,3.390,3.430,3.380,6487900;
sz002346:10.420,10.200,10.510,10.100,1771600;
sz002347:4.240,4.200,4.270,4.190,3416275;
sz002348:2.960,2.920,2.980,2.840,9108500;
sz002349:5.930,5.980,6.290,5.920,26007029;
sz002350:5.790,5.680,5.840,5.650,4802692;
sz002354:2.090,2.040,2.100,2.030,12416583;
sz002358:6.110,5.950,6.110,5.940,8388904;
sz002360:5.200,5.160,5.210,5.150,2132600;
sz002361:4.510,4.480,4.640,4.450,15405973;
sz002362:17.500,17.550,17.570,17.210,4770212;
sz002363:9.600,9.620,9.800,9.380,18415713;
sz002364:15.080,14.970,15.120,14.670,18664715;
sz002366:4.940,4.920,4.980,4.890,9604244;
sz002369:9.230,8.970,9.250,8.960,15270320;
sz002370:6.300,6.380,6.830,6.300,55615418;
sz002378:4.080,4.110,4.150,4.040,5607725;
sz002379:3.160,3.110,3.170,3.100,6094000;
sz002380:14.280,13.990,14.350,13.950,2660495;
sz002381:7.660,7.650,7.680,7.580,2683100;
sz002385:9.600,9.200,9.840,9.110,507834268;
sz002387:11.780,12.520,12.840,11.700,28240357;
sz002389:11.970,12.150,12.380,11.900,20451075;
sz002390:4.920,5.040,5.240,4.920,33949846;
sz002391:9.370,9.300,9.620,9.260,41301662;
sz002392:3.480,3.460,3.490,3.440,4239404;
sz002395:22.980,22.960,23.250,22.890,498700;
sz002397:4.450,4.460,4.470,4.430,2400299;
sz002399:22.290,22.150,22.600,21.990,6982615;
sz002400:6.330,5.680,6.380,5.560,535820995;
sz002401:13.200,12.990,13.200,12.860,10591418;
sz002402:13.740,13.330,13.750,13.300,29494990;
sz002403:8.210,8.430,8.450,8.130,3103673;
sz002406:5.530,5.640,5.670,5.480,9340710;
sz002407:11.240,11.050,11.300,11.050,14556093;
sz002408:5.980,5.940,5.990,5.920,5949819;
sz002409:37.010,36.990,38.300,36.880,12749309;
sz002410:46.100,46.570,46.790,45.620,3100240;
sz002411:8.650,8.630,8.920,8.580,35905928;
sz002412:8.190,8.150,8.370,8.110,14368831;
sz002413:7.700,8.440,8.440,7.540,101244198;
sz002416:7.210,7.110,7.300,7.080,25924664;
sz002417:7.420,7.200,7.450,7.200,27070713;
sz002418:2.280,2.250,2.290,2.230,12772560;
sz002426:2.490,2.320,2.520,2.300,399326031;
sz002429:4.460,4.340,4.480,4.330,40955532;
sz002430:11.310,11.210,11.360,11.180,4183498;
sz002431:2.610,2.630,2.650,2.600,8933250;
sz002433:4.680,4.690,4.790,4.660,7802494;
sz002437:3.230,3.150,3.350,3.150,93162120;
sz002438:8.130,8.020,8.140,7.960,3670820;
sz002446:7.840,7.670,7.840,7.670,16443043;
sz002448:5.090,5.100,5.130,5.080,3944100;
sz002451:8.040,8.370,8.760,8.040,18348952;
sz002452:6.840,6.700,6.900,6.690,13218451;
sz002453:4.850,4.850,4.890,4.760,9373902;
sz002454:4.740,4.700,4.740,4.670,3753646;
sz002457:7.610,7.520,7.630,7.500,4879342;
sz002459:14.600,14.230,14.600,14.160,10592662;
sz002464:8.110,9.130,9.130,8.110,137757070;
sz002466:19.470,18.890,19.500,18.860,35230658;
sz002467:7.290,7.090,7.300,7.050,65880327;
sz002469:0.000,0.000,0.000,0.000,0;
sz002471:2.410,2.380,2.430,2.360,19381350;
sz002472:5.850,5.520,5.850,5.510,47264433;
sz002474:7.870,7.610,7.870,7.610,6120170;
sz002476:7.220,7.030,7.260,7.030,10242429;
sz002478:5.250,5.220,5.260,5.170,2132232;
sz002480:7.700,7.700,7.700,7.700,2641702;
sz002481:15.150,15.970,15.970,14.800,175780702;
sz002483:4.760,4.890,4.980,4.720,21749220;
sz002486:4.630,4.550,4.720,4.540,56993785;
sz002489:4.100,4.010,4.110,3.960,68523708;
sz002490:3.780,3.780,3.780,3.780,2011863;
sz002491:5.850,5.690,5.870,5.690,14597735;
sz002492:6.150,6.730,6.730,6.120,81447812;
sz002493:12.060,11.930,12.230,11.850,7853792;
sz002495:2.820,2.830,2.940,2.770,30860216;
sz002496:2.510,2.500,2.540,2.480,11552336;
sz002497:7.810,7.530,7.840,7.450,29190650;
sz002498:4.120,4.000,4.160,3.980,114015111;
sz002502:3.200,3.250,3.300,3.180,14939000;
sz002503:3.730,3.790,3.870,3.690,250825924;
sz002504:2.710,2.750,2.750,2.680,10405808;
sz002505:2.270,2.480,2.480,2.220,463341326;
sz002506:2.760,2.690,2.770,2.690,143863089;
sz002967:39.660,40.300,40.660,39.360,2929247;
sz002512:6.030,5.870,6.100,5.850,40003461;
sz002513:5.060,5.030,5.130,5.020,3678441;
sz002514:4.610,4.570,4.610,4.530,4710200;
sz002515:6.620,6.540,7.080,6.400,174125360;
sz002517:2.700,2.740,2.790,2.630,49519544;
sz002519:3.950,3.940,3.980,3.920,9703460;
sz002520:6.920,7.070,7.190,6.900,5059051;
sz002523:2.540,2.530,2.560,2.520,6063046;
sz002524:8.000,8.110,8.390,7.970,19291905;
sz002526:2.400,2.330,2.410,2.320,56838386;
sz002527:5.180,5.140,5.230,5.130,3581505;
sz002528:4.780,4.750,4.800,4.710,6773451;
sz002530:11.800,11.650,11.990,11.500,18915726;
sz002532:6.000,6.300,6.390,5.980,14102558;
sz002538:5.130,5.170,5.270,5.080,34218123;
sz002540:4.450,4.420,4.520,4.410,7019105;
sz002541:17.960,17.920,18.300,17.800,6539550;
sz002544:15.050,14.780,15.080,14.650,8103798;
sz002545:7.550,7.300,7.680,7.280,21364800;
sz002548:10.590,11.080,11.570,10.500,48912381;
sz002550:4.820,4.760,4.940,4.730,19886157;
sz002551:8.990,8.990,9.250,8.950,41276676;
sz002552:16.060,16.170,16.350,15.900,5696589;
sz002553:5.160,5.270,5.400,5.150,13034915;
sz002554:2.640,2.700,2.720,2.620,25713676;
sz002562:5.650,5.440,5.670,5.410,22793748;
sz002564:4.950,4.880,5.310,4.650,75723848;
sz002575:4.890,4.890,4.890,4.890,200900;
sz002576:8.990,8.920,8.990,8.870,2863253;
sz002577:10.320,10.060,10.320,10.050,4252112;
sz002581:22.000,23.980,23.980,21.220,101190627;
sz002584:9.800,9.490,10.280,9.370,113570746;
sz002585:5.920,6.080,6.180,5.920,38383739;
sz002587:6.640,6.730,6.820,6.500,17599120;
sz002591:7.690,7.500,7.690,7.480,4499800;
sz002592:11.580,11.180,11.750,11.180,5318949;
sz002596:7.250,7.360,7.400,7.180,31586379;
sz002605:29.490,28.580,29.490,28.520,9490710;
sz002610:1.580,1.600,1.640,1.560,89125668;
sz002615:4.750,4.730,4.790,4.700,3775600;
sz002616:8.970,9.100,9.280,8.970,6374309;
sz002617:5.150,5.040,5.150,5.030,15905850;
sz002618:10.120,9.900,10.170,9.890,4502336;
sz002619:2.510,2.470,2.520,2.450,22977330;
sz002622:3.150,3.110,3.160,3.090,7814700;
sz002623:30.190,30.550,30.970,29.800,4439065;
sz002624:50.930,48.000,50.930,47.570,15489888;
sz002625:7.250,7.600,7.960,7.120,29006872;
sz002627:9.690,9.650,10.010,9.550,5268160;
sz002630:2.290,2.270,2.320,2.270,19188300;
sz002631:7.520,7.740,7.760,7.500,4844770;
sz002634:5.450,5.350,5.540,5.340,8345645;
sz002636:8.160,7.990,8.190,7.990,3996986;
sz002637:12.700,12.870,13.270,12.670,16496197;
sz002638:3.110,3.050,3.120,3.040,12465000;
sz002639:8.090,7.980,8.220,7.910,30815087;
sz002641:7.600,7.670,7.800,7.530,14739498;
sz002644:9.440,9.530,9.840,9.430,13218656;
sz002650:4.220,4.280,4.460,4.170,96266994;
sz002651:4.970,5.050,5.300,4.900,22531174;
sz002652:3.500,3.440,3.500,3.420,2877691;
sz002653:21.600,20.910,21.870,20.650,4443869;
sz002654:4.200,4.190,4.290,4.090,14664274;
sz002656:1.920,1.870,1.930,1.860,4309862;
sz002658:6.090,6.080,6.200,6.070,1747094;
sz002659:5.290,5.250,5.320,5.210,4963100;
sz002660:11.400,10.910,11.570,10.880,17365515;
sz002662:2.680,2.820,2.870,2.670,33082123;
sz002663:2.440,2.680,2.680,2.410,45533309;
sz002664:14.210,14.070,14.330,14.060,2720333;
sz002665:2.920,2.920,2.970,2.910,29942661;
sz002669:15.100,14.990,15.240,14.890,6050698;
sz002670:9.290,9.110,9.300,9.080,12384235;
sz002674:8.800,8.700,8.830,8.680,1620600;
sz002676:3.750,4.100,4.100,3.710,99996940;
sz002678:7.430,7.170,7.870,7.170,5223490;
sz002679:12.400,12.230,12.540,12.200,2953815;
sz002685:4.980,4.880,5.000,4.860,12721200;
sz002688:8.280,8.200,8.470,8.170,31274291;
sz002689:3.800,3.690,3.830,3.680,19739352;
sz002693:5.670,5.610,5.770,5.600,9526948;
sz002695:22.700,21.950,22.790,21.770,4885027;
sz002698:10.170,10.260,10.330,10.020,6489449;
sz002700:5.410,5.410,5.460,5.360,3147134;
sz002702:5.190,5.700,5.700,5.150,55501094;
sz002703:4.350,4.260,4.350,4.250,2451283;
sz002708:6.500,6.390,6.520,6.380,2867300;
sz002709:25.910,25.860,26.510,25.720,7219263;
sz002712:6.300,6.260,6.380,6.150,9295219;
sz002713:6.320,6.180,6.340,6.160,1801100;
sz002715:19.400,20.510,20.740,19.310,2040096;
sz002717:4.370,4.380,4.400,4.330,11862910;
sz002719:9.610,9.670,9.970,9.520,6393010;
sz002721:4.320,4.300,4.330,4.270,4935503;
sz002722:12.420,12.290,12.440,12.250,1017266;
sz002723:12.030,12.200,12.740,12.000,5756741;
sz002724:6.310,6.180,6.310,6.180,3596317;
sz002725:10.570,10.080,10.570,10.040,8747004;
sz002728:16.210,15.980,16.260,15.950,2881174;
sz002729:37.100,36.420,37.100,36.200,257823;
sz002730:7.370,7.240,7.430,7.200,1282571;
sz002732:19.490,19.850,20.200,19.330,3617125;
sz002734:17.570,17.390,17.900,17.280,9869698;
sz002735:18.540,18.800,19.000,18.430,1765950;
sz002736:10.740,10.780,10.840,10.680,12650648;
sz002737:13.890,14.040,14.250,13.860,5827405;
sz002738:15.070,14.900,15.080,14.900,987300;
sz002742:6.910,7.130,7.290,6.910,11102350;
sz002748:7.120,7.020,7.120,6.930,690900;
sz002750:9.910,9.850,10.100,9.850,4654509;
sz002751:22.400,22.090,22.500,22.050,2222700;
sz002753:6.810,6.880,6.940,6.810,544875;
sz002755:17.490,18.190,18.510,17.420,10928463;
sz002756:16.330,15.910,16.430,15.900,2990640;
sz002758:11.200,10.790,11.240,10.690,3985358;
sz002759:7.100,7.020,7.130,7.020,1723293;
sz002760:20.010,19.930,20.400,19.770,2269509;
sz002761:10.340,10.540,10.650,10.220,14880362;
sz002763:8.430,8.580,8.580,8.180,6354640;
sz002765:4.190,4.200,4.220,4.150,2816100;
sz002767:12.470,12.660,12.890,12.200,2367328;
sz002769:7.310,7.540,7.550,7.300,4948020;
sz002770:3.020,3.410,3.410,2.990,208065948;
sz002771:14.980,14.560,15.170,14.390,17126398;
sz002772:7.330,7.290,7.490,7.210,9922003;
sz002778:23.160,22.890,23.470,22.880,719900;
sz002780:20.790,20.290,20.790,19.580,3863915;
sz002781:14.580,15.350,15.370,14.460,8088500;
sz002782:9.880,9.740,9.900,9.700,2807000;
sz002783:10.400,10.280,10.430,10.210,4118955;
sz002785:16.270,16.450,16.650,16.230,3218656;
sz002786:7.540,7.340,7.540,7.310,3420300;
sz002787:7.230,7.390,7.470,7.090,4275058;
sz002790:6.020,6.000,6.030,5.950,1777712;
sz002789:13.580,13.550,13.660,13.500,605240;
sz002792:27.050,26.230,27.170,26.220,4640953;
sz002791:64.900,64.120,66.930,63.000,1384653;
sz002793:15.250,15.060,15.450,14.910,7175125;
sz002795:13.410,13.740,13.840,13.230,1380000;
sz002796:36.760,35.690,36.950,35.650,2949619;
sz002797:7.100,7.020,7.110,7.010,34381345;
sz002800:21.140,20.690,21.150,20.680,901500;
sz002799:17.540,17.640,18.110,17.280,4007972;
sz002801:34.400,34.680,34.710,34.090,1022100;
sz002802:19.250,18.880,19.250,18.880,664111;
sz002805:12.350,12.200,12.460,12.200,2265050;
sz002803:30.520,30.250,30.710,30.150,3098790;
sz002806:12.000,11.830,12.020,11.820,1092660;
sz002808:9.560,9.080,9.620,9.080,22024832;
sz002809:22.160,22.200,23.230,21.950,8636950;
sz002810:18.400,18.030,18.400,18.000,2265126;
sz002602:14.110,13.630,14.170,13.630,39717962;
sz002807:4.180,4.160,4.190,4.160,7152596;
sz002811:14.260,14.280,14.560,14.130,1065500;
sz002813:21.460,21.270,21.650,21.250,769600;
sz002816:27.350,26.450,27.430,26.250,1820600;
sz002817:21.120,21.350,21.620,21.120,1490100;
sz002819:23.850,23.400,24.190,23.400,1866060;
sz002820:11.190,11.200,11.480,11.070,5615241;
sz002823:10.080,9.810,10.110,9.810,2338940;
sz002825:18.810,18.810,18.810,18.810,2731381;
sz002822:10.050,10.000,10.110,9.970,12380075;
sz002828:9.230,9.580,9.760,9.230,11061343;
sz002826:11.170,10.920,11.310,10.910,6205761;
sz002827:8.660,8.540,8.720,8.510,1116650;
sz002829:27.650,27.320,27.780,27.100,2853700;
sz002830:12.240,12.020,12.280,11.910,1181800;
sz002831:22.850,22.400,22.920,22.270,2514067;
sz002835:10.130,10.300,10.640,9.980,6007406;
sz002833:37.200,37.340,37.790,37.130,560900;
sz002836:11.160,11.220,11.620,11.030,6349149;
sz002837:43.080,41.510,43.090,41.470,3750284;
sz002838:38.510,38.850,39.450,38.380,20305704;
sz002824:19.800,19.510,20.200,19.200,6719543;
sz002842:9.500,9.490,9.600,9.310,2108328;
sz002843:8.520,8.350,8.690,8.300,9765100;
sz002839:5.470,5.420,5.480,5.420,18792150;
sz002845:21.000,20.210,21.080,20.210,4203500;
sz002846:27.040,25.850,27.400,25.410,8734482;
sz002848:12.190,12.310,12.780,12.140,13507631;
sz002849:12.950,12.840,13.000,12.790,627818;
sz002868:16.680,16.880,17.050,16.580,1334412;
sz002774:7.000,6.820,7.040,6.810,6363363;
sz002840:15.400,15.700,16.080,15.310,5494600;
sz002858:12.770,12.780,12.830,12.600,1116107;
sz002850:53.250,51.920,54.800,51.510,3990811;
sz002857:11.700,11.800,11.970,11.700,664424;
sz002855:11.320,10.940,11.320,10.920,2112200;
sz002856:18.150,17.810,18.450,17.310,4862999;
sz002853:17.000,16.860,17.170,16.830,971200;
sz002863:4.910,4.890,4.910,4.840,3271432;
sz002865:13.800,13.740,13.890,13.700,1403800;
sz002866:15.000,14.680,15.300,14.320,10179510;
sz002861:25.690,24.890,25.710,24.830,1274200;
sz002860:26.100,25.520,26.300,25.500,3433850;
sz002862:27.250,27.370,27.650,26.900,1456900;
sz002859:39.160,38.690,39.670,38.380,3099934;
sz001979:16.800,17.170,17.250,16.700,15362677;
sz002871:17.150,17.360,17.650,17.090,1212070;
sz002870:20.020,20.940,21.230,19.000,2459282;
sz002872:5.630,5.680,5.730,5.610,3061850;
sz002873:19.300,18.750,19.490,18.700,5260350;
sz002876:45.390,45.250,46.490,44.700,1937557;
sz002875:18.700,18.750,18.750,17.750,4096580;
sz002877:7.830,7.810,7.900,7.730,9968795;
sz002878:33.700,32.900,33.980,32.900,3305160;
sz002880:72.770,72.500,74.160,72.390,1012280;
sz002883:20.880,20.640,21.540,20.410,4086925;
sz002881:21.470,20.970,21.700,20.960,1431140;
sz002886:30.260,29.930,30.880,29.910,5205235;
sz002885:16.190,15.660,16.240,15.610,3831225;
sz002879:17.340,16.610,17.340,16.600,5882082;
sz002882:10.900,10.530,11.000,10.510,5573900;
sz002889:23.970,23.730,24.100,23.700,916059;
sz002887:17.420,17.000,17.590,16.900,2258720;
sz002890:35.500,36.850,36.900,35.200,902000;
sz002892:22.000,21.540,22.090,21.520,1843000;
sz002891:23.580,23.120,23.890,23.000,3202580;
sz002895:11.860,12.020,12.050,11.730,6281238;
sz002896:21.300,20.700,21.300,20.660,774400;
sz002897:30.890,29.740,30.890,29.710,5096574;
sz002898:13.590,13.840,13.870,13.510,2252749;
sz002893:10.300,10.360,10.430,10.240,2232600;
sz002906:12.440,12.270,12.540,12.210,2383488;
sz002903:12.110,12.130,12.160,12.010,2193750;
sz002905:13.230,12.960,13.230,12.950,2533903;
sz002907:18.720,19.730,19.900,18.700,10734804;
sz002909:11.290,11.320,11.380,11.230,2249400;
sz002910:10.650,10.870,11.130,10.540,10274500;
sz002864:28.720,28.700,29.630,28.640,2316000;
sz002912:174.660,174.350,176.730,172.580,762058;
sz002911:16.380,16.570,16.790,16.150,9852684;
sz002915:22.210,22.450,22.800,22.160,1268100;
sz002917:14.700,15.030,15.200,14.670,4025865;
sz002919:14.800,15.360,15.580,14.760,2923400;
sz002920:36.400,36.110,36.880,35.790,3590938;
sz002921:18.210,18.500,18.700,18.210,1272139;
sz002922:13.640,13.530,13.710,13.530,1052000;
sz002923:18.210,17.850,18.730,17.760,4160550;
sz002927:16.680,16.340,16.690,16.310,2276248;
sz002929:31.990,30.780,32.020,30.780,5880087;
sz002930:17.010,18.900,18.900,17.010,46802676;
sz002931:28.050,27.160,28.200,27.000,3652563;
sz002932:68.850,68.850,68.850,66.020,9637068;
sz002935:32.720,32.410,32.940,32.130,4205169;
sz002936:3.870,3.850,3.870,3.840,7502694;
sz002937:13.340,13.250,13.400,13.200,1671160;
sz002940:50.260,48.790,50.870,48.600,1227233;
sz002939:12.000,11.830,12.030,11.820,17822317;
sz002941:15.830,15.300,15.880,15.300,10723205;
sz002943:21.850,21.610,21.920,21.480,1215744;
sz002942:26.110,25.770,26.220,25.760,2598100;
sz002952:25.160,24.200,25.370,24.160,2143294;
sz002948:4.990,4.980,5.000,4.970,5257420;
sz002945:14.250,14.010,14.300,14.000,15366858;
sz002949:17.000,16.810,17.130,16.810,1027600;
sz002958:4.280,4.230,4.280,4.220,16050140;
sz002955:53.340,52.180,53.360,52.100,1740432;
sz002956:65.650,63.100,66.950,63.000,3900466;
sz002957:25.080,24.780,25.320,24.780,1093716;
sz002960:22.050,21.750,22.100,21.680,2033000;
sz002961:29.600,28.690,29.680,28.640,2959795;
sz002962:28.800,28.450,28.800,28.340,1158828;
sz000001:13.230,13.230,13.310,13.110,64698963;
sz000002:26.190,26.000,26.250,25.900,45051946;
sz000012:4.500,4.420,4.510,4.420,9794391;
sz000014:8.620,8.500,8.650,8.440,3284700;
sz000016:7.630,7.300,7.640,7.260,108299433;
sz000019:10.660,10.660,10.660,10.660,9067382;
sz000020:9.410,9.370,9.550,9.370,1229801;
sz000021:19.800,19.220,20.150,19.170,50080768;
sz001872:14.590,14.510,14.870,14.370,2960143;
sz000026:8.610,8.750,8.850,8.600,5702048;
sz000027:5.350,5.330,5.370,5.310,6339366;
sz000031:5.320,5.290,5.330,5.280,5264000;
sz000032:18.010,17.050,18.280,17.010,7843860;
sz000034:27.000,26.030,27.010,25.990,14985833;
sz000035:5.060,4.980,5.060,4.960,17470310;
sz000037:11.670,11.500,11.740,11.500,1375300;
sz000039:7.560,7.570,7.610,7.490,4568430;
sz000040:3.140,3.110,3.160,3.100,19355422;
sz000043:19.910,20.250,20.490,19.710,7096940;
sz000046:3.670,3.600,3.680,3.590,9254900;
sz000049:37.180,36.680,37.300,36.670,2879506;
sz000060:3.560,3.550,3.570,3.540,11633195;
sz000062:12.130,11.960,12.190,11.900,3048750;
sz000063:41.000,39.970,41.090,39.910,54811472;
sz000065:7.820,7.650,7.820,7.640,3192052;
sz000066:12.300,12.020,12.380,12.000,68069731;
sz000069:6.270,6.330,6.430,6.240,28422192;
sz000070:9.440,9.350,9.480,9.300,11351719;
sz000088:4.470,4.460,4.520,4.450,3579136;
sz000089:7.790,7.860,7.920,7.780,10848360;
sz000090:6.860,6.630,6.950,6.550,80174517;
sz000099:6.720,6.760,6.970,6.680,26532795;
sz000100:4.460,4.340,4.460,4.340,269146995;
sz000156:9.870,9.900,10.120,9.750,15945440;
sz000157:6.360,6.180,6.390,6.180,57980551;
sz000159:5.210,5.390,5.500,5.080,41031594;
sz000166:4.350,4.320,4.360,4.320,19935420;
sz000333:51.690,51.990,52.390,51.310,27116594;
sz000338:13.470,13.160,13.530,13.150,32130642;
sz000400:14.830,14.460,14.840,14.450,21079320;
sz000401:20.160,19.600,20.200,19.530,30002046;
sz000413:2.920,2.860,2.930,2.850,61525429;
sz000423:27.060,29.710,29.720,27.010,19247385;
sz000425:5.810,5.630,5.820,5.600,98389909;
sz000429:6.790,6.860,6.870,6.770,1913127;
sz000488:4.950,4.930,4.980,4.890,22803769;
sz000513:43.800,43.070,44.910,42.830,20673562;
sz000516:4.190,4.170,4.240,4.150,7249802;
sz000519:8.800,9.360,9.430,8.650,157237639;
sz000521:3.010,3.020,3.040,3.000,7836314;
sz000524:6.370,6.280,6.430,6.260,3405068;
sz000528:6.830,6.710,6.840,6.680,17462037;
sz000538:86.270,87.600,88.770,86.250,7207590;
sz000539:3.550,3.520,3.550,3.510,3334851;
sz000541:4.650,4.590,4.660,4.590,2805351;
sz000547:15.280,15.840,16.210,15.130,45228799;
sz000550:12.100,11.970,12.180,11.880,2608369;
sz000553:10.810,10.770,11.090,10.720,12280188;
sz000555:16.710,16.050,16.730,16.040,28302188;
sz000558:2.680,2.650,2.690,2.610,8826668;
sz000559:5.050,5.050,5.090,5.020,5077231;
sz000560:3.280,3.330,3.340,3.260,10099438;
sz000561:6.780,7.010,7.050,6.680,24641883;
sz000563:3.530,3.500,3.550,3.490,17140776;
sz000568:77.420,77.740,79.500,77.420,11053173;
sz000581:20.310,20.480,20.580,20.140,8105182;
sz000582:9.910,9.620,10.000,9.620,3915389;
sz000584:5.410,5.340,5.420,5.320,2574300;
sz000596:128.500,131.400,133.180,128.500,3164779;
sz000603:11.610,11.720,11.860,11.530,13777858;
sz000606:4.180,4.130,4.230,4.100,8162180;
sz000617:9.860,9.800,9.870,9.760,938498;
sz000625:9.260,9.020,9.320,9.000,32375256;
sz000627:5.680,5.610,5.700,5.590,28644449;
sz000636:18.570,18.050,18.580,18.000,32617156;
sz000651:54.200,54.870,55.100,54.200,47484132;
sz000661:586.840,584.960,592.600,579.880,1966924;
sz000671:6.830,6.800,7.000,6.730,19393870;
sz000676:8.350,8.180,8.420,8.080,26069708;
sz000681:14.490,14.690,14.850,14.240,15773542;
sz000708:27.510,27.060,27.590,27.000,2331043;
sz000723:7.040,7.050,7.120,6.900,59925506;
sz000725:3.830,3.770,3.830,3.760,337746680;
sz000726:8.400,8.410,8.460,8.360,2873264;
sz000728:8.040,7.960,8.050,7.950,14072417;
sz000729:5.920,5.960,6.040,5.910,8948107;
sz000732:4.840,4.850,4.870,4.810,17228764;
sz000733:20.610,20.150,20.760,20.110,10132006;
sz000738:12.600,12.670,12.880,12.470,16153249;
sz000750:4.340,4.300,4.350,4.300,30709447;
sz000768:17.210,17.400,17.640,17.050,29131180;
sz000776:13.740,13.630,13.760,13.610,15168828;
sz000777:11.370,11.280,11.440,11.260,2677220;
sz000785:8.230,8.110,8.230,8.110,2584300;
sz000788:6.680,6.780,6.860,6.680,11765124;
sz000796:8.030,8.500,8.600,8.010,24785275;
sz000811:6.430,6.330,6.480,6.300,9033448;
sz002194:23.920,23.400,24.090,23.280,12034080;
sz000823:12.290,12.070,12.300,12.030,10743447;
sz000826:8.230,8.170,8.240,8.140,8739270;
sz000848:7.500,7.390,7.570,7.310,32374741;
sz000858:131.200,131.090,134.300,130.800,21331870;
sz000860:62.130,61.470,63.100,61.030,7714870;
sz000869:24.190,24.940,25.320,24.120,3970230;
sz000876:34.720,33.790,35.330,33.780,47575343;
sz000888:6.250,6.120,6.280,6.110,7815565;
sz000895:42.000,41.560,42.350,41.300,11100836;
sz000902:8.570,8.600,8.780,8.500,31324031;
sz000910:11.480,11.430,11.530,11.320,2989788;
sz000921:9.640,9.620,9.780,9.600,6259932;
sz000936:9.980,9.730,10.140,9.730,26976970;
sz000938:38.430,38.050,38.530,37.920,11441344;
sz000951:23.530,23.320,23.720,22.880,6845774;
sz000957:7.900,7.840,8.150,7.720,20953068;
sz000961:7.550,7.560,7.600,7.390,30607407;
sz000963:18.450,18.580,18.880,18.450,13223549;
sz000967:6.170,6.110,6.210,6.100,6581655;
sz000970:9.180,9.060,9.180,9.040,9782540;
sz000977:40.350,39.260,40.380,39.190,29248805;
sz000978:4.770,4.770,4.780,4.720,3617823;
sz000987:10.000,10.040,10.230,9.900,30950160;
sz000988:21.340,20.560,21.390,20.550,24368747;
sz000989:9.200,9.030,9.220,8.820,23618902;
sz000993:6.140,6.090,6.160,6.080,1681700;
sz000998:17.290,17.420,18.080,17.050,99324114;
sz000999:29.890,29.850,30.500,29.740,6398666;
sz002001:28.010,26.940,28.170,26.830,41875187;
sz002002:3.800,3.750,3.820,3.730,21877153;
sz002003:5.610,5.660,5.680,5.600,2775989;
sz002007:49.630,51.020,51.760,49.220,31396374;
sz002008:29.700,29.010,29.800,28.970,10288506;
sz002010:6.150,6.030,6.150,6.030,9400580;
sz002013:8.050,8.130,8.320,7.950,52906520;
sz002014:9.550,9.480,9.840,9.410,6241064;
sz002019:18.640,18.250,18.890,18.230,22305624;
sz002020:10.860,10.870,11.180,10.810,13395444;
sz002024:8.720,8.630,8.740,8.620,27690957;
sz002025:26.570,26.590,26.870,26.270,5290547;
sz002027:4.420,4.380,4.460,4.320,93357133;
sz002030:27.900,28.600,28.600,26.870,200881365;
sz002032:67.560,67.680,68.960,67.350,962210;
sz002033:6.190,6.010,6.240,6.000,12810847;
sz002035:11.630,11.690,11.810,11.480,10113880;
sz002036:14.140,13.780,14.200,13.740,12855699;
sz002038:12.010,12.160,12.370,12.000,10593852;
sz002040:6.420,6.600,6.810,6.400,13028794;
sz002041:13.860,13.780,15.370,13.600,125400180;
sz002042:5.350,5.300,5.390,5.250,10882842;
sz002043:8.300,8.350,8.470,8.220,12149558;
sz002044:11.830,11.500,11.960,11.370,48501647;
sz002049:60.430,59.320,60.790,58.800,22443674;
sz002050:19.490,19.300,19.640,18.950,14207811;
sz002051:7.990,7.890,8.010,7.890,4242643;
sz002055:12.370,12.100,12.440,12.100,7258557;
sz002056:10.500,10.160,10.530,10.150,26309623;
sz002059:5.230,5.060,5.320,5.040,13806047;
sz002060:3.240,3.150,3.270,3.140,30363042;
sz002063:13.870,13.580,13.970,13.470,18634186;
sz002065:13.690,13.720,13.930,13.430,59887810;
sz002074:24.600,23.280,24.950,23.280,100725216;
sz002080:12.390,12.210,12.420,12.060,8887315;
sz002081:8.810,8.790,8.940,8.750,22295041;
sz002085:6.700,6.670,6.750,6.640,3445009;
sz002090:8.990,9.120,9.250,8.890,6851445;
sz002091:5.740,5.610,5.760,5.600,12191469;
sz002092:4.950,4.990,5.030,4.920,22751426;
sz002094:4.120,4.130,4.170,4.110,12217494;
sz002095:19.800,19.660,20.140,19.580,3613589;
sz002097:6.240,6.070,6.250,6.070,17562556;
sz002099:6.190,6.200,6.340,6.190,12232617;
sz002101:7.600,7.480,7.650,7.410,3636844;
sz002106:10.330,10.230,10.540,10.190,30450912;
sz002110:7.200,7.160,7.270,7.140,19764862;
sz002111:14.360,14.270,14.430,14.200,2993088;
sz002115:9.650,9.400,9.650,9.390,13005741;
sz002116:7.330,7.050,7.350,6.960,6842488;
sz002117:11.960,11.790,12.060,11.750,14216850;
sz002120:30.080,30.390,30.680,29.700,7307104;
sz002121:3.700,3.590,3.710,3.580,16037077;
sz002126:8.880,8.640,8.930,8.630,10091206;
sz002129:15.900,15.180,15.940,15.170,63645118;
sz002135:9.880,10.640,10.640,9.500,49569818;
sz002138:21.920,21.400,21.970,21.360,12344269;
sz002139:5.600,5.480,5.600,5.470,13684050;
sz002142:23.380,23.400,23.830,23.280,23678973;
sz002151:29.730,29.230,30.170,29.190,13989508;
sz002152:13.700,13.460,14.460,12.980,312441690;
sz002153:31.160,31.000,31.480,30.510,6454785;
sz002156:23.600,23.500,24.380,23.140,72023651;
sz002157:19.690,19.300,20.140,19.300,88992289;
sz002158:12.310,12.130,12.670,12.130,14857331;
sz002169:8.650,8.390,8.670,8.300,28433475;
sz002179:34.440,34.830,35.290,34.230,9143674;
sz002180:29.850,29.710,30.620,29.550,17169753;
sz002181:4.650,4.770,5.020,4.650,13712081;
sz002185:12.430,12.040,12.430,12.020,186926741;
sz002187:7.370,7.460,7.590,7.310,1913700;
sz002189:16.820,16.550,16.820,16.500,4302694;
sz002191:9.180,9.150,9.240,9.110,10892627;
sz002195:3.130,3.130,3.190,3.080,194901261;
sz002202:9.970,9.910,10.010,9.850,13920691;
sz002203:9.190,9.220,9.280,9.100,1829794;
sz002206:3.480,3.460,3.480,3.440,5136280;
sz002214:20.700,20.530,21.430,20.450,25673607;
sz002215:6.180,6.420,6.510,6.090,54114296;
sz002216:22.300,21.810,22.440,21.730,6966137;
sz002217:5.900,5.800,5.910,5.790,43407213;
sz002222:10.930,10.880,10.950,10.810,5116692;
sz002223:37.850,37.270,38.870,37.200,57982062;
sz002230:35.250,34.710,35.290,34.680,24035224;
sz002233:13.990,13.750,14.050,13.670,27552157;
sz002236:16.550,16.330,16.600,16.300,20339191;
sz002238:9.700,9.800,9.880,9.590,10637305;
sz002241:18.590,17.980,18.590,17.980,58803645;
sz002242:30.570,31.150,31.480,30.560,3902411;
sz002244:4.200,4.150,4.210,4.130,7837233;
sz002252:8.120,8.910,8.910,8.110,140601995;
sz002253:13.070,12.990,13.150,12.920,2276456;
sz002258:15.380,15.320,15.750,15.260,13866444;
sz002268:23.270,22.970,23.380,22.820,11624707;
sz002271:39.800,38.780,40.060,38.600,16655260;
sz002273:13.780,13.400,13.830,13.400,28918634;
sz002275:13.390,13.380,13.560,13.360,909975;
sz002277:4.190,3.930,4.260,3.890,122019658;
sz002279:6.990,6.850,7.030,6.670,34441923;
sz002281:31.030,29.490,31.110,29.220,20805675;
sz002285:2.730,2.690,2.750,2.680,12031725;
sz002293:9.010,8.930,9.060,8.910,1505665;
sz002294:18.780,18.780,19.110,18.650,3733945;
sz002299:22.280,22.280,22.630,22.090,17766429;
sz002300:6.650,6.640,6.720,6.550,8667374;
sz002301:15.790,16.200,16.650,15.540,11132170;
sz002302:10.390,10.170,10.390,10.170,9904618;
sz002304:91.010,90.990,92.460,90.620,5595967;
sz002307:6.510,6.410,6.670,6.380,54651902;
sz002311:43.780,43.750,44.800,43.470,6618498;
sz002315:15.080,14.750,15.110,14.720,4093988;
sz002327:7.090,7.080,7.140,7.050,1313490;
sz002331:10.880,10.810,11.050,10.520,16805922;
sz002340:4.720,4.630,4.730,4.620,51168458;
sz002344:3.960,3.980,4.060,3.930,12372000;
sz002351:16.690,16.130,16.700,16.100,11930100;
sz002352:49.230,49.030,49.680,48.680,13379613;
sz002353:25.340,26.700,27.200,25.320,41140594;
sz002365:11.780,11.500,11.980,11.500,9703158;
sz002367:9.070,8.840,9.150,8.800,25248380;
sz002368:39.200,38.480,39.280,38.280,7906875;
sz002371:139.100,133.480,139.790,133.000,7908090;
sz002372:12.410,12.210,12.410,12.170,4853766;
sz002373:23.520,22.740,23.660,22.700,15994711;
sz002376:10.550,10.170,10.550,10.170,13065842;
sz002382:18.170,18.030,18.620,18.000,27014921;
sz002383:10.060,10.030,10.160,9.980,6468056;
sz002384:23.300,22.570,23.360,22.530,34373774;
sz002394:9.070,9.020,9.090,8.950,4355021;
sz002396:38.260,37.620,38.420,37.560,6387751;
sz002404:5.460,5.480,5.510,5.420,5397998;
sz002405:15.180,14.820,15.190,14.800,31768836;
sz002414:38.190,39.700,40.880,38.190,14310755;
sz002415:30.230,29.900,30.230,29.810,22648723;
sz002419:8.920,9.180,9.290,8.910,22770962;
sz002421:4.340,4.180,4.380,4.160,222580833;
sz002422:21.310,21.290,21.840,21.280,11682920;
sz002423:8.500,8.560,8.720,8.460,4678280;
sz002425:5.030,5.000,5.040,4.980,5219054;
sz002432:10.040,9.900,10.470,9.840,34702966;
sz002434:8.500,8.760,8.810,8.450,5518592;
sz002436:11.780,11.330,11.800,11.310,44030363;
sz002439:39.100,39.100,39.900,38.800,6224774;
sz002440:9.580,9.510,9.610,9.490,5656955;
sz002444:10.090,10.190,10.260,10.030,14938279;
sz002449:10.960,10.600,11.000,10.550,25381837;
sz002456:14.800,14.260,14.800,14.240,108141758;
sz002458:17.890,17.900,18.290,17.880,33583096;
sz002460:43.050,41.300,43.080,41.060,27643722;
sz002461:6.340,6.440,6.480,6.320,8298138;
sz002462:15.330,15.450,15.530,15.320,2827100;
sz002463:26.810,26.080,26.850,25.840,41715104;
sz002465:12.250,12.120,12.390,12.100,27337073;
sz002468:16.510,16.660,16.780,16.490,6611528;
sz002475:42.000,41.450,42.200,41.370,37481139;
sz002479:5.990,5.890,6.040,5.890,7535360;
sz002482:3.740,3.730,3.790,3.720,8454058;
sz002484:8.980,8.760,9.020,8.730,9990887;
sz002500:7.040,7.010,7.060,7.000,7947854;
sz002507:35.850,35.480,36.960,35.310,10345835;
sz002508:31.500,31.840,32.500,31.310,6169677;
sz002510:5.120,5.070,5.190,5.060,21178901;
sz002511:17.230,17.650,17.710,17.170,23621441;
sz002516:3.150,3.080,3.150,3.070,12460500;
sz002518:12.980,12.650,12.980,12.600,9057048;
sz002531:5.790,5.620,5.820,5.610,10467977;
sz002533:5.740,5.760,5.840,5.660,16642540;
sz002534:7.950,7.880,7.950,7.840,1442545;
sz002537:7.340,7.530,7.880,7.020,117544781;
sz002543:7.980,8.000,8.040,7.960,1174297;
sz002546:4.450,4.400,4.460,4.380,14443507;
sz002547:7.720,7.550,7.740,7.550,22129159;
sz002555:36.900,35.810,37.150,35.360,24348183;
sz002557:53.300,52.390,53.790,50.880,8725450;
sz002558:16.710,16.540,16.760,16.540,2925028;
sz002559:6.000,5.870,6.010,5.840,5918545;
sz002561:7.790,7.960,8.050,7.770,8612913;
sz002563:7.130,7.100,7.230,7.070,5277042;
sz002565:4.820,4.740,4.890,4.740,14653061;
sz002567:9.990,10.100,10.380,9.840,84169719;
sz002568:32.870,32.480,33.180,32.310,3105238;
sz002570:6.350,6.360,6.540,6.250,38056045;
sz002572:19.450,19.250,19.550,19.010,6769513;
sz002573:5.720,5.720,5.760,5.670,4824802;
sz002579:14.090,13.650,14.090,13.620,7785280;
sz002582:9.490,9.640,9.790,9.330,21261986;
sz002583:6.360,6.210,6.390,6.200,20395339;
sz002589:5.600,5.650,5.730,5.600,19337715;
sz002594:59.990,58.250,60.550,58.040,11602798;
sz002595:16.880,17.180,17.300,16.780,2592569;
sz002600:8.820,8.560,8.870,8.550,71465888;
sz002601:15.270,15.540,15.610,15.150,12256593;
sz002603:33.440,35.220,36.290,33.110,126212133;
sz002607:24.500,24.270,24.750,24.200,6548708;
sz002608:6.300,6.280,6.340,6.270,2494009;
sz002609:10.830,10.500,10.850,10.500,3881860;
sz002614:9.680,9.620,9.760,9.540,11863955;
sz002626:20.800,20.420,20.800,20.250,5447220;
sz002628:4.090,4.050,4.100,4.040,10215220;
sz002632:8.280,8.410,8.420,8.150,9741160;
sz002635:19.570,18.600,19.580,18.550,31028159;
sz002640:5.820,5.720,5.840,5.720,21336372;
sz002643:14.690,14.480,14.900,14.420,8160423;
sz002645:12.550,11.800,12.870,11.620,22593395;
sz002646:9.130,9.140,9.220,9.100,1834864;
sz002647:28.660,28.580,28.960,28.300,7184004;
sz002648:15.010,14.650,15.020,14.600,20349899;
sz002649:9.290,9.100,9.320,9.080,9421326;
sz002655:9.750,9.400,9.770,9.390,10181400;
sz002657:15.550,15.340,15.700,15.210,7494432;
sz002661:19.010,19.640,20.220,19.000,32784236;
sz002666:5.440,5.370,5.460,5.360,4625300;
sz002668:5.220,5.420,5.490,5.150,124103775;
sz002672:9.760,10.000,10.150,9.670,9896722;
sz002673:8.020,7.980,8.060,7.970,13330761;
sz002675:16.200,15.960,16.360,15.850,8289158;
sz002677:11.310,11.200,11.350,11.200,3945233;
sz002681:3.240,3.150,3.250,3.150,20700984;
sz002690:41.940,42.370,42.780,41.700,2243395;
sz002696:6.900,6.820,7.080,6.720,13633840;
sz002697:10.260,10.070,10.340,10.010,20157208;
sz002701:4.100,4.080,4.110,4.070,10020522;
sz002705:22.600,22.980,23.850,22.600,7059021;
sz002706:13.400,12.900,13.560,12.800,11527895;
sz002707:4.790,4.700,4.830,4.660,12641119;
sz002714:126.620,128.010,131.680,126.620,15213478;
sz002718:14.030,14.620,14.770,13.930,2814110;
sz002726:7.510,7.910,8.100,7.420,69121336;
sz002727:27.390,28.540,29.150,27.370,8644104;
sz002733:22.360,22.330,22.560,21.750,11313552;
sz002739:15.230,14.990,15.300,14.940,7440350;
sz002741:11.440,11.210,11.450,11.200,2661754;
sz002743:7.060,6.880,7.070,6.850,6039923;
sz002745:11.510,11.240,11.540,11.180,7901365;
sz002746:14.790,15.050,15.260,14.730,18935882;
sz002747:10.700,10.700,10.970,10.560,11808658;
sz002757:23.950,23.910,24.600,23.510,7664804;
sz002762:5.300,5.220,5.350,5.210,3749875;
sz002768:45.350,47.030,47.200,44.960,21200712;
sz002773:39.590,38.980,40.490,38.870,3142127;
sz002775:5.200,5.230,5.260,5.180,2955956;
sz002777:42.890,41.850,43.450,41.550,2610799;
sz002788:8.430,8.420,8.580,8.370,5831305;
sz002798:30.900,30.390,31.410,30.000,3056202;
sz002812:51.600,51.000,52.580,50.520,5761984;
sz002815:17.210,16.860,17.230,16.750,7317647;
sz002821:190.500,186.500,194.320,185.000,2252688;
sz002832:20.270,19.900,20.270,19.800,2597889;
sz002841:79.870,79.900,80.590,79.410,998676;
sz002847:69.090,74.810,75.680,68.120,3993385;
sz002852:14.900,14.930,15.350,14.560,9249671;
sz002851:21.240,20.530,21.240,20.500,4831069;
sz002867:17.840,17.640,17.880,17.550,2962149;
sz002869:69.100,67.830,69.120,67.810,2007700;
sz002884:14.890,15.370,15.470,14.670,2702989;
sz002888:18.860,18.740,18.950,18.600,1455150;
sz002899:12.740,12.720,12.970,12.630,1414300;
sz002901:78.300,78.700,79.420,77.580,1159739;
sz002900:12.060,12.220,12.510,12.030,3761342;
sz002902:19.910,19.500,19.970,19.500,2866720;
sz002908:13.660,13.190,13.800,13.050,21359570;
sz002913:59.480,58.200,59.550,58.020,1980401;
sz002916:232.820,229.900,233.990,228.380,2414796;
sz002918:24.530,24.190,24.700,23.780,2355125;
sz001965:6.990,7.000,7.040,6.990,2203235;
sz002925:51.000,50.500,51.350,49.780,2292788;
sz002926:10.280,10.150,10.290,10.130,18926920;
sz002818:11.950,11.830,12.060,11.750,1565135;
sz002928:13.550,13.270,13.600,13.150,11648784;
sz002933:35.550,36.300,36.500,35.550,1310859;
sz002938:38.200,37.750,38.260,37.640,5863757;
sz002946:11.630,12.300,12.590,11.510,10919078;
sz002947:47.000,46.000,47.450,45.930,1667987;
sz002950:35.700,35.110,36.130,35.110,6260913;
sz002959:92.500,92.980,95.800,91.000,1629974;
sz002966:8.660,8.520,8.660,8.500,12535935;
sz003816:2.910,2.900,2.910,2.890,26444743;
