sh600048:15.090,15.170,15.230,14.970,41813635;
sh600053:25.750,25.310,25.750,25.110,3844614;
sh600061:12.350,12.350,12.410,12.310,10923668;
sh600063:3.750,3.800,3.820,3.750,20710715;
sh600071:9.100,9.120,9.200,8.910,1710100;
sh600076:3.860,3.860,3.880,3.840,8128657;
sh600077:2.830,2.820,2.840,2.810,3083618;
sh600078:6.030,5.710,6.040,5.650,76892795;
sh600079:17.000,17.820,17.740,16.680,103961757;
sh600081:10.840,10.890,10.870,10.700,2779700;
sh600082:3.460,3.540,3.510,3.450,5070600;
sh600090:4.060,4.060,4.070,4.030,8382302;
sh600101:5.960,6.040,6.040,5.950,2350711;
sh600111:9.250,9.170,9.320,9.130,36863130;
sh600113:6.290,6.490,6.560,6.280,9770174;
sh600115:4.190,4.270,4.260,4.170,53543717;
sh600120:8.750,8.800,8.800,8.690,10852385;
sh600146:11.670,12.180,11.990,11.210,19705557;
sh600151:4.450,4.550,4.620,4.410,10937917;
sh600156:4.700,4.690,4.780,4.630,12264702;
sh600160:7.050,7.040,7.100,6.990,23595715;
sh600161:36.200,36.440,36.540,35.780,7149836;
sh600162:2.070,2.070,2.080,2.040,7049076;
sh600169:2.050,2.080,2.080,2.040,22070360;
sh600175:1.310,1.300,1.310,1.290,34404018;
sh600197:13.340,13.160,13.350,13.140,5632125;
sh600199:5.130,5.150,5.170,5.090,6471301;
sh600200:7.060,7.190,7.270,7.020,38130566;
sh600203:9.290,10.250,10.250,10.010,49383954;
sh600206:12.610,13.020,12.920,12.560,50322762;
sh600207:4.200,4.230,4.220,4.170,2996739;
sh600208:3.110,3.120,3.130,3.100,55372566;
sh600213:7.550,7.570,7.620,7.460,4469115;
sh600218:8.600,8.710,8.700,8.590,6931156;
sh600221:1.580,1.590,1.620,1.570,80192953;
sh600223:7.090,7.290,7.520,7.030,35151317;
sh600226:2.470,2.470,2.530,2.450,57813993;
sh600227:3.000,2.990,3.020,2.960,8159063;
sh600235:4.830,4.860,4.840,4.720,15502270;
sh600236:4.570,4.530,4.570,4.510,2186628;
sh600242:7.770,7.740,7.830,7.670,30959904;
sh600246:7.280,6.940,7.280,6.940,32010768;
sh600262:15.950,15.540,15.950,15.420,770898;
sh600266:6.830,6.820,6.850,6.790,8804997;
sh600267:15.300,16.590,16.590,15.170,106572775;
sh600268:6.410,6.400,6.580,6.260,36909266;
sh600278:9.320,9.270,9.320,9.180,2614534;
sh600279:3.740,3.770,3.760,3.720,3536561;
sh600283:9.900,10.220,9.900,10.010,10462572;
sh600285:8.620,8.710,8.750,8.540,7840094;
sh600288:11.210,11.410,11.360,11.210,2347334;
sh600291:7.170,7.210,7.180,7.130,8484804;
sh600293:2.790,2.850,2.860,2.770,15110187;
sh600300:3.800,4.060,4.060,3.730,277762095;
sh600310:3.810,3.850,3.830,3.760,4023187;
sh600311:2.650,2.650,2.650,2.610,19772438;
sh600313:4.480,4.300,4.680,4.230,150410457;
sh600317:2.160,2.160,2.170,2.150,5671200;
sh600322:2.540,2.560,2.570,2.540,12017457;
sh600323:19.500,19.400,19.600,19.320,10869532;
sh600326:6.830,7.020,6.900,6.810,27912114;
sh600336:5.050,5.090,5.070,5.000,14694392;
sh600337:4.350,4.380,4.420,4.340,17064914;
sh600338:8.260,8.300,8.260,8.160,7643240;
sh600339:2.780,2.790,2.790,2.760,19881271;
sh600351:5.120,5.150,5.130,5.080,6485364;
sh600353:5.300,5.430,5.440,5.290,8784513;
sh600354:3.840,3.840,3.840,3.840,1738474;
sh600355:3.240,3.320,3.320,3.220,17775500;
sh600360:8.080,8.200,8.270,7.970,69182464;
sh600363:13.600,14.220,14.100,13.510,10649714;
sh600366:6.260,6.060,6.400,6.050,55809556;
sh600371:13.600,13.260,13.920,13.160,26387710;
sh600375:4.520,4.590,4.610,4.480,5067210;
sh600381:4.680,4.680,4.720,4.640,5778019;
sh600392:7.100,7.340,7.270,7.060,49806788;
sh600393:2.600,2.690,2.660,2.590,26241525;
sh600398:6.430,6.540,6.520,6.410,7575785;
sh600419:12.900,12.650,13.070,12.620,9328127;
sh600425:3.710,3.750,3.720,3.690,19811701;
sh600429:5.730,5.660,5.900,5.600,18882272;
sh600449:14.160,14.800,14.370,14.060,22817979;
sh600455:24.550,24.760,24.780,24.480,1757736;
sh600463:6.080,6.220,6.260,6.080,2132500;
sh600466:6.110,6.200,6.140,6.050,18911939;
sh600467:3.190,3.300,3.300,3.100,263506906;
sh600476:12.680,13.030,12.970,12.680,2834297;
sh600478:3.990,4.030,4.010,3.960,11507041;
sh600479:8.860,8.910,8.920,8.790,7089608;
sh600480:8.890,8.820,8.970,8.810,5037459;
sh600481:2.960,2.980,3.000,2.960,3977937;
sh600488:4.520,4.590,4.640,4.470,13990672;
sh600495:4.620,4.560,4.630,4.510,36654557;
sh600499:4.310,4.310,4.320,4.230,8025930;
sh600501:9.200,9.900,9.900,9.100,32835075;
sh600503:3.140,3.130,3.140,3.110,13698916;
sh600505:9.230,9.590,9.370,9.190,5182400;
sh600506:10.010,9.840,10.360,9.640,13257506;
sh600517:6.760,6.810,6.900,6.710,10594762;
sh600520:8.860,8.890,8.860,8.770,2475700;
sh600525:5.190,5.170,5.210,5.160,8070843;
sh600526:6.180,6.350,6.240,6.120,9940510;
sh600527:2.870,2.760,2.910,2.700,116263669;
sh600530:3.480,3.520,3.540,3.450,8272600;
sh600533:3.180,3.200,3.210,3.150,14646727;
sh600537:3.060,3.070,3.070,3.020,6002864;
sh600549:11.400,11.420,11.450,11.320,9391700;
sh600559:8.650,8.790,8.840,8.630,11491135;
sh600562:14.490,14.680,14.690,14.370,9024023;
sh600568:1.470,1.440,1.480,1.430,44946000;
sh600573:6.390,6.450,6.540,6.380,4990423;
sh600587:17.500,17.380,17.670,17.310,7255664;
sh600593:41.700,41.400,41.700,40.630,1209880;
sh600596:8.660,8.640,8.680,8.590,9854340;
sh600601:3.300,3.330,3.360,3.280,18972723;
sh600602:7.300,7.360,7.430,7.240,7620779;
sh600603:5.720,5.710,5.730,5.620,5814994;
sh600604:7.370,7.300,7.380,7.280,14094951;
sh600613:7.020,7.100,7.100,6.950,4514100;
sh600623:5.450,5.490,5.470,5.430,5835500;
sh600624:8.520,8.620,8.730,8.480,16389696;
sh600626:5.200,5.230,5.240,5.150,5789925;
sh600628:11.910,12.780,12.220,11.800,8033566;
sh600630:7.600,7.650,7.600,7.510,9284000;
sh600638:5.290,5.350,5.330,5.250,1741712;
sh600639:12.310,12.410,12.470,12.180,1783887;
sh600640:19.450,20.330,20.250,19.360,26586800;
sh600641:19.320,19.480,19.740,19.210,10460452;
sh600644:4.910,4.920,4.940,4.890,1204700;
sh600645:18.700,18.700,18.710,18.420,5262056;
sh600647:12.890,13.430,13.200,12.860,2791282;
sh600649:5.430,5.380,5.440,5.350,6581939;
sh600651:3.620,3.700,3.780,3.610,11293443;
sh600661:16.240,16.380,16.450,16.170,1381539;
sh600662:3.850,3.890,3.890,3.830,4883476;
sh600668:14.400,14.560,14.500,14.360,7337058;
sh603179:23.190,22.710,23.190,22.600,1325351;
sh600671:11.600,12.210,12.190,11.530,6515006;
sh600677:4.230,4.100,4.250,4.090,32585803;
sh600678:6.970,7.070,7.180,6.950,16360722;
sh600682:8.530,8.590,8.740,8.460,9365115;
sh600683:3.800,3.930,3.870,3.770,9622853;
sh600684:3.160,3.190,3.170,3.120,4504749;
sh600689:8.160,8.290,8.290,8.160,1363506;
sh600693:4.900,4.840,4.900,4.830,3533150;
sh600695:7.990,8.000,8.150,7.960,19187680;
sh600697:14.960,15.030,15.020,14.930,986496;
sh600706:7.340,7.590,7.740,7.300,4154511;
sh600708:3.060,3.120,3.070,3.030,16179365;
sh600711:4.210,4.270,4.210,4.170,29133514;
sh600712:5.770,5.880,5.910,5.700,38145517;
sh600716:3.840,3.870,3.870,3.830,2850360;
sh600719:4.440,4.460,4.490,4.390,6432860;
sh600724:3.880,3.820,3.880,3.800,9224202;
sh600730:4.390,4.420,4.420,4.380,4251169;
sh600734:3.910,3.810,3.910,3.800,15962915;
sh600736:5.330,5.310,5.370,5.280,11622388;
sh600737:9.800,9.500,9.940,9.260,118876785;
sh600744:2.240,2.310,2.270,2.220,8429847;
sh600746:6.160,6.190,6.160,6.100,3650071;
sh600748:5.180,5.400,5.240,5.150,26840328;
sh603893:55.180,55.340,56.970,54.310,4891296;
sh600755:6.350,6.350,6.350,6.310,7120601;
sh600756:18.900,19.000,19.080,18.850,3947044;
sh600764:27.980,28.240,28.160,27.850,2637996;
sh600770:4.720,4.710,4.720,4.670,8287594;
sh600771:13.110,13.190,13.130,12.970,5319955;
sh600773:5.550,5.630,5.590,5.520,6270531;
sh600777:1.800,1.810,1.810,1.790,43980248;
sh600783:14.000,14.040,14.060,13.760,8998038;
sh600784:4.420,4.410,4.440,4.400,2413010;
sh600785:14.700,15.000,14.770,14.520,956871;
sh600796:5.920,5.950,5.980,5.810,7068402;
sh600800:5.250,5.190,5.260,5.170,10711986;
sh600802:11.140,11.280,11.190,11.000,18059564;
sh600808:2.530,2.570,2.570,2.520,40511236;
sh600818:9.770,9.810,10.150,9.700,1080272;
sh600819:4.870,4.890,4.880,4.830,3122800;
sh600821:3.840,3.870,3.910,3.830,1785696;
sh600822:8.740,8.670,8.740,8.600,1486624;
sh600824:3.140,3.380,3.390,3.130,28441895;
sh600825:5.410,5.370,5.420,5.280,7727937;
sh600828:4.110,4.190,4.170,4.080,6600334;
sh600829:7.140,7.160,7.150,7.060,3833799;
sh600830:5.690,6.220,6.220,5.660,28314914;
sh600831:8.330,8.500,8.460,8.320,16946411;
sh600833:9.320,9.340,9.340,9.210,1464480;
sh600834:6.300,6.390,6.400,6.300,1641610;
sh600836:5.600,5.500,5.600,5.380,21809159;
sh600838:6.060,6.370,6.510,6.060,35399000;
sh600841:6.610,6.680,6.670,6.600,980599;
sh600843:6.500,6.590,6.610,6.460,2613400;
sh600846:8.440,8.500,8.520,8.410,6765444;
sh600851:8.120,8.100,8.120,8.010,3517329;
sh600853:3.780,3.770,3.790,3.720,21585103;
sh600854:3.760,3.900,3.990,3.760,9585017;
sh600855:29.440,26.070,29.660,24.260,138186303;
sh600857:9.850,9.790,9.880,9.760,1165500;
sh600860:3.380,3.370,3.440,3.330,6070787;
sh600861:10.050,10.180,10.320,10.050,1753300;
sh600862:12.860,13.200,13.380,12.820,21155570;
sh600864:6.590,6.630,6.650,6.570,19230507;
sh600865:6.400,6.350,6.400,6.310,6155414;
sh600866:5.560,5.710,5.780,5.540,53466695;
sh600867:11.410,11.770,11.730,11.330,47909172;
sh600868:3.220,3.240,3.230,3.200,18533075;
sh600869:4.270,4.310,4.300,4.250,27004916;
sh600871:2.080,2.090,2.100,2.070,28485033;
sh600874:7.050,6.990,7.050,6.920,11167066;
sh600876:13.490,13.420,13.520,13.300,2968584;
sh600879:6.700,7.000,6.950,6.670,75627250;
sh600880:3.700,3.980,3.750,3.690,40436415;
sh600882:22.200,22.020,22.500,21.600,5291484;
sh600885:29.700,30.090,30.450,29.420,4514657;
sh600888:4.320,4.440,4.520,4.310,12169871;
sh600889:5.610,5.640,5.770,5.550,5365206;
sh600894:7.260,7.530,7.300,7.190,21756531;
sh600898:6.060,6.320,6.300,6.050,3230311;
sh600917:6.440,6.400,6.460,6.390,2479370;
sh600959:3.680,3.700,3.700,3.660,10945990;
sh600962:8.260,8.430,8.830,8.120,19270919;
sh600965:8.340,8.170,8.390,8.080,14000524;
sh600966:7.540,7.550,7.550,7.340,14220656;
sh600973:4.160,4.220,4.220,4.110,19674946;
sh600976:15.680,15.950,15.900,15.640,1076402;
sh600980:12.190,12.420,12.640,12.100,4104018;
sh600981:3.780,3.680,3.780,3.660,27119054;
sh600982:2.730,2.770,2.760,2.730,3189800;
sh600983:6.330,7.170,7.170,6.170,34646395;
sh600986:3.850,3.840,3.900,3.810,42112912;
sh600988:9.000,9.050,9.250,8.910,99716541;
sh600990:39.140,39.700,39.940,38.930,1448516;
sh600992:6.390,6.500,6.470,6.280,4919378;
sh601002:6.050,6.030,6.100,5.960,10646983;
sh601008:3.420,3.450,3.440,3.400,6662363;
sh601016:2.200,2.210,2.200,2.170,16756378;
sh601069:14.370,14.580,14.550,14.260,13464030;
sh601100:65.000,63.780,65.410,63.100,4619559;
sh601106:2.630,2.630,2.630,2.610,14647126;
sh601118:5.550,5.420,5.610,5.330,83756005;
sh601126:6.220,6.150,6.270,6.120,7174732;
sh601168:5.830,5.890,5.860,5.800,20200005;
sh601199:3.730,3.780,3.750,3.700,13266704;
sh601222:5.270,5.210,5.270,5.180,13297522;
sh601226:3.850,3.950,4.070,3.840,5154000;
sh601233:11.860,11.890,11.890,11.740,18714494;
sh601311:8.720,8.770,8.780,8.670,7045458;
sh601339:3.460,3.520,3.530,3.450,8560349;
sh601388:1.680,1.710,1.700,1.670,26034731;
sh601515:6.630,6.630,6.810,6.550,13665201;
sh601567:7.480,7.530,7.580,7.480,6492862;
sh601608:3.320,3.370,3.430,3.300,19330253;
sh601616:3.000,3.040,3.090,2.990,15706700;
sh601677:10.300,10.400,10.360,10.290,7576447;
sh601689:17.680,17.540,18.160,17.360,14128682;
sh601700:5.740,5.750,5.800,5.690,19262067;
sh601727:4.710,4.690,4.710,4.680,9364423;
sh601789:4.230,4.230,4.290,4.190,27440112;
sh601799:86.100,85.550,86.900,85.170,851469;
sh601818:3.610,3.600,3.610,3.590,63521625;
sh601866:2.020,2.040,2.020,2.010,37735112;
sh601958:6.210,6.230,6.230,6.160,8120157;
sh601968:4.620,4.590,4.620,4.550,2968409;
sh601996:2.770,2.800,2.810,2.750,17840229;
sh603002:4.360,4.490,4.460,4.340,14503475;
sh603003:7.280,7.350,7.430,7.230,8652800;
sh603006:10.400,10.480,10.490,10.360,1219568;
sh603009:7.630,7.420,7.670,7.420,16026035;
sh603010:12.250,12.320,12.420,12.160,8367028;
sh603015:5.890,6.010,6.020,5.890,1367100;
sh603017:10.790,10.690,10.790,10.660,2612599;
sh603018:14.060,14.090,14.100,13.750,10058691;
sh603020:9.090,8.910,9.100,8.880,9982254;
sh603021:5.980,6.040,6.070,5.980,1974344;
sh603022:19.450,19.340,19.930,19.210,6293116;
sh603023:5.210,5.130,5.210,5.090,14021391;
sh603025:7.910,7.970,8.130,7.840,3631198;
sh603085:6.430,6.600,6.640,6.430,4473416;
sh603088:9.000,9.030,9.030,8.910,1241849;
sh603099:8.170,8.330,8.480,8.100,2209091;
sh603108:10.240,10.340,10.370,10.160,5651443;
sh603111:7.280,7.310,7.370,7.110,39967480;
sh603116:7.340,7.360,7.400,7.250,2757787;
sh603117:3.580,3.610,3.600,3.560,3980722;
sh603123:9.000,9.060,9.100,8.910,3812400;
sh603126:4.420,4.470,4.480,4.400,4743100;
sh603158:18.300,18.030,18.550,17.900,4774305;
sh603168:8.370,8.420,8.390,8.260,2593072;
sh603222:44.010,46.780,44.850,43.800,3275300;
sh603227:4.160,4.170,4.170,4.130,3770830;
sh603268:13.850,13.640,13.850,13.610,938560;
sh603299:6.570,6.500,6.630,6.440,14777436;
sh603300:7.000,6.990,7.040,6.950,6692960;
sh603308:14.270,14.930,14.580,14.230,9899683;
sh603318:7.400,8.210,7.750,7.380,18277426;
sh603333:7.630,7.790,7.860,7.540,26363472;
sh603366:5.460,5.570,5.580,5.450,17462894;
sh603456:20.660,20.850,21.180,20.400,12839220;
sh603508:54.500,55.800,55.700,54.010,2350001;
sh603519:12.300,12.160,12.380,12.100,1424040;
sh603566:17.900,18.480,18.790,17.600,8671658;
sh603568:28.400,28.650,28.540,28.060,2019187;
sh603600:13.050,13.100,13.180,12.410,11002785;
sh603601:11.400,11.160,11.540,11.000,53758980;
sh603609:12.940,12.990,13.130,12.700,22697670;
sh603611:17.100,17.050,17.380,16.880,2649286;
sh603616:7.550,7.790,7.560,7.470,6602784;
sh603618:5.730,5.980,6.030,5.730,20205660;
sh603688:22.030,22.150,22.700,22.000,4628785;
sh603703:18.260,17.870,18.260,17.540,4829947;
sh603789:13.130,13.060,13.200,13.020,2714560;
sh603800:11.040,11.090,11.090,10.980,2162815;
sh603808:11.310,11.590,11.770,11.230,5161681;
sh603818:6.800,6.820,6.820,6.730,1639940;
sh603838:7.910,7.910,7.950,7.810,843200;
sh603918:15.000,14.220,15.600,14.060,34238764;
sh603936:18.350,18.530,18.690,18.200,5417054;
sh603968:13.300,13.320,13.340,13.230,1345000;
sh603989:25.160,24.880,25.440,24.810,2646206;
sh603997:12.160,10.810,12.450,10.810,42611196;
sh603998:6.880,6.960,7.060,6.860,6041871;
sh603999:5.860,5.920,5.980,5.820,6193600;
sh600127:11.500,11.300,11.870,10.330,291917309;
sh603377:15.150,14.930,15.210,14.880,2324851;
sh601900:10.080,10.190,10.260,10.080,4706717;
sh603919:14.520,14.360,14.600,14.330,3702003;
sh603861:8.280,8.320,8.340,8.170,1785100;
sh603028:11.080,11.020,11.210,10.900,2157280;
sh603798:10.000,10.060,10.060,9.940,1615200;
sh603701:10.880,11.210,11.160,10.720,6333212;
sh603726:14.630,14.360,14.880,14.340,14108528;
sh603528:7.330,7.430,7.390,7.260,4528515;
sh603339:12.160,12.280,12.200,12.050,994294;
sh603131:15.750,16.230,16.420,15.660,5326189;
sh603016:22.520,22.930,23.490,22.100,3358921;
sh603069:10.890,10.700,10.920,10.540,5788400;
sh600936:3.780,3.790,3.820,3.740,3449000;
sh601997:7.730,7.720,7.750,7.700,15181064;
sh601595:12.400,12.800,12.780,12.300,7386041;
sh603515:24.210,24.110,24.320,24.000,1701573;
sh603843:4.710,4.870,4.710,4.610,26643774;
sh601163:13.090,13.070,13.090,12.930,2146583;
sh603393:43.350,43.320,44.440,41.320,12045073;
sh603738:25.600,26.110,26.810,25.150,10763636;
sh601128:6.880,6.890,6.960,6.870,17034815;
sh603313:18.180,17.830,18.250,17.680,8373049;
sh600926:7.820,7.800,7.870,7.770,9140751;
sh603888:23.150,23.910,23.610,23.060,15967461;
sh603060:20.730,20.910,21.050,20.460,1322771;
sh603633:11.120,11.200,11.400,11.080,2700597;
sh603987:11.410,11.450,11.490,11.210,8200376;
sh603336:16.560,16.400,16.870,16.220,11798160;
sh603660:11.390,11.810,11.920,11.310,10451011;
sh603559:25.990,26.130,27.170,25.550,30031618;
sh603033:26.550,26.100,26.550,25.800,1475808;
sh603389:4.340,4.380,4.410,4.270,2273600;
sh603058:6.750,6.910,6.800,6.710,2509505;
sh603886:17.700,17.450,17.850,17.330,4631900;
sh603239:12.520,12.130,12.550,12.080,2032905;
sh601375:4.940,5.000,5.030,4.930,23920987;
sh603035:13.390,13.010,13.390,12.950,5974900;
sh603877:14.780,14.800,14.870,14.530,651500;
sh603689:10.580,10.550,10.580,10.510,1189500;
sh603579:27.510,28.180,27.670,27.360,1614935;
sh603639:26.310,26.280,26.390,25.940,925276;
sh601858:9.310,9.630,9.650,9.310,2598986;
sh603638:37.000,37.200,37.960,36.500,2296756;
sh603429:35.480,35.900,36.200,35.410,2998528;
sh603966:9.780,9.740,9.840,9.700,1685520;
sh603089:11.880,11.980,11.930,11.820,700452;
sh603360:29.370,29.340,30.630,28.900,7510236;
sh603677:10.520,10.530,10.590,10.430,841065;
sh603637:13.710,14.150,13.840,13.670,848273;
sh601212:2.890,2.900,2.900,2.860,27087131;
sh603603:7.020,7.070,7.140,6.940,3148964;
sh603817:5.840,5.860,5.870,5.770,1896000;
sh603717:8.020,8.030,8.060,7.960,3205600;
sh603656:13.520,13.840,13.690,13.430,649055;
sh603133:18.070,18.320,18.630,17.920,4954723;
sh603811:25.510,25.210,25.600,25.020,1958260;
sh603955:18.020,18.750,19.190,17.920,4852762;
sh603908:22.930,23.210,23.200,22.780,520472;
sh603991:23.710,23.710,23.710,23.450,3710700;
sh603578:19.730,19.620,19.750,19.550,498100;
sh601366:6.340,6.380,6.380,6.280,12287862;
sh603787:11.860,12.350,12.090,11.810,4308219;
sh603320:17.580,18.340,18.660,17.580,9998505;
sh603906:9.190,9.260,9.230,9.160,1948704;
sh603586:17.170,16.890,17.170,16.800,1334564;
sh603538:30.780,32.170,32.120,30.500,13504515;
sh603385:10.630,10.550,10.630,10.440,3882199;
sh603178:8.160,8.250,8.370,8.100,2929936;
sh603238:27.080,28.400,27.850,27.080,2940630;
sh603229:27.900,29.310,30.300,27.510,4772886;
sh603728:13.550,13.160,13.570,12.900,13382545;
sh603896:28.600,29.730,28.980,28.340,2565748;
sh603488:8.260,8.520,8.340,8.230,2060300;
sh603197:26.370,26.490,26.580,26.310,2269668;
sh603580:12.320,12.860,12.640,12.280,3317845;
sh603200:64.030,66.400,67.060,60.600,4364053;
sh603042:20.100,20.040,20.470,19.650,12866557;
sh603536:15.550,15.090,15.960,14.990,17607595;
sh603326:18.060,18.070,18.060,17.760,1145660;
sh603316:11.120,11.300,11.340,11.100,3031100;
sh603335:4.310,4.490,4.340,4.250,27051678;
sh603380:15.880,16.050,16.040,15.660,1503400;
sh603286:15.550,15.720,15.720,15.520,1132800;
sh603938:23.580,23.290,23.800,23.140,2248400;
sh603331:17.510,17.590,17.560,17.230,1173450;
sh603933:12.740,13.500,12.970,12.680,4790484;
sh603595:27.880,27.990,28.400,27.440,1764523;
sh603612:10.650,10.690,10.730,10.570,2137880;
sh603676:13.000,12.770,13.600,12.320,29710061;
sh603063:8.470,8.720,8.500,8.450,2974000;
sh603233:63.800,63.100,63.800,61.230,2497292;
sh603357:9.900,10.060,10.020,10.000,3485635;
sh603860:26.800,26.750,26.990,26.610,385247;
sh603880:14.430,14.620,14.850,14.350,7528295;
sh603776:18.680,19.010,19.200,18.670,2486952;
sh603976:16.110,16.300,16.240,16.000,1985042;
sh603079:43.970,42.950,44.990,42.680,5413393;
sh603725:6.500,6.670,6.650,6.480,2348199;
sh603813:17.570,17.630,17.570,17.360,666876;
sh603136:22.030,22.800,22.940,22.030,2968045;
sh603378:30.880,31.100,30.880,30.400,991547;
sh603367:17.080,17.340,17.200,16.930,6497200;
sh603103:14.220,14.520,14.430,14.150,2999199;
sh603110:14.580,14.700,14.760,14.560,867160;
sh603499:16.100,16.650,16.680,16.010,9497136;
sh603829:10.920,11.220,11.290,10.760,4421704;
sh603722:28.430,28.340,28.430,28.040,1673882;
sh603659:67.880,66.300,68.280,65.800,4339157;
sh603076:20.250,21.990,20.850,20.140,811219;
sh603661:35.180,35.580,35.280,35.050,564193;
sh601019:6.590,6.550,6.590,6.540,4935598;
sh603890:16.800,15.800,17.850,15.800,34827320;
sh603477:13.130,12.660,13.190,12.510,10477984;
sh603895:19.660,19.810,20.600,19.560,1426917;
sh603516:40.420,40.100,40.440,39.880,1041570;
sh603871:27.600,28.080,27.940,27.320,864153;
sh603709:26.140,27.270,26.820,25.810,1165600;
sh603712:27.350,28.000,28.100,27.100,9891789;
sh603059:25.070,25.500,25.400,24.900,1252571;
sh600929:6.500,6.600,6.730,6.390,35383619;
sh603897:16.890,17.020,17.050,16.800,1703068;
sh603301:42.000,40.790,42.690,40.100,10765330;
sh603773:31.940,32.210,32.660,31.940,1427453;
sh603666:98.770,99.150,98.770,96.670,612560;
sh601990:15.180,15.180,15.360,15.120,91287714;
sh603713:60.530,61.510,61.850,59.660,2175374;
sh601606:9.570,10.280,9.970,10.150,30283303;
sh603590:39.530,39.800,40.150,39.500,2065405;
sh603192:25.520,25.780,25.960,25.400,906400;
sh601068:4.360,4.340,4.360,4.290,5333652;
sh603297:32.660,32.820,32.850,32.480,734500;
sh603790:14.100,13.900,14.100,13.760,7074332;
