sh600048:15.330,15.250,15.440,15.100,70991398;
sh600053:24.280,24.210,24.460,24.010,2951619;
sh600061:12.660,12.540,12.700,12.530,16003998;
sh600063:3.910,3.840,3.920,3.830,14297200;
sh600071:8.980,8.880,9.050,8.860,1333839;
sh600076:3.870,3.820,3.890,3.810,8025301;
sh600077:2.860,2.830,2.860,2.810,5438554;
sh600078:5.230,5.020,5.280,5.010,27824965;
sh600081:11.200,10.930,11.200,10.900,3172553;
sh600082:3.540,3.490,3.550,3.490,6510701;
sh600090:4.120,4.040,4.130,4.040,11062723;
sh600101:6.140,6.060,6.150,6.050,1849860;
sh600111:8.910,8.720,8.920,8.710,20865644;
sh600113:6.200,6.170,6.320,6.120,5126733;
sh600115:4.350,4.210,4.350,4.200,49592058;
sh600120:8.780,8.700,8.790,8.670,8063965;
sh600146:10.800,10.670,11.040,10.570,9604962;
sh600151:4.480,4.400,4.520,4.380,7721516;
sh600156:4.640,4.630,4.690,4.580,10974100;
sh600160:7.160,7.040,7.200,7.010,28494577;
sh600161:36.580,35.380,36.630,35.330,9084528;
sh600162:2.080,2.070,2.100,2.070,6217100;
sh600169:2.080,2.080,2.120,2.060,23521323;
sh600175:1.360,1.340,1.380,1.330,37395337;
sh600197:13.090,13.170,13.330,13.070,7605086;
sh600199:5.170,5.150,5.260,5.130,7864034;
sh600200:7.270,7.070,7.270,7.030,26197326;
sh600203:9.970,9.450,9.990,9.340,32716524;
sh600206:13.360,12.670,13.460,12.600,34972517;
sh600207:4.300,4.220,4.320,4.210,3718237;
sh600208:3.130,3.110,3.140,3.090,69737619;
sh600213:7.440,7.280,7.500,7.270,3050027;
sh600218:8.790,8.590,8.830,8.580,5036000;
sh600221:1.650,1.610,1.660,1.610,79025903;
sh600223:7.020,7.250,7.520,6.980,63617748;
sh600226:2.380,2.300,2.380,2.290,36876988;
sh600227:3.060,3.020,3.120,3.010,18818800;
sh600235:4.540,4.530,4.600,4.520,5318400;
sh600236:4.580,4.550,4.580,4.540,1830600;
sh600242:9.300,8.990,9.300,8.660,76551146;
sh600246:6.200,6.260,6.350,6.190,28701490;
sh600262:15.050,14.880,15.050,14.850,509402;
sh600266:6.970,6.920,7.010,6.910,14341346;
sh600267:15.620,15.480,16.170,15.300,84438722;
sh600268:5.950,6.020,6.140,5.940,25104872;
sh600278:9.970,9.830,10.000,9.750,6406162;
sh600279:3.780,3.770,3.800,3.760,3146750;
sh600283:8.890,9.610,9.610,8.890,4985776;
sh600285:8.710,8.540,8.780,8.540,6603959;
sh600288:11.320,11.090,11.400,11.080,2958881;
sh600291:7.330,7.210,7.340,7.200,7239996;
sh600293:2.910,2.840,2.920,2.830,14872602;
sh600300:3.120,3.000,3.160,3.000,53294305;
sh600310:3.740,3.770,3.770,3.720,6863480;
sh600311:2.880,2.800,2.880,2.790,19039338;
sh600313:3.800,3.550,3.840,3.520,170417293;
sh600317:2.190,2.170,2.200,2.170,6696940;
sh600322:2.650,2.620,2.650,2.620,22527111;
sh600323:21.020,20.650,21.130,20.600,6289868;
sh600326:6.650,6.640,6.720,6.570,14025375;
sh600336:5.020,5.070,5.220,5.000,19766958;
sh600337:4.460,4.500,4.480,4.300,59827079;
sh600338:8.280,8.060,8.280,8.030,6523140;
sh600339:2.670,2.680,2.680,2.660,24376419;
sh600351:5.130,5.030,5.130,5.030,3977442;
sh600353:6.190,5.950,6.280,5.880,22053093;
sh600354:3.270,3.240,3.290,3.240,27855862;
sh600355:3.370,3.250,3.400,3.240,18678000;
sh600360:8.460,8.100,8.480,8.080,61356837;
sh600363:13.800,13.310,13.850,13.300,6540105;
sh600366:5.750,5.470,5.810,5.450,35692322;
sh600371:12.900,12.450,12.900,12.310,30266450;
sh600375:4.330,4.330,4.340,4.270,8723718;
sh600381:4.780,4.700,4.780,4.690,2008100;
sh600392:6.600,6.420,6.620,6.410,12377920;
sh600393:2.640,2.630,2.660,2.620,12860804;
sh600398:6.300,6.410,6.640,6.280,15069493;
sh600419:11.940,11.900,12.250,11.870,7896600;
sh600425:3.860,3.820,3.880,3.800,31183802;
sh600429:5.190,5.130,5.250,5.130,4495962;
sh600449:11.780,12.150,11.850,11.650,30197277;
sh600455:24.440,24.390,24.670,24.300,1468200;
sh600463:6.220,6.110,6.230,6.110,1666640;
sh600466:6.250,6.280,6.300,6.180,15564460;
sh600467:2.400,2.370,2.440,2.340,41083270;
sh600476:12.950,12.830,13.300,12.800,2623800;
sh600478:3.960,3.920,3.990,3.900,8692080;
sh600479:8.750,8.630,8.770,8.630,4505660;
sh600480:9.230,8.860,9.230,8.810,4966889;
sh600481:3.020,3.020,3.030,3.010,3134415;
sh600488:4.660,4.480,4.660,4.450,10514605;
sh600495:4.660,4.710,4.890,4.610,86821764;
sh600499:4.400,4.400,4.470,4.350,9292700;
sh600501:8.220,8.020,8.240,8.000,4707219;
sh600503:3.120,3.070,3.130,3.070,12885300;
sh600505:9.470,9.420,9.560,9.420,2444126;
sh600506:8.790,8.760,8.940,8.710,4649002;
sh600517:6.820,6.690,6.950,6.660,15628263;
sh600520:9.490,9.200,9.490,9.160,3080100;
sh600525:5.310,5.260,5.390,5.250,9397780;
sh600526:5.730,5.960,5.900,5.640,14045597;
sh600527:2.440,2.420,2.480,2.410,28245590;
sh600530:3.600,3.550,3.650,3.530,5025103;
sh600533:3.290,3.270,3.330,3.240,25461200;
sh600537:3.200,3.140,3.220,3.140,5181200;
sh600549:11.350,11.250,11.390,11.210,4392735;
sh600559:8.720,8.700,8.880,8.700,9735815;
sh600562:14.140,13.930,14.210,13.920,4802770;
sh600568:1.620,1.570,1.630,1.570,29345300;
sh600573:6.030,6.060,6.140,6.030,4646883;
sh600587:17.600,17.230,17.790,17.160,11775329;
sh600593:38.700,39.070,38.750,38.540,838240;
sh600596:8.680,8.520,8.700,8.510,8411553;
sh600601:3.320,3.250,3.330,3.250,11908290;
sh600602:7.520,7.370,7.530,7.340,5850442;
sh600603:5.980,5.870,6.010,5.870,8481760;
sh600604:7.290,7.130,7.300,7.120,9868200;
sh600613:7.130,6.960,7.150,6.960,3852800;
sh600623:5.470,5.460,5.540,5.450,7462098;
sh600624:8.760,8.530,8.790,8.480,11799524;
sh600626:5.660,5.600,5.730,5.600,7124600;
sh600628:11.240,11.880,11.770,11.050,12864587;
sh600630:7.450,7.450,7.520,7.410,9290121;
sh600638:5.290,5.290,5.320,5.260,1871875;
sh600639:12.130,12.000,12.180,11.920,1850357;
sh600640:18.240,17.550,18.350,17.540,8450258;
sh600641:20.700,20.060,21.100,20.020,12970914;
sh600644:5.000,4.940,5.010,4.920,1413076;
sh600645:19.760,18.980,19.760,18.910,8321823;
sh600647:13.000,12.860,13.140,12.850,1226033;
sh600649:5.310,5.440,5.320,5.260,15326909;
sh600651:3.800,3.660,3.810,3.640,14847515;
sh600661:16.760,16.290,16.770,16.270,1718794;
sh600662:3.890,3.860,3.900,3.850,4548127;
sh600668:14.210,14.200,14.250,14.100,8020906;
sh603179:20.600,20.020,20.740,19.700,1382840;
sh600671:11.050,10.970,11.110,10.900,1325563;
sh600677:4.410,4.630,4.630,4.370,21247505;
sh600678:7.670,7.410,7.670,7.400,21455636;
sh600682:8.710,8.650,8.870,8.630,11327441;
sh600683:3.890,3.850,3.890,3.820,8631022;
sh600684:3.140,3.130,3.160,3.130,5149389;
sh600689:8.350,8.240,8.420,8.230,1510598;
sh600693:4.850,4.900,4.950,4.850,5514946;
sh600695:8.300,8.190,8.370,8.010,36282008;
sh600697:15.170,15.410,15.350,15.160,1702966;
sh600706:7.610,7.650,7.660,7.570,2958949;
sh600708:3.050,3.080,3.080,3.040,22382051;
sh600711:4.190,4.170,4.210,4.150,13117077;
sh600712:5.860,5.630,5.990,5.630,41688186;
sh600716:3.960,3.880,3.960,3.860,3502673;
sh600719:3.970,4.120,4.000,3.940,8619046;
sh600724:3.850,3.990,3.990,3.800,25378395;
sh600730:4.470,4.480,4.550,4.460,4470840;
sh600734:4.630,4.440,4.660,4.420,10190700;
sh600736:5.350,5.280,5.410,5.270,15106500;
sh600737:8.350,8.290,8.510,8.200,26228769;
sh600744:2.270,2.260,2.280,2.240,5098566;
sh600746:6.240,6.270,6.270,6.100,3395086;
sh600748:5.250,5.240,5.270,5.160,17614267;
sh603893:59.300,55.780,59.890,55.500,6069905;
sh600755:6.390,6.340,6.410,6.330,7840373;
sh600756:19.560,19.060,19.600,19.060,5538130;
sh600764:27.250,26.980,27.440,26.950,1182580;
sh600770:4.760,4.710,4.780,4.700,8771754;
sh600771:14.040,13.850,14.170,13.840,3635606;
sh600773:5.570,5.570,5.600,5.520,7968889;
sh600777:1.800,1.780,1.800,1.780,44950860;
sh600783:13.360,13.150,13.380,13.130,4317691;
sh600784:4.460,4.410,4.490,4.400,2366800;
sh600785:14.430,14.280,14.710,14.230,716856;
sh600796:5.840,5.740,5.890,5.740,4065884;
sh600800:5.550,5.470,5.660,5.380,30504236;
sh600802:11.390,11.340,11.480,11.200,19855833;
sh600808:2.600,2.580,2.600,2.570,34221878;
sh600818:9.900,9.770,10.000,9.720,465210;
sh600819:4.720,4.720,4.730,4.670,4292600;
sh600821:4.120,4.050,4.140,4.040,3814302;
sh600822:8.720,8.760,8.770,8.670,3215238;
sh600824:3.370,3.300,3.410,3.290,22970292;
sh600825:4.790,5.060,4.790,4.730,17565113;
sh600828:4.130,4.210,4.230,4.130,10696036;
sh600829:7.540,7.280,7.550,7.260,4037628;
sh600830:5.560,5.500,5.680,5.500,25292262;
sh600831:8.620,8.420,8.660,8.400,9979218;
sh600833:9.450,9.310,9.450,9.300,1484594;
sh600834:6.400,6.410,6.440,6.380,1870101;
sh600836:5.250,5.380,5.260,5.080,18729477;
sh600838:5.770,5.930,6.060,5.750,21471561;
sh600841:6.580,6.650,6.680,6.560,1072000;
sh600843:6.640,6.520,6.670,6.520,2549250;
sh600846:8.450,8.380,8.510,8.370,8286533;
sh600851:7.990,7.940,8.090,7.900,5242818;
sh600853:3.660,3.650,3.800,3.580,28982598;
sh600854:3.690,3.850,4.040,3.660,11372195;
sh600855:15.000,16.100,16.460,15.000,83330700;
sh600857:10.380,10.610,10.700,10.210,5555487;
sh600860:4.020,3.890,4.030,3.880,4992558;
sh600861:9.760,9.990,9.880,9.620,2626720;
sh600862:13.250,12.790,13.400,12.780,17493741;
sh600864:6.770,6.670,6.770,6.650,21184022;
sh600865:6.190,6.330,6.590,6.140,22587226;
sh600866:5.470,5.280,5.490,5.270,23433201;
sh600867:11.060,10.670,11.070,10.670,22677560;
sh600868:3.260,3.240,3.280,3.240,27097567;
sh600869:4.540,4.440,4.620,4.400,46010153;
sh600871:2.050,2.030,2.060,2.030,18372872;
sh600874:7.160,7.070,7.240,7.050,14225258;
sh600876:13.970,13.570,14.100,13.530,4538013;
sh600879:6.570,6.520,6.700,6.500,40593354;
sh600880:4.210,4.160,4.270,4.000,82215360;
sh600882:22.570,22.600,23.000,21.800,7310295;
sh600885:27.900,28.170,28.850,27.860,12862596;
sh600888:4.410,4.330,4.410,4.330,7813077;
sh600889:5.250,5.300,5.400,5.210,7448096;
sh600894:6.650,7.270,7.270,6.650,26697257;
sh600898:6.380,6.300,6.450,6.210,2813301;
sh600917:6.420,6.410,6.440,6.380,2002800;
sh600959:3.730,3.680,3.740,3.680,8229133;
sh600962:7.750,7.520,7.880,7.510,4947480;
sh600965:8.400,7.970,8.430,7.890,13462984;
sh600966:8.200,8.090,8.460,8.020,23521336;
sh600973:4.290,4.280,4.320,4.200,19438195;
sh600976:16.060,15.780,16.250,15.770,1272924;
sh600980:12.170,11.980,12.300,11.930,1545510;
sh600981:3.430,3.350,3.470,3.340,12272043;
sh600982:2.740,2.750,2.740,2.720,4495457;
sh600983:5.200,5.200,5.200,5.200,2552968;
sh600986:3.760,3.690,3.780,3.680,18195816;
sh600988:8.380,8.830,8.650,8.340,166108639;
sh600990:38.600,39.000,38.680,38.000,1965025;
sh600992:6.300,6.290,6.340,6.270,1251000;
sh601002:5.890,5.960,5.970,5.750,25116367;
sh601008:3.510,3.500,3.540,3.480,9107912;
sh601016:2.260,2.200,2.260,2.190,24932160;
sh601069:14.410,14.420,14.530,14.330,13726723;
sh601100:58.500,58.460,59.500,57.890,4229005;
sh601106:2.670,2.650,2.680,2.650,18871500;
sh601118:5.330,5.200,5.470,5.190,88241285;
sh601126:6.210,6.140,6.300,6.030,14437587;
sh601168:5.720,5.660,5.740,5.660,13400154;
sh601199:3.760,3.780,3.830,3.760,16748005;
sh601222:5.280,5.200,5.320,5.200,20674633;
sh601226:3.920,3.920,3.950,3.900,2588700;
sh601233:12.300,12.130,12.310,12.080,14065619;
sh601311:8.910,8.740,8.930,8.740,5292081;
sh601339:3.820,3.690,3.970,3.690,40676238;
sh601388:1.700,1.690,1.710,1.680,15073106;
sh601515:6.310,6.140,6.310,6.080,5530866;
sh601567:7.650,7.630,7.700,7.590,7701381;
sh601608:3.420,3.390,3.440,3.380,12456000;
sh601616:3.100,3.060,3.150,3.060,21246005;
sh601677:10.160,10.120,10.220,10.100,4409492;
sh601689:16.800,16.400,16.920,16.180,18732191;
sh601700:6.200,5.920,6.260,5.900,52031668;
sh601727:4.650,4.630,4.650,4.610,14667693;
sh601789:4.500,4.510,4.600,4.370,64209062;
sh601799:85.370,85.940,87.000,85.000,1478917;
sh601818:3.690,3.670,3.700,3.660,79478712;
sh601866:2.000,2.000,2.010,1.990,28763526;
sh601958:6.140,6.090,6.160,6.080,8194101;
sh601968:4.470,4.500,4.520,4.400,1928500;
sh601996:2.720,2.690,2.720,2.680,10392800;
sh603002:4.370,4.330,4.420,4.330,16910449;
sh603003:7.600,7.600,7.950,7.570,28845826;
sh603006:10.530,10.310,10.640,10.300,1002500;
sh603009:7.310,6.970,7.370,6.910,10116602;
sh603010:13.080,12.860,13.240,12.740,5299462;
sh603015:6.640,6.300,6.660,6.300,4348770;
sh603017:10.700,10.510,10.720,10.500,4664600;
sh603018:12.050,12.090,12.380,12.050,16440523;
sh603020:8.860,8.590,9.120,8.580,14897278;
sh603021:5.970,5.890,5.990,5.810,2330646;
sh603022:16.610,16.400,16.850,15.940,4151246;
sh603023:5.100,4.930,5.120,4.930,10342691;
sh603025:7.820,7.810,7.960,7.780,4097605;
sh603085:6.410,6.340,6.450,6.330,1944832;
sh603088:9.840,9.730,9.950,9.720,4877821;
sh603099:8.290,8.320,8.340,7.580,2478391;
sh603108:10.480,10.180,10.530,10.150,6157125;
sh603111:6.550,6.670,6.780,6.480,30200868;
sh603116:7.880,7.550,8.350,7.480,13782419;
sh603117:3.640,3.600,3.650,3.590,4455700;
sh603123:9.100,9.310,9.220,9.010,5069689;
sh603126:4.720,4.740,4.880,4.700,14858337;
sh603158:19.170,18.470,19.200,18.340,3697983;
sh603168:8.130,8.070,8.170,8.060,2810574;
sh603222:54.440,50.400,54.440,50.110,2774700;
sh603227:4.180,4.140,4.180,4.130,3729847;
sh603268:14.140,14.450,14.190,14.100,1392540;
sh603299:6.000,5.920,6.060,5.910,4884979;
sh603300:7.150,7.150,7.180,6.860,17330203;
sh603308:14.300,13.920,14.490,13.890,6740696;
sh603318:7.590,7.350,7.630,7.320,7849500;
sh603333:7.300,7.180,7.370,7.150,10099198;
sh603366:5.620,5.540,5.820,5.530,15282563;
sh603456:20.400,20.260,20.600,19.880,6482745;
sh603508:55.120,53.970,55.650,53.880,1539607;
sh603519:13.200,13.010,13.400,13.010,2341507;
sh603566:18.900,17.520,18.900,17.380,5837422;
sh603568:28.800,28.570,28.960,28.500,2180701;
sh603600:13.880,13.300,13.990,13.130,8501325;
sh603601:10.960,10.800,11.150,10.600,54594285;
sh603609:11.710,11.430,11.840,11.400,7226922;
sh603611:17.540,17.140,17.580,16.980,2717738;
sh603616:7.770,8.020,8.230,7.770,14510763;
sh603618:6.290,5.950,6.320,5.950,25546582;
sh603688:22.890,22.170,22.960,22.000,4201520;
sh603703:18.580,18.200,18.750,17.840,5246900;
sh603789:13.190,13.060,13.190,13.010,1324480;
sh603800:11.710,11.600,11.710,11.480,2379701;
sh603808:11.490,11.740,11.980,11.450,6497610;
sh603818:7.150,7.140,7.540,7.000,4206447;
sh603838:7.740,8.030,7.760,7.700,3788453;
sh603918:11.910,11.710,12.170,11.650,14639597;
sh603936:18.770,18.030,18.860,17.930,5114840;
sh603968:13.080,12.900,13.130,12.890,928800;
sh603989:23.600,22.810,23.850,22.800,1674088;
sh603997:6.830,6.780,6.880,6.750,1802500;
sh603998:7.090,7.010,7.300,6.990,8357900;
sh603999:6.040,5.910,6.100,5.910,3845700;
sh600127:6.410,6.130,6.740,5.880,208878980;
sh603377:14.220,14.140,14.240,13.960,3296959;
sh601900:10.000,9.880,10.070,10.010,5971559;
sh603919:13.000,13.450,13.400,12.910,8875047;
sh603861:8.910,8.800,9.110,8.700,4255897;
sh603028:12.040,12.400,12.390,12.000,6775316;
sh603798:10.150,9.990,10.200,10.030,1629600;
sh603701:11.380,11.000,11.460,10.980,4830229;
sh603726:26.180,25.100,26.380,24.010,5511236;
sh603528:8.000,7.790,8.230,7.760,11459856;
sh603339:12.400,12.170,12.400,12.120,1075797;
sh603131:16.370,15.730,16.390,15.720,3359340;
sh603016:20.960,20.200,21.300,20.160,2876090;
sh603069:11.730,11.320,12.050,11.310,6687100;
sh600936:3.800,3.750,3.820,3.750,2858700;
sh601997:7.880,7.810,7.910,7.810,16253679;
sh601595:13.200,13.010,13.560,12.730,10450500;
sh603515:24.700,24.080,24.700,23.940,1893689;
sh603843:4.540,4.930,4.930,4.510,31103012;
sh601163:13.070,12.990,13.120,12.980,2595383;
sh603393:37.030,38.180,38.140,37.030,5855130;
sh603738:27.430,26.070,27.860,25.950,13204871;
sh601128:7.170,7.150,7.190,7.050,24254502;
sh603313:19.330,18.640,19.700,18.420,6239513;
sh600926:7.780,7.860,7.820,7.750,23537240;
sh603888:24.290,23.480,24.310,23.420,8141452;
sh603060:19.300,19.120,19.530,19.000,860880;
sh603633:11.540,11.310,11.730,11.270,4404615;
sh603987:11.770,11.400,11.970,11.400,10621004;
sh603336:17.700,16.810,17.930,16.800,24631736;
sh603660:11.600,11.330,11.800,11.300,5280257;
sh603559:24.770,23.490,24.910,23.470,20334724;
sh603033:25.320,26.610,26.750,25.320,4364234;
sh603389:4.480,4.400,4.540,4.400,1637199;
sh603058:6.750,6.660,6.750,6.660,1632380;
sh603886:17.030,17.180,17.770,17.030,7312671;
sh603239:12.690,12.240,12.690,12.020,1648100;
sh601375:5.090,5.030,5.110,5.030,27305700;
sh603035:13.030,12.350,13.160,12.300,7119653;
sh603032:17.280,17.190,17.400,17.180,2129343;
sh603877:15.050,15.310,15.630,14.910,1205705;
sh603689:10.500,10.460,10.510,10.440,1447700;
sh603579:29.400,28.000,29.400,27.900,2838320;
sh603639:26.680,26.500,26.680,26.260,1401500;
sh601858:9.910,9.710,10.000,9.680,2146200;
sh603638:30.610,31.550,31.280,30.240,2157711;
sh603429:34.720,34.370,35.880,34.300,2706654;
sh603966:9.670,9.590,9.730,9.540,1188640;
sh603089:11.980,11.830,11.980,11.760,1072402;
sh603360:24.990,24.900,25.160,24.810,2072716;
sh603677:10.750,10.530,10.750,10.470,689772;
sh603637:13.480,13.620,13.840,13.480,1124668;
sh601212:2.940,2.940,2.960,2.910,19852627;
sh603603:7.070,6.940,7.140,6.940,2155000;
sh603817:5.850,5.800,5.850,5.800,2082000;
sh603717:7.810,7.770,7.810,7.740,2153596;
sh603656:14.080,13.930,14.210,13.840,564835;
sh603133:18.950,18.470,19.100,18.430,2599800;
sh603811:24.490,24.010,24.590,23.850,1403710;
sh603955:16.550,17.200,16.730,16.450,3335336;
sh603908:23.620,23.640,24.530,23.410,1550038;
sh603991:19.870,19.400,20.690,19.200,2708600;
sh603578:20.470,20.050,20.630,20.050,521700;
sh601366:7.080,7.170,7.080,6.940,36972799;
sh603787:11.830,11.770,11.960,11.730,2795100;
sh603320:15.310,15.070,15.340,15.070,693600;
sh603906:9.300,9.100,9.370,9.050,1572588;
sh603586:17.140,16.810,17.160,16.810,772224;
sh603538:30.800,29.850,30.900,29.580,8931475;
sh603385:10.150,10.270,10.240,10.070,4566678;
sh603178:8.370,8.050,8.380,8.040,2835800;
sh603238:24.600,24.450,24.870,24.180,1637012;
sh603229:28.200,26.970,28.410,26.810,2197890;
sh603728:11.400,11.220,11.450,11.170,1996080;
sh603896:27.000,26.480,27.290,26.480,627700;
sh603488:8.280,8.190,8.320,8.190,1072600;
sh603197:26.460,25.700,26.800,25.700,2585500;
sh603580:11.760,12.180,11.860,11.660,3739192;
sh603200:49.500,49.000,51.490,47.550,3167396;
sh603042:20.200,19.190,20.840,19.080,13447189;
sh603536:13.280,12.580,13.340,12.500,6998231;
sh603326:17.820,18.180,18.460,17.810,1702280;
sh603316:12.100,11.810,12.100,11.800,3693900;
sh603335:4.140,4.100,4.170,4.080,7016295;
sh603380:17.430,16.930,17.660,16.920,2919429;
sh603286:15.750,15.500,15.870,15.470,1073309;
sh603938:27.220,25.790,27.220,25.500,2591100;
sh603331:17.440,17.540,17.650,17.210,1454851;
sh603933:13.240,13.090,13.340,13.080,1922936;
sh603595:28.400,27.660,28.900,27.660,3107500;
sh603612:11.150,11.050,11.150,11.030,2491400;
sh603676:10.290,10.030,10.350,10.100,2298601;
sh603063:8.470,8.360,8.520,8.310,2025900;
sh603233:61.310,61.900,63.130,61.310,4457801;
sh603357:9.910,9.960,10.030,9.820,5597697;
sh603860:25.610,25.670,25.740,25.450,208659;
sh603880:14.130,14.240,14.280,13.830,8105558;
sh603776:18.560,18.290,18.870,18.290,2316481;
sh603976:16.570,16.040,16.650,15.950,2437780;
sh603079:40.800,39.800,40.930,39.640,2984576;
sh603725:6.490,6.430,6.550,6.390,1437896;
sh603813:17.680,18.020,17.710,17.500,1811275;
sh603136:22.820,22.520,23.050,22.400,927805;
sh603378:29.950,29.130,30.110,29.060,1150666;
sh603367:16.920,16.640,17.080,16.600,5422700;
sh603103:15.970,15.630,16.140,15.610,4445676;
sh603110:14.980,14.660,15.080,14.620,1235880;
sh603499:15.630,15.580,15.850,15.540,1810820;
sh603829:10.370,10.170,10.460,10.170,2095623;
sh603722:27.280,27.420,27.600,27.130,1426854;
sh603659:65.440,62.790,65.650,62.370,5210384;
sh603076:20.480,20.970,22.000,20.480,920589;
sh603661:35.910,35.420,35.980,35.410,413900;
sh601019:6.600,6.540,6.610,6.540,3772700;
sh603890:13.550,13.890,14.510,13.550,16210160;
sh603477:11.450,11.320,11.600,11.220,2936730;
sh603895:20.800,19.920,20.950,19.910,2556702;
sh603516:45.680,43.870,46.260,43.600,2285920;
sh603871:27.580,27.290,28.260,27.260,932756;
sh603709:25.520,26.020,26.260,25.520,1670413;
sh603712:26.900,26.800,27.150,26.110,17235561;
sh603059:25.010,24.720,25.490,24.720,1367675;
sh600929:5.790,5.710,5.910,5.690,7805099;
sh603897:18.340,17.810,18.440,17.800,3252500;
sh603301:41.000,41.810,41.980,40.000,14607885;
sh603773:33.150,32.320,33.560,32.260,2057082;
sh603666:91.750,89.800,93.880,89.700,555034;
sh601990:15.370,15.390,15.380,15.070,151292056;
sh603713:52.010,51.360,53.050,51.000,1386477;
sh601606:8.760,8.660,8.850,8.650,4966300;
sh603590:38.310,38.390,38.690,38.010,1995700;
sh603192:26.970,27.640,27.420,26.820,3449500;
sh601068:4.420,4.380,4.550,4.360,8345400;
sh603297:33.510,33.100,33.540,32.900,701690;
sh603790:13.450,13.160,13.570,13.140,3033723;
