sh600010:1.150,1.140,1.160,1.140,96161645;
sh600010:1.150,1.140,1.160,1.140,96161645;
sh600048:14.900,14.690,15.170,14.580,66553781;
sh600053:25.420,25.450,26.070,25.360,4738697;
sh600061:12.480,12.210,12.480,12.190,13268196;
sh600063:3.860,3.710,3.890,3.690,33368417;
sh600071:9.030,8.850,9.060,8.770,2029552;
sh600076:3.910,3.800,3.920,3.790,10171100;
sh600077:2.860,2.810,2.890,2.800,4619697;
sh600078:5.670,5.770,5.970,5.660,62135555;
sh600079:19.500,19.110,19.740,18.710,70101112;
sh600081:11.270,10.890,11.270,10.870,8568565;
sh600082:3.580,3.470,3.600,3.450,5081300;
sh600090:4.090,4.100,4.180,4.070,19978513;
sh600101:6.080,5.950,6.100,5.930,2607420;
sh600111:9.090,9.110,9.310,9.040,37918636;
sh600113:6.500,6.290,6.500,6.260,6590862;
sh600115:4.290,4.260,4.290,4.240,25555654;
sh600120:8.900,8.740,8.950,8.670,9243444;
sh600146:13.220,13.220,13.380,12.580,20392506;
sh600151:4.510,4.370,4.510,4.340,9095159;
sh600156:4.640,4.520,4.740,4.500,9880801;
sh600160:7.060,6.810,7.060,6.790,31855187;
sh600161:37.790,36.710,38.680,36.550,13986300;
sh600162:2.080,2.030,2.080,2.020,13574350;
sh600169:2.080,2.030,2.090,2.020,17701860;
sh600175:1.310,1.280,1.310,1.270,36754158;
sh600197:13.150,12.970,13.290,12.930,5757642;
sh600199:5.120,5.080,5.280,5.060,10352805;
sh600200:7.340,7.100,7.380,7.060,30698335;
sh600203:9.540,9.130,9.630,8.990,26338388;
sh600206:12.900,12.240,12.910,12.230,31964272;
sh600207:4.310,4.180,4.310,4.180,3521035;
sh600208:3.130,3.060,3.140,3.050,50434256;
sh600213:7.690,7.450,7.690,7.430,4490943;
sh600218:8.770,8.530,8.860,8.520,8780200;
sh600221:1.590,1.580,1.600,1.560,61644336;
sh600223:7.230,7.020,7.390,6.950,24743140;
sh600226:2.500,2.400,2.510,2.380,37496497;
sh600227:3.080,3.080,3.260,3.060,27594297;
sh600235:4.990,4.820,5.000,4.780,13418985;
sh600236:4.530,4.470,4.530,4.470,1892919;
sh600242:7.810,7.350,7.880,7.310,33620942;
sh600246:6.870,6.900,6.880,6.720,21608641;
sh600262:15.350,15.270,15.500,15.100,370200;
sh600266:6.860,6.810,6.860,6.790,6986532;
sh600267:16.660,16.650,16.990,16.020,102180191;
sh600268:6.830,6.530,7.060,6.450,66417891;
sh600278:9.300,9.130,9.310,9.080,2835096;
sh600279:3.760,3.770,3.780,3.700,6166156;
sh600283:9.910,10.110,10.030,9.660,6980927;
sh600285:8.810,8.690,8.990,8.660,6939918;
sh600288:11.540,11.200,11.540,11.150,2681434;
sh600291:7.440,7.240,7.440,7.230,11901449;
sh600293:2.910,2.840,2.920,2.790,15290365;
sh600300:3.660,3.520,3.800,3.510,133102739;
sh600310:3.930,3.830,3.950,3.810,4513706;
sh600311:2.750,2.630,2.790,2.620,26601811;
sh600313:4.150,4.040,4.300,4.030,81744763;
sh600317:2.160,2.170,2.170,2.140,9156400;
sh600322:2.580,2.590,2.590,2.550,25900206;
sh600323:19.580,19.410,19.580,19.040,6812507;
sh600326:6.970,6.860,6.980,6.810,10431312;
sh600336:5.160,5.430,5.280,5.060,33497855;
sh600337:4.360,4.350,4.370,4.250,26248357;
sh600338:8.320,8.080,8.350,8.020,5702779;
sh600339:2.790,2.770,2.810,2.740,23950700;
sh600351:5.160,5.100,5.240,5.090,8969330;
sh600353:5.460,5.370,5.500,5.300,9112780;
sh600354:3.750,3.920,3.950,3.750,27545779;
sh600355:3.490,3.310,3.490,3.290,25055302;
sh600360:8.080,7.660,8.100,7.600,56263291;
sh600363:14.240,14.000,14.370,13.930,6219369;
sh600366:5.970,5.700,6.120,5.700,44514916;
sh600371:13.480,13.100,13.970,12.950,24796447;
sh600375:4.600,4.460,4.600,4.420,4327900;
sh600381:4.700,4.640,4.710,4.580,4841820;
sh600392:7.200,7.080,7.430,7.070,33253871;
sh600393:2.810,2.780,2.910,2.770,43208678;
sh600398:6.480,6.350,6.530,6.310,6937928;
sh600419:12.640,12.390,12.740,12.330,9472045;
sh600425:3.780,3.700,3.820,3.690,20426064;
sh600429:5.640,5.460,5.650,5.430,8782454;
sh600449:14.480,13.730,14.850,13.450,35386856;
sh600455:25.200,24.900,25.660,24.770,2930800;
sh600463:6.300,6.140,6.360,6.120,2239700;
sh600466:6.190,6.140,6.220,6.130,13055103;
sh600467:2.900,2.780,2.950,2.760,198395732;
sh600476:13.100,12.730,13.190,12.650,2101520;
sh600478:4.080,3.930,4.080,3.910,12223834;
sh600479:9.110,8.940,9.180,8.920,13808128;
sh600480:8.770,8.930,8.820,8.460,9065573;
sh600481:3.010,2.950,3.040,2.950,4752424;
sh600488:4.670,4.720,4.970,4.670,23687959;
sh600495:4.600,4.320,4.610,4.290,52067423;
sh600499:4.390,4.250,4.400,4.220,6529157;
sh600501:9.480,9.330,9.740,9.320,35370325;
sh600503:3.130,3.070,3.140,3.050,14839380;
sh600505:9.800,9.830,9.960,9.630,6700030;
sh600506:9.780,9.450,9.970,9.320,7877234;
sh600517:6.850,6.730,6.900,6.710,9748185;
sh600520:8.900,8.660,8.990,8.650,2324200;
sh600525:5.170,5.090,5.190,5.060,10848052;
sh600526:6.380,6.180,6.480,6.060,9280315;
sh600527:3.150,3.340,3.340,3.060,168607966;
sh600530:3.510,3.880,3.880,3.500,27773332;
sh600533:3.210,3.230,3.240,3.190,31003294;
sh600537:3.120,3.000,3.130,2.990,7542796;
sh600549:11.620,11.760,11.900,11.510,18467447;
sh600559:8.790,8.740,8.920,8.700,12684767;
sh600562:15.200,14.390,15.200,14.320,8828988;
sh600568:1.460,1.440,1.460,1.430,29010154;
sh600573:6.430,6.300,6.490,6.260,4352201;
sh600587:17.910,17.570,18.490,17.380,13769202;
sh600593:40.590,40.700,40.680,40.200,830900;
sh600596:8.640,8.380,8.650,8.300,10775295;
sh600601:3.660,3.400,3.660,3.370,81496444;
sh600602:7.490,7.340,7.500,7.280,7996200;
sh600603:5.990,5.910,5.990,5.860,11895304;
sh600604:7.370,7.260,7.410,7.160,18428160;
sh600613:7.100,7.010,7.320,7.000,6114560;
sh600623:5.500,5.420,5.500,5.400,6543400;
sh600624:8.680,8.730,8.930,8.530,22553997;
sh600626:5.250,5.130,5.330,5.080,9152051;
sh600628:12.770,12.520,12.770,12.260,4180559;
sh600630:7.700,7.590,7.890,7.580,12367303;
sh600638:5.320,5.200,5.370,5.190,2370720;
sh600639:12.580,12.620,12.670,12.450,1872065;
sh600640:22.990,20.120,22.990,20.120,26096206;
sh600641:19.500,18.830,19.500,18.630,10569883;
sh600644:4.920,4.870,4.930,4.840,1335100;
sh600645:19.720,20.030,20.450,19.430,14369816;
sh600647:13.430,13.100,13.460,13.000,1960407;
sh600649:5.420,5.350,5.430,5.300,6492270;
sh600651:3.660,3.560,3.670,3.540,7776061;
sh600661:16.640,16.110,16.700,16.100,1391090;
sh600662:3.930,3.860,3.940,3.850,5666308;
sh600668:14.620,14.630,14.830,14.590,10455053;
sh603179:23.980,22.160,23.980,21.580,1611768;
sh600671:12.490,12.190,12.580,12.030,3443806;
sh600677:4.230,4.140,4.290,4.110,21495146;
sh600678:7.200,6.830,7.250,6.810,16252993;
sh600682:8.570,8.310,8.610,8.280,9166978;
sh600683:4.370,4.370,4.370,4.320,32967345;
sh600684:3.290,3.230,3.290,3.200,4236309;
sh600689:8.320,8.150,8.320,8.040,3648385;
sh600693:4.860,4.790,4.860,4.780,2563967;
sh600695:8.070,7.760,8.180,7.750,20809100;
sh600697:15.080,14.890,15.080,14.850,847103;
sh600706:7.540,7.370,7.560,7.350,1839065;
sh600708:3.180,3.100,3.250,3.100,30148370;
sh600711:4.250,4.150,4.270,4.150,15535648;
sh600712:5.860,5.650,5.870,5.580,18466001;
sh600716:3.930,3.800,3.930,3.760,5001690;
sh600719:4.420,4.270,4.430,4.250,5319422;
sh600724:3.830,3.710,3.860,3.700,9203747;
sh600730:4.500,4.520,4.780,4.440,7252171;
sh600734:3.970,3.830,4.000,3.830,22782801;
sh600736:5.500,5.320,5.500,5.290,14169045;
sh600737:9.130,8.810,9.300,8.790,54262251;
sh600744:2.310,2.280,2.330,2.260,5730944;
sh600746:6.120,6.010,6.170,5.980,3312394;
sh600748:5.830,5.660,6.090,5.660,53383038;
sh603893:54.980,51.790,55.190,51.550,4863979;
sh600755:6.500,6.360,6.500,6.340,21552023;
sh600756:19.090,18.560,19.120,18.500,4642675;
sh600764:28.280,28.200,28.280,27.790,2164000;
sh600770:4.810,4.640,4.810,4.620,7357425;
sh600771:13.200,12.940,13.210,12.920,8975921;
sh600773:5.650,5.520,5.660,5.480,5306539;
sh600777:1.800,1.780,1.800,1.770,45771835;
sh600783:14.130,14.240,14.550,13.990,16670085;
sh600784:4.440,4.330,4.440,4.330,2128500;
sh600785:14.850,15.400,14.850,14.490,2906213;
sh600796:5.920,5.840,5.980,5.770,6885233;
sh600800:5.190,5.070,5.200,5.010,11470900;
sh600802:11.360,10.840,11.380,10.750,16691324;
sh600808:2.600,2.550,2.600,2.530,19694327;
sh600818:9.710,9.510,9.760,9.450,1116888;
sh600819:4.880,4.720,4.890,4.700,5658461;
sh600821:4.010,4.110,4.060,3.930,10971291;
sh600822:8.740,8.500,8.740,8.460,2056315;
sh600824:3.350,3.240,3.400,3.240,11919590;
sh600825:5.360,5.670,5.420,5.310,20571554;
sh600828:4.160,4.120,4.200,4.100,3992034;
sh600829:7.300,8.020,8.020,7.300,13766454;
sh600830:6.530,6.160,6.530,6.160,54295964;
sh600831:8.610,8.280,8.610,8.250,15910726;
sh600833:9.440,9.260,9.460,9.200,1399348;
sh600834:6.440,6.360,6.510,6.350,1469973;
sh600836:5.500,5.500,5.590,5.360,11188167;
sh600838:6.470,6.230,6.550,6.110,16883131;
sh600841:6.730,6.690,6.780,6.660,1142300;
sh600843:6.650,6.720,6.660,6.540,5831400;
sh600846:8.550,8.400,8.600,8.390,6745305;
sh600851:8.200,7.980,8.200,7.950,3394556;
sh600853:3.810,3.650,3.810,3.630,19400909;
sh600854:3.850,3.970,4.080,3.840,14963973;
sh600855:23.200,24.630,23.880,22.540,96931957;
sh600857:9.930,9.600,9.930,9.560,1158814;
sh600860:3.550,3.540,3.680,3.440,6644883;
sh600861:10.560,10.540,10.780,10.440,2360926;
sh600862:13.160,13.200,13.670,13.030,23376426;
sh600864:6.670,6.510,6.680,6.470,22622017;
sh600865:6.440,6.360,6.470,6.280,5287012;
sh600866:5.920,5.650,5.930,5.620,43094165;
sh600867:12.000,11.930,12.230,11.850,36106277;
sh600868:3.280,3.210,3.280,3.200,21886915;
sh600869:4.410,4.260,4.430,4.230,27378627;
sh600871:2.090,2.040,2.090,2.040,33131505;
sh600874:6.910,6.900,6.940,6.870,6264663;
sh600876:13.550,13.080,13.650,13.030,3826200;
sh600879:6.930,6.890,6.970,6.770,56907088;
sh600880:3.960,3.790,3.980,3.750,21137380;
sh600882:22.660,23.590,23.360,22.470,7716006;
sh600885:30.400,29.900,30.730,29.670,3176063;
sh600888:4.450,4.330,4.460,4.310,6908000;
sh600889:5.680,5.890,5.990,5.660,9161364;
sh600894:7.410,7.210,7.540,7.190,14204056;
sh600898:6.380,6.190,6.400,6.120,2090204;
sh600917:6.420,6.380,6.440,6.320,2970300;
sh600959:3.750,3.690,3.760,3.670,10360880;
sh600962:8.130,7.950,8.220,7.810,7962100;
sh600965:8.150,7.830,8.280,7.790,12920345;
sh600966:7.500,7.180,7.530,7.120,17205872;
sh600973:4.210,4.070,4.220,4.050,14124893;
sh600976:16.010,15.660,16.260,15.520,2384001;
sh600980:12.450,12.200,12.600,12.110,2472481;
sh600981:3.650,3.530,3.650,3.530,14579800;
sh600982:2.780,2.730,2.780,2.710,3391500;
sh600983:6.150,5.940,6.290,5.820,42227830;
sh600986:3.870,3.730,3.870,3.720,30013863;
sh600988:9.520,9.020,9.630,9.010,125777986;
sh600990:39.600,38.780,39.600,38.520,1200704;
sh600992:6.450,6.350,6.470,6.320,4392568;
sh601002:6.100,5.960,6.230,5.960,19619809;
sh601008:3.450,3.510,3.480,3.400,17406353;
sh601016:2.220,2.170,2.220,2.170,14239600;
sh601069:14.940,14.300,15.010,14.260,17881149;
sh601100:66.400,66.450,68.880,65.650,4071592;
sh601106:2.650,2.620,2.650,2.600,11749608;
sh601118:5.490,5.390,5.560,5.200,65461177;
sh601126:6.200,6.030,6.260,6.010,9092786;
sh601168:5.860,5.780,5.880,5.740,14020801;
sh601199:3.780,3.970,3.850,3.740,28146219;
sh601222:5.250,5.100,5.270,5.100,14631536;
sh601226:3.950,3.900,3.950,3.860,2788742;
sh601233:11.870,11.620,11.880,11.610,10982505;
sh601311:8.800,8.730,8.920,8.620,9521388;
sh601339:3.520,3.450,3.530,3.440,4302300;
sh601388:1.710,1.670,1.710,1.660,17994741;
sh601515:6.560,6.300,6.620,6.280,8563161;
sh601567:8.690,8.910,9.110,8.300,78701165;
sh601608:3.390,3.330,3.410,3.310,10423580;
sh601616:3.060,2.960,3.070,2.950,17090780;
sh601677:10.350,10.220,10.380,10.120,3720380;
sh601689:17.450,16.690,17.600,16.550,13167513;
sh601700:5.880,5.630,5.880,5.590,25616259;
sh601727:4.690,4.610,4.700,4.600,11915865;
sh601789:4.400,4.220,4.400,4.190,36239087;
sh601799:88.010,87.300,88.360,86.360,481829;
sh601818:3.600,3.580,3.600,3.570,53894943;
sh601866:2.030,2.010,2.040,2.000,19485601;
sh601958:6.220,6.130,6.240,6.080,10402275;
sh601968:4.580,4.500,4.600,4.500,2529400;
sh601996:2.910,2.810,2.950,2.790,21005100;
sh603002:4.440,4.300,4.440,4.280,10297500;
sh603003:7.410,7.160,7.470,7.120,10829700;
sh603006:10.540,10.150,10.610,10.150,1337311;
sh603009:7.530,7.600,7.710,7.310,14791350;
sh603010:12.470,12.090,12.480,11.800,6148132;
sh603015:6.050,5.940,6.110,5.900,1617304;
sh603017:10.670,10.320,10.700,10.320,3056700;
sh603018:13.880,13.500,13.950,13.480,8359790;
sh603020:8.810,8.580,8.880,8.530,8149729;
sh603021:6.100,5.950,6.150,5.910,1894490;
sh603022:18.810,18.700,19.380,18.370,5639900;
sh603023:5.340,5.070,5.340,5.030,15063551;
sh603025:7.920,7.740,7.950,7.740,3127020;
sh603085:6.580,6.350,6.610,6.330,3889240;
sh603088:9.140,9.630,9.140,8.900,7115488;
sh603099:8.380,8.130,8.380,8.130,1364000;
sh603108:10.470,10.320,10.730,10.290,7133617;
sh603111:7.280,7.100,7.370,7.030,22181539;
sh603116:7.650,7.400,7.870,7.350,3722220;
sh603117:3.620,3.550,3.630,3.550,5672780;
sh603123:9.590,9.120,9.640,9.070,6328653;
sh603126:4.470,4.370,4.470,4.350,4522312;
sh603158:17.890,17.050,18.110,16.720,4633074;
sh603168:8.580,8.260,8.600,8.240,2419652;
sh603222:45.700,46.770,46.200,45.290,4760200;
sh603227:4.200,4.110,4.210,4.100,4353700;
sh603268:13.930,14.180,14.220,13.860,1781730;
sh603299:6.550,6.290,6.550,6.260,10075129;
sh603300:7.210,7.000,7.240,7.000,7250526;
sh603308:15.000,14.170,15.000,14.020,6300614;
sh603318:7.980,7.780,8.140,7.700,11623900;
sh603333:8.120,8.400,8.450,8.000,39322961;
sh603366:5.580,5.360,5.600,5.330,9972774;
sh603456:22.460,21.070,22.910,20.700,16418534;
sh603508:54.840,52.760,54.840,52.750,1680173;
sh603519:12.280,12.000,12.290,11.940,1460020;
sh603566:18.190,17.660,18.450,17.650,3806769;
sh603568:29.910,29.900,30.150,29.500,1798059;
sh603600:12.960,12.390,13.250,12.390,8667517;
sh603601:10.930,10.520,11.170,10.470,42842636;
sh603609:13.350,13.430,13.780,13.300,22826481;
sh603611:17.320,16.610,17.410,16.580,2111280;
sh603616:7.640,7.410,7.680,7.400,4536900;
sh603618:6.090,5.920,6.090,5.800,14957217;
sh603688:22.630,21.400,22.920,20.980,7184871;
sh603703:17.910,17.840,17.940,17.660,3726152;
sh603789:13.100,13.040,13.160,13.020,2533179;
sh603800:11.110,10.860,11.110,10.760,2001704;
sh603808:11.520,11.130,11.520,11.030,4476287;
sh603818:6.820,6.710,6.830,6.650,1159200;
sh603838:7.950,7.810,7.980,7.730,949800;
sh603918:13.400,12.520,13.410,12.500,16749468;
sh603936:18.800,17.850,18.800,17.750,5530459;
sh603968:13.350,12.990,13.370,12.920,1212700;
sh603989:25.120,24.240,25.300,23.860,2629498;
sh603997:9.440,9.010,9.730,8.900,52438300;
sh603998:7.000,6.810,7.130,6.810,7187900;
sh603999:6.020,5.800,6.060,5.800,5410680;
sh600127:10.800,10.430,11.560,10.350,228128417;
sh603377:14.890,14.490,15.050,14.380,1771307;
sh601900:10.220,9.890,10.220,9.880,4411529;
sh603919:14.410,14.310,14.720,14.280,3629002;
sh603861:8.380,8.210,8.440,8.150,2439800;
sh603028:12.330,11.610,12.720,11.460,8902602;
sh603798:10.070,9.830,10.080,9.790,1901801;
sh603701:11.020,10.760,11.040,10.630,3462112;
sh603726:14.140,13.450,14.230,13.250,12092793;
sh603528:7.950,7.700,7.950,7.620,8532062;
sh603339:12.250,12.090,12.350,12.060,738346;
sh603131:16.140,16.000,16.500,15.620,3607892;
sh603016:23.050,22.320,23.100,22.280,1976600;
sh603069:10.630,10.340,10.800,10.130,5755200;
sh600936:3.820,3.740,3.870,3.720,4897100;
sh601997:7.740,7.700,7.740,7.670,13665495;
sh601595:12.650,12.420,12.750,12.300,4883799;
sh603515:24.490,24.190,24.620,24.150,1334658;
sh603843:4.800,4.680,4.830,4.650,15941620;
sh601163:13.160,12.950,13.160,12.880,2107961;
sh603393:44.720,43.230,45.500,42.910,4311276;
sh603738:25.740,23.990,25.750,23.500,9042429;
sh601128:6.920,7.010,6.970,6.870,27081500;
sh603313:17.840,17.270,17.960,17.200,6878536;
sh600926:7.790,7.800,7.830,7.770,11194501;
sh603888:25.020,24.160,25.180,23.950,16588427;
sh603060:21.530,21.180,21.650,21.010,1277860;
sh603633:11.140,10.850,11.160,10.720,2698564;
sh603987:11.820,11.610,12.030,11.540,12146497;
sh603336:16.400,17.440,17.220,16.340,22238543;
sh603660:12.220,11.490,12.260,11.300,16007172;
sh603559:25.510,24.180,25.780,23.950,27195175;
sh603033:28.280,27.280,28.280,27.110,2247596;
sh603389:4.380,4.270,4.420,4.240,2039660;
sh603058:6.890,6.710,6.940,6.660,1555900;
sh603886:18.430,18.540,18.800,17.920,10118590;
sh603239:11.990,11.620,12.080,11.380,2143500;
sh601375:5.000,4.900,5.020,4.880,25702852;
sh603035:12.840,11.980,12.910,11.800,12252617;
sh603877:14.960,14.860,14.990,14.700,403100;
sh603689:10.630,10.430,10.630,10.410,1617810;
sh603579:28.240,27.480,28.240,27.390,805750;
sh603639:26.780,26.570,26.790,25.870,1487752;
sh601858:9.880,9.560,9.890,9.550,2189700;
sh603638:38.400,37.940,40.310,37.400,2812836;
sh603429:34.740,33.370,35.250,33.370,2393140;
sh603966:9.720,9.630,9.850,9.610,1445523;
sh603089:11.980,11.710,12.000,11.690,728445;
sh603360:30.290,30.700,31.460,30.130,5768073;
sh603677:10.700,10.610,10.740,10.510,844803;
sh603637:14.300,13.850,14.300,13.770,847413;
sh601212:2.940,2.860,2.950,2.850,25501125;
sh603603:7.100,6.970,7.190,6.920,2742500;
sh603817:5.890,5.810,5.900,5.740,1842000;
sh603717:7.980,7.750,8.000,7.740,3451759;
sh603656:14.010,13.690,14.080,13.000,618759;
sh603133:18.370,17.780,18.470,17.600,3459813;
sh603811:26.100,26.660,27.230,25.950,4310721;
sh603955:18.660,17.860,18.660,17.800,2487940;
sh603908:23.080,22.420,23.160,22.340,610900;
sh603991:21.900,25.510,25.510,21.900,5853873;
sh603578:19.630,19.160,19.730,19.050,718400;
sh601366:6.200,5.890,6.200,5.890,12326500;
sh603787:12.480,11.980,12.480,11.650,2847700;
sh603320:19.550,18.150,19.840,18.150,12011008;
sh603906:9.290,9.140,9.370,9.110,1867424;
sh603586:16.840,16.360,16.900,16.350,933000;
sh603538:35.700,34.540,36.550,33.880,13454198;
sh603385:10.880,10.560,10.890,10.480,4065690;
sh603178:8.390,8.090,8.430,8.020,2802500;
sh603238:30.560,30.100,30.800,29.280,3111297;
sh603229:30.090,29.880,31.500,29.050,3191771;
sh603728:13.150,12.480,13.300,12.400,9003306;
sh603896:29.850,28.730,29.970,28.300,1972935;
sh603488:8.550,8.370,8.550,8.320,1899100;
sh603197:27.610,26.130,27.620,25.900,3474826;
sh603580:12.520,12.200,12.580,12.060,1746608;
sh603200:67.000,62.300,67.000,60.500,2726059;
sh603042:20.230,18.800,20.260,18.700,10549056;
sh603536:14.950,14.160,15.140,14.070,9448828;
sh603326:18.490,18.660,18.800,18.390,1384820;
sh603316:11.250,11.290,11.390,11.120,4808800;
sh603335:4.430,4.530,4.550,4.340,28528239;
sh603380:16.340,15.820,16.400,15.710,2094100;
sh603286:15.770,15.360,15.790,15.310,1034500;
sh603938:23.030,22.480,23.320,22.250,2159839;
sh603331:17.790,17.060,17.850,16.800,2029013;
sh603933:13.390,13.120,13.390,12.850,2950778;
sh603595:27.700,26.640,27.700,26.400,1932799;
sh603612:10.950,10.500,10.950,10.430,2739220;
sh603676:11.820,13.190,13.190,11.680,27953581;
sh603063:8.660,8.380,8.660,8.330,2064700;
sh603233:63.950,64.050,65.330,62.800,2329027;
sh603357:9.970,9.800,10.030,9.760,2929980;
sh603860:26.880,26.420,26.950,26.200,357349;
sh603880:15.270,14.530,15.490,14.390,9239813;
sh603776:19.250,18.790,19.450,18.720,2654829;
sh603976:16.250,15.510,16.260,15.500,1731020;
sh603079:43.560,44.850,46.390,43.430,6842280;
sh603725:6.730,6.590,6.730,6.480,2248550;
sh603813:17.900,17.360,17.900,17.300,713300;
sh603136:23.600,24.030,24.100,23.310,1931463;
sh603378:30.750,29.660,30.750,29.500,733565;
sh603367:17.480,17.120,17.790,16.990,6751000;
sh603103:14.530,14.220,14.540,14.180,2322540;
sh603110:14.850,14.410,14.900,14.350,1071700;
sh603499:16.390,15.850,16.470,15.800,2933464;
sh603829:11.480,11.030,11.550,10.930,4923929;
sh603722:28.180,27.480,28.370,27.150,2106247;
sh603659:66.500,65.090,66.950,64.070,3726900;
sh603076:21.500,20.560,21.780,20.560,572208;
sh603661:35.440,35.110,35.470,35.000,521293;
sh601019:6.570,6.430,6.570,6.410,3018227;
sh603890:15.720,15.010,15.790,14.880,14515869;
sh603477:12.550,12.140,12.850,12.100,5163100;
sh603895:19.820,19.100,19.980,19.100,697060;
sh603516:40.850,38.780,40.850,38.590,1596623;
sh603871:27.680,27.080,27.810,27.000,414380;
sh603709:26.790,26.790,26.950,26.100,652800;
sh603712:27.960,27.250,28.050,26.900,6515196;
sh603059:25.600,24.970,25.750,24.780,1124200;
sh600929:6.650,6.390,6.710,6.260,23147646;
sh603897:16.980,16.500,17.100,16.430,1386234;
sh603301:40.800,39.400,41.350,39.310,7203914;
sh603773:32.400,31.610,32.460,31.310,1472444;
sh603666:99.000,97.920,100.560,97.000,580100;
sh601990:15.270,14.820,15.330,14.750,100183462;
sh603713:60.670,59.900,62.600,59.380,2024923;
sh601606:9.920,10.080,10.180,10.000,24707672;
sh603590:39.940,39.180,40.660,38.960,4298440;
sh603192:26.180,25.250,26.200,25.130,1193700;
sh601068:4.350,4.250,4.350,4.210,6279544;
sh603297:32.530,31.040,32.690,30.890,1239709;
sh603790:13.850,13.680,13.990,13.460,5137648;
sh603583:46.300,46.310,46.770,44.530,3173298;
sh601975:2.490,2.460,2.520,2.460,41785109;
sh603629:23.750,22.940,23.850,22.610,1394211;
sh603185:39.400,38.990,39.480,37.630,2516080;
sh601298:5.770,5.730,5.770,5.610,9855500;
sh603700:36.000,34.990,36.390,34.500,3617607;
sh601615:10.140,9.880,10.160,9.850,10607107;
sh601865:11.070,10.790,11.100,10.720,5324188;
sh603317:50.850,49.430,51.880,49.000,2149751;
sh603697:13.580,13.090,13.610,13.050,7176039;
sh603982:16.460,15.280,16.460,15.280,5434993;
sh603327:26.270,25.330,26.270,25.180,2376366;
sh603915:12.910,12.850,13.190,12.700,7668785;
sh601236:20.110,19.160,20.200,19.110,32480937;
sh603530:21.930,21.390,22.430,21.200,8422400;
sh603115:17.990,17.340,18.030,17.340,1525464;
sh603992:17.990,17.260,18.070,17.030,3253694;
sh603755:49.190,51.540,51.530,48.700,1916349;
sh600000:10.220,10.210,10.230,10.150,16625528;
sh600004:13.660,13.410,13.750,13.320,6536758;
sh600006:4.270,4.110,4.270,4.100,31080008;
sh600007:12.940,13.480,12.950,12.780,4935736;
sh600008:3.130,3.110,3.140,3.100,15911368;
sh600009:65.520,65.580,66.900,64.710,8064321;
sh600011:4.390,4.340,4.390,4.310,13972461;
sh600012:5.170,5.130,5.170,5.100,2064262;
sh600015:6.540,6.470,6.550,6.470,13272707;
sh600016:5.800,5.770,5.800,5.730,61137087;
sh600017:2.480,2.500,2.490,2.460,13111400;
sh600018:4.430,4.430,4.430,4.360,21769083;
sh600019:4.930,4.850,4.940,4.830,23280680;
sh600020:3.850,3.790,3.850,3.780,8575566;
sh600021:7.420,7.480,7.490,7.410,5335054;
sh600023:3.420,3.380,3.420,3.360,11185918;
sh600026:8.550,8.420,8.930,8.130,59906999;
sh600027:3.570,3.510,3.570,3.500,14423155;
sh600028:4.500,4.490,4.540,4.470,99702301;
sh600029:5.320,5.260,5.320,5.240,23024724;
sh600030:22.730,22.490,22.870,22.450,85850239;
sh600031:19.000,19.070,19.610,18.950,81817020;
sh600033:2.750,2.740,2.760,2.730,3590351;
sh600035:3.190,3.220,3.190,3.130,21540942;
sh600036:32.410,32.100,32.430,31.910,43743153;
sh600037:9.020,8.800,9.020,8.760,8371609;
sh600038:43.430,43.490,43.950,43.270,5616580;
sh600050:5.490,5.380,5.500,5.360,174426914;
sh600054:8.910,8.910,9.070,8.870,9453461;
sh600055:15.160,15.280,15.550,14.680,20405538;
sh600056:15.500,15.150,15.700,15.100,25613167;
sh600057:5.070,5.130,5.170,4.960,22342578;
sh600059:7.450,7.360,7.470,7.350,3152103;
sh600060:9.950,9.730,9.990,9.730,7081550;
sh600062:12.930,12.860,13.230,12.830,10414026;
sh600064:8.420,8.320,8.460,8.310,8616571;
sh600066:13.030,12.800,13.080,12.780,10033286;
sh600068:6.390,6.320,6.410,6.290,29946096;
sh600072:11.610,11.730,11.760,11.410,18392953;
sh600073:9.120,8.810,9.270,8.790,35345527;
sh600075:4.940,4.840,4.980,4.810,8085098;
sh600085:25.170,24.960,25.330,24.930,6245151;
sh600089:7.600,7.430,7.740,7.390,85782190;
sh600093:12.750,12.240,12.780,12.160,13688140;
sh600097:10.700,10.660,10.880,10.460,5064626;
sh600098:5.880,5.780,5.880,5.780,2492205;
sh600100:8.290,8.090,8.290,8.070,19819851;
sh600104:19.550,18.920,19.560,18.800,27812763;
sh600105:4.780,4.550,4.780,4.500,23518571;
sh600106:2.850,2.820,2.850,2.820,6247725;
sh600109:9.760,9.560,9.810,9.470,75534767;
sh600114:9.600,9.420,9.640,9.180,18243648;
sh600116:8.610,8.530,8.770,8.500,9339360;
sh600118:32.200,32.850,33.680,31.870,32271621;
sh600125:4.930,4.860,4.930,4.830,8076148;
sh600126:7.110,7.920,7.210,6.980,96509218;
sh600129:12.180,12.520,12.650,12.170,10328064;
sh600131:19.530,18.460,19.530,18.300,15621696;
sh600132:50.290,51.880,52.680,49.360,5241126;
sh600133:6.050,6.460,6.070,5.920,70285819;
sh600138:10.190,9.960,10.190,10.000,14897027;
sh600141:10.100,9.800,10.130,9.750,14970586;
sh600143:8.370,9.020,8.980,8.320,140556281;
sh600150:18.950,18.770,19.100,18.720,7255487;
sh600153:7.640,7.560,7.660,7.500,8749448;
sh600158:8.740,8.520,8.740,8.450,8140872;
sh600170:3.240,3.210,3.240,3.200,14809817;
sh600171:17.270,16.600,17.360,16.570,17573947;
sh600176:8.430,8.350,8.530,8.310,23757771;
sh600177:6.480,6.460,6.540,6.450,8971658;
sh600183:28.660,28.560,29.160,28.100,26393449;
sh600195:13.250,13.030,13.500,12.840,16092670;
sh600196:33.200,32.880,34.340,32.400,56697354;
sh600216:18.000,17.440,18.350,17.280,45452600;
sh600217:5.280,5.200,5.310,5.170,5126200;
sh600219:2.100,2.070,2.100,2.070,30901863;
sh600233:11.700,11.390,11.700,11.320,10585636;
sh600252:3.370,3.320,3.400,3.310,37805109;
sh600256:2.650,2.620,2.660,2.610,17624907;
sh600258:14.370,14.360,14.670,14.150,11287928;
sh600260:15.170,14.760,15.230,14.540,61134904;
sh600261:3.700,3.610,3.710,3.610,7506481;
sh600269:3.510,3.480,3.520,3.470,7267000;
sh600271:19.700,19.560,19.940,19.500,12489906;
sh600276:96.780,96.210,99.680,95.900,17107628;
sh600284:6.820,6.810,6.840,6.750,16610154;
sh601658:5.260,5.240,5.260,5.230,14799846;
sh600969:6.420,6.310,6.430,6.260,3777913;
sh600297:3.960,3.810,3.970,3.800,25525126;
sh600298:35.860,35.800,36.630,35.050,10976108;
sh600299:12.950,12.660,13.280,12.550,24675949;
sh600305:20.420,20.290,20.990,20.150,13276277;
sh600309:43.200,42.900,43.540,42.420,11491107;
sh600312:8.850,8.720,8.950,8.420,62114790;
sh600315:25.480,25.030,25.770,24.960,4056389;
sh600316:13.210,13.580,13.590,13.060,23728730;
sh600320:3.300,3.250,3.300,3.240,5664872;
sh600325:6.590,6.530,6.640,6.490,14214821;
sh600332:31.400,31.470,32.160,31.250,11948768;
sh600340:21.660,21.370,21.800,21.290,9501917;
sh600343:8.600,8.310,8.600,8.300,7378358;
sh600345:22.220,21.470,22.230,21.100,5420738;
sh600350:4.180,4.170,4.190,4.140,3614748;
sh600352:12.190,11.960,12.230,11.920,25554545;
sh600361:4.530,4.260,4.530,4.220,28439765;
sh600362:13.250,13.070,13.250,12.880,13080644;
sh600369:4.640,4.550,4.660,4.520,20114755;
sh600372:13.420,13.180,13.480,13.140,5798800;
sh600376:6.620,6.580,6.650,6.570,5866113;
sh600377:9.760,9.950,9.940,9.700,6891057;
sh600380:12.060,11.750,12.210,11.720,22705960;
sh600383:13.540,13.320,13.800,13.310,21766114;
sh600388:9.190,9.010,9.200,9.000,6709962;
sh600390:7.400,7.360,7.430,7.280,9421916;
sh600391:18.070,17.500,18.480,17.500,15856360;
sh600406:20.550,20.410,20.650,20.230,12027357;
sh600410:13.380,12.520,13.390,12.450,125858173;
sh600418:5.220,5.060,5.220,5.030,28729748;
sh600420:9.870,10.030,10.310,10.020,25186776;
sh600422:10.300,10.230,10.520,10.170,14309987;
sh600428:3.240,3.190,3.250,3.170,7713230;
sh600435:7.820,7.860,7.920,7.650,25896455;
sh600436:130.960,129.700,133.750,129.000,3737478;
sh600439:2.830,2.750,2.840,2.750,9661777;
sh600446:17.750,17.390,17.980,17.280,14612389;
sh600452:20.450,19.970,21.220,19.800,11235674;
sh600460:15.200,14.610,15.200,14.530,31183362;
sh600477:4.210,4.070,4.210,4.030,34350491;
sh600482:16.800,16.800,16.950,16.710,4164692;
sh600483:8.170,8.050,8.190,8.050,3174430;
sh600486:74.950,72.800,75.280,72.280,3371948;
sh600487:17.050,16.500,17.200,16.430,49519061;
sh600489:8.700,8.390,8.740,8.390,55365439;
sh600496:4.020,3.880,4.030,3.850,40512140;
sh600497:3.620,3.540,3.630,3.530,27638857;
sh600498:33.580,32.230,33.580,31.880,38219517;
sh600500:5.230,5.250,5.330,5.210,11610139;
sh600507:5.600,5.480,5.600,5.470,18807930;
sh600511:32.950,31.540,33.320,31.230,10658652;
sh600516:9.320,9.070,9.320,9.040,30222404;
sh600519:1157.880,1165.000,1181.500,1153.500,2780434;
sh600522:10.840,10.290,10.840,10.220,100061310;
sh600529:35.490,34.780,35.660,34.350,3713603;
sh600535:14.760,14.500,14.900,14.480,11978626;
sh600536:74.000,70.730,74.050,70.730,13205128;
sh600545:5.550,5.460,5.590,5.450,3982800;
sh600547:37.880,36.050,38.000,35.950,57349259;
sh600548:9.070,9.250,9.390,9.040,5285601;
sh600557:13.960,13.990,14.350,13.950,11546762;
sh600563:48.700,47.960,48.700,47.680,1575872;
sh600565:2.880,2.820,2.880,2.810,13543170;
sh600566:22.400,21.780,22.410,21.700,6020809;
sh600570:93.510,91.070,93.510,90.330,10478534;
sh600571:9.580,9.280,9.650,9.240,8244608;
sh600572:5.570,5.430,5.570,5.420,34983392;
sh600577:2.880,2.800,2.880,2.790,14343191;
sh600578:2.810,2.780,2.830,2.760,7024768;
sh600580:10.980,10.600,10.980,10.480,17298454;
sh600582:3.000,2.940,3.010,2.940,13211850;
sh600583:5.330,5.260,5.330,5.230,19763708;
sh600584:21.600,20.710,21.640,20.500,45874628;
sh600585:58.400,57.880,58.790,57.200,22532575;
sh600588:43.800,42.270,43.820,41.730,18944381;
sh600590:5.830,5.780,5.890,5.700,10177017;
sh600597:11.670,11.600,11.850,11.520,14200251;
sh600598:15.970,16.090,16.340,15.680,56780061;
sh600600:46.740,47.050,48.500,46.500,10053722;
sh600606:5.500,5.470,5.520,5.450,28449554;
sh600611:3.780,3.790,3.810,3.740,9650477;
sh600612:41.220,41.780,42.000,41.110,2557249;
sh600616:4.660,4.730,4.730,4.640,10095206;
sh600618:7.650,7.430,7.650,7.410,4240975;
sh600619:8.400,8.220,8.430,8.220,2127860;
sh600622:3.780,3.900,3.810,3.710,31645450;
sh600633:9.220,9.020,9.290,8.970,12503128;
sh600635:4.280,4.290,4.330,4.200,27268036;
sh600637:9.320,9.140,9.330,8.980,15320297;
sh600642:5.380,5.370,5.380,5.350,5007922;
sh600643:8.070,7.890,8.070,7.870,13027713;
sh600648:14.790,14.760,14.870,14.660,3115864;
sh600650:8.790,8.710,8.850,8.700,1204877;
sh600655:7.530,7.340,7.580,7.300,5772608;
sh600657:3.710,3.690,3.740,3.680,8888397;
sh600658:4.420,4.310,4.420,4.300,2097942;
sh600660:18.980,18.850,19.080,18.800,11831117;
sh600663:11.240,11.110,11.340,11.100,2275017;
sh600667:10.630,10.140,10.630,10.110,45405704;
sh600674:9.280,9.220,9.290,9.190,3280543;
sh600685:14.900,14.320,15.000,14.310,17370579;
sh600686:6.290,6.110,6.300,6.090,3369100;
sh600688:4.190,4.110,4.190,4.080,30034490;
sh600690:14.910,15.290,15.500,14.720,53404033;
sh600699:20.610,19.660,20.720,19.650,25523388;
sh600702:23.290,23.080,23.760,23.040,6447482;
sh600703:22.110,20.840,22.200,20.650,93733345;
sh600704:4.830,4.730,4.840,4.720,16874594;
sh600705:4.010,3.940,4.010,3.930,17373581;
sh600713:4.510,4.450,4.540,4.420,9362611;
sh600717:5.510,5.500,5.520,5.440,6703466;
sh600718:12.050,11.560,12.060,11.550,18760272;
sh600720:13.470,12.990,13.530,12.910,25751982;
sh600723:5.570,5.480,5.580,5.460,3076500;
sh600728:11.350,10.490,11.350,10.490,194091843;
sh600729:27.520,27.520,27.520,27.460,3651544;
sh600733:5.700,5.480,5.740,5.470,30228677;
sh600741:21.370,20.950,21.630,20.790,14060669;
sh600743:2.200,2.220,2.220,2.190,16306611;
sh600745:107.900,102.800,107.940,101.660,14597393;
sh600749:8.590,8.550,8.650,8.410,2261822;
sh600750:11.900,11.670,12.020,11.660,6202358;
sh600754:26.080,25.720,26.500,25.520,2621062;
sh600760:31.000,31.350,31.660,30.800,18538589;
sh600761:9.430,9.240,9.460,9.190,5842534;
sh600763:112.000,112.390,116.880,112.000,2240219;
sh600765:9.190,9.130,9.190,8.980,8996734;
sh600775:9.000,8.720,9.000,8.710,17393282;
sh600776:18.390,17.570,18.390,17.510,16447070;
sh600779:44.710,44.490,45.580,44.410,2322909;
sh600787:4.650,4.520,4.690,4.500,10914700;
sh600789:10.600,10.200,10.650,10.160,85649114;
sh600790:3.150,3.110,3.150,3.110,5143164;
sh600794:3.340,3.260,3.350,3.250,13551700;
sh600795:2.040,2.030,2.050,2.030,26339924;
sh600797:9.440,9.110,9.440,9.050,38851902;
sh600798:3.220,3.220,3.230,3.140,16875958;
sh600801:25.170,25.010,25.400,24.820,23610233;
sh600803:9.070,9.090,9.110,8.970,9228065;
sh600804:6.410,6.090,6.410,6.020,60562030;
sh600805:4.590,4.440,4.600,4.440,7595788;
sh600809:93.940,93.480,96.000,92.830,3343804;
sh600814:5.450,5.290,5.520,5.250,14468000;
sh600820:5.590,5.550,5.590,5.530,10339046;
sh600823:4.160,4.150,4.170,4.130,8467498;
sh600826:10.350,10.080,10.350,10.050,1269100;
sh600827:8.280,7.970,8.320,7.950,9700726;
sh600835:14.000,13.790,14.060,13.780,2196166;
sh600837:13.150,12.880,13.150,12.850,50544337;
sh600839:2.850,2.790,2.900,2.780,61741764;
sh600845:42.100,40.770,42.560,40.230,6863734;
sh600848:19.630,19.510,19.670,19.440,3489370;
sh600850:23.300,22.680,23.400,22.520,3276028;
sh600859:12.220,12.030,12.230,12.020,2950612;
sh600872:47.290,46.400,47.880,46.040,6007755;
sh600873:4.550,4.440,4.620,4.430,39276136;
sh600875:8.730,8.540,8.740,8.520,6905527;
sh600884:11.070,10.730,11.100,10.700,9619602;
sh600886:7.800,7.720,7.810,7.680,9297447;
sh600887:30.150,30.200,30.750,30.000,47280471;
sh603551:17.530,16.960,17.550,16.940,4013433;
sh600893:23.200,22.680,23.200,22.620,8220872;
sh600895:12.610,12.400,12.680,12.370,6442346;
sh600897:18.490,18.480,18.890,18.240,980360;
sh600900:17.060,17.050,17.120,17.000,12450939;
sh600958:9.640,9.440,9.640,9.420,17569946;
sh600967:9.530,9.520,9.620,9.470,10069804;
sh600970:6.060,5.940,6.060,5.910,15207214;
sh600975:8.740,8.680,8.990,8.600,27104706;
sh600987:5.700,5.590,5.710,5.580,2814112;
sh600993:15.540,15.650,15.860,15.420,4281191;
sh600995:7.800,7.700,7.830,7.690,5321502;
sh600998:18.320,17.850,18.560,17.700,6897025;
sh600999:17.860,17.600,17.910,17.590,8299901;
sh601003:4.960,4.910,4.960,4.890,4045394;
sh601006:6.880,6.890,6.890,6.850,14457500;
sh601007:8.260,8.100,8.280,8.090,1767353;
sh601009:7.580,7.520,7.600,7.480,24506126;
sh601010:3.190,3.110,3.210,3.090,7790050;
sh601012:24.930,24.750,25.250,24.650,24360444;
sh601018:3.350,3.470,3.360,3.310,55673423;
sh601021:33.700,33.020,33.700,32.710,3268965;
sh601038:6.480,6.190,6.530,6.170,13489401;
sh601088:16.080,15.890,16.080,15.870,13698784;
sh601099:3.380,3.290,3.380,3.270,90870486;
sh601107:3.560,3.510,3.560,3.500,7112169;
sh601111:6.830,6.740,6.860,6.730,31169763;
sh601116:12.620,12.480,12.860,12.400,6423680;
sh601117:6.040,5.940,6.050,5.940,20500251;
sh601137:12.000,11.460,12.000,11.450,5049503;
sh601139:7.150,7.190,7.170,7.070,7076699;
sh601158:5.280,5.260,5.280,5.240,2390867;
sh601166:16.040,16.150,16.150,15.980,45705256;
sh601169:4.860,4.820,4.860,4.800,35887831;
sh601186:9.820,9.550,9.830,9.550,61552835;
sh601198:11.100,10.930,11.180,10.910,11736140;
sh601211:16.650,16.480,16.700,16.450,16892613;
sh601216:2.650,2.580,2.660,2.570,38612917;
sh601231:17.120,16.540,17.230,16.380,18774563;
sh601238:10.500,10.230,10.540,10.130,9085444;
sh601288:3.410,3.410,3.410,3.390,90758039;
sh601360:20.130,19.580,20.200,19.500,19206988;
sh601318:69.650,70.990,71.650,69.380,76624962;
sh601328:5.180,5.180,5.190,5.160,33770581;
sh601333:2.410,2.370,2.410,2.370,15827886;
sh601336:41.010,41.170,41.590,40.640,10512311;
sh601377:6.340,6.230,6.360,6.220,32948472;
sh601390:5.740,5.650,5.780,5.620,45048002;
sh601398:5.130,5.110,5.140,5.100,97806890;
sh601519:7.920,7.690,7.980,7.620,62266232;
sh601555:8.070,7.930,8.120,7.900,35629367;
sh601579:7.790,7.710,7.850,7.710,742200;
sh601588:2.730,2.750,2.730,2.700,15952519;
sh601600:2.940,2.900,2.940,2.890,29327345;
sh601601:27.790,27.960,28.270,27.480,34606766;
sh601607:20.100,19.750,20.340,19.600,34826531;
sh601618:2.630,2.600,2.630,2.580,25544479;
sh601628:26.260,26.480,26.730,26.180,10866329;
sh601633:8.290,8.080,8.290,8.030,16406640;
sh601636:4.950,5.020,5.150,4.930,44851571;
sh601668:5.300,5.250,5.320,5.240,92350176;
sh601669:3.810,3.750,3.820,3.740,52380833;
sh601688:18.170,18.030,18.350,18.010,51049602;
sh601717:5.590,5.510,5.590,5.490,11219098;
sh601718:3.800,3.670,3.800,3.650,66669310;
sh601766:6.370,6.280,6.380,6.250,60648411;
sh601788:11.160,11.270,11.500,11.080,35518468;
sh601800:8.250,8.110,8.250,8.070,45949523;
sh601801:4.850,4.800,4.850,4.780,2914359;
sh601808:12.460,12.500,12.740,12.400,23149350;
sh601857:4.650,4.600,4.650,4.580,164753045;
sh601872:7.020,6.750,7.120,6.640,116519641;
sh601877:24.000,23.710,24.110,23.680,4821724;
sh601880:1.730,1.740,1.740,1.720,17420686;
sh601888:77.200,77.320,79.840,76.570,7618216;
sh601890:5.540,5.700,5.650,5.460,54094151;
sh601899:4.090,3.970,4.100,3.950,288564084;
sh601901:7.230,7.090,7.250,7.080,27109150;
sh601919:3.930,3.880,3.940,3.850,24289675;
sh601928:6.670,6.590,6.670,6.570,4080276;
sh601933:10.450,10.310,10.690,10.200,56448901;
sh601939:6.400,6.370,6.400,6.350,43371570;
sh601965:8.570,8.890,8.610,8.410,9048941;
sh601985:4.490,4.440,4.490,4.430,12081009;
sh601988:3.490,3.500,3.500,3.480,65451423;
sh601989:4.270,4.240,4.280,4.230,54338318;
sh601991:2.090,2.070,2.090,2.060,4291700;
sh601992:3.320,3.280,3.340,3.260,21796611;
sh601998:5.170,5.140,5.170,5.130,7508113;
sh603000:20.440,19.930,20.440,19.630,21006765;
sh603005:93.000,85.110,93.220,85.000,14583837;
sh603008:11.840,11.860,12.110,11.800,3368614;
sh603011:5.820,5.550,5.820,5.510,11617778;
sh603019:46.800,45.000,47.160,44.960,24322628;
sh603026:30.190,28.840,30.200,28.800,7103950;
sh603066:9.270,9.000,9.280,8.920,5249600;
sh603100:8.910,8.650,8.950,8.620,2406901;
sh603118:13.360,12.640,13.360,12.550,25026025;
sh603128:5.750,5.610,5.800,5.590,23013168;
sh603169:4.720,4.530,4.720,4.520,5813900;
sh603198:16.140,15.930,16.400,15.900,4198627;
sh603199:21.350,21.480,21.430,20.880,782944;
sh603288:127.430,126.800,128.910,125.870,2325083;
sh603306:14.000,13.450,14.000,13.450,2418105;
sh603328:10.790,10.430,10.830,10.430,8450398;
sh603338:63.810,63.130,64.760,62.680,939906;
sh603355:20.990,20.390,20.990,20.360,787500;
sh603368:32.210,32.030,32.770,31.800,1862126;
sh603369:28.720,29.350,30.200,28.680,9337488;
sh603398:8.840,8.810,9.040,8.600,3697040;
sh603589:41.410,41.760,42.500,41.020,6646908;
sh603598:12.240,11.840,12.450,11.790,10656200;
sh603599:15.420,15.120,15.510,15.020,5150380;
sh603606:13.560,13.250,13.840,13.110,15165242;
sh603636:12.660,12.240,12.660,12.120,13617820;
sh603678:24.650,23.640,24.650,23.420,10510260;
sh603686:15.130,14.580,15.170,14.460,8902260;
sh603696:10.550,10.220,10.820,10.110,14292817;
sh603698:11.100,10.820,11.100,10.800,1534100;
sh603699:13.220,12.950,13.220,12.820,1483700;
sh603718:16.490,16.500,16.730,16.270,7313511;
sh603766:3.400,3.330,3.400,3.320,6801150;
sh603799:33.320,32.480,33.930,32.220,40339031;
sh603806:43.610,43.490,44.230,43.200,1388083;
sh603866:52.030,52.960,54.180,51.830,4231180;
sh603883:83.790,81.500,84.840,80.910,1459010;
sh603885:10.150,9.920,10.150,9.860,9762186;
sh603889:5.070,4.950,5.080,4.950,2511364;
sh603898:14.290,14.020,14.290,13.950,516600;
sh603899:48.580,48.650,49.430,47.790,3642395;
sh603939:97.070,95.900,99.550,95.120,1304435;
sh603993:3.630,3.530,3.640,3.520,94070852;
sh603225:10.650,10.490,10.690,10.470,2228576;
sh603195:156.480,159.380,162.600,156.280,3446898;
sh601816:6.360,6.250,6.360,6.230,59262475;
sh600673:7.260,7.360,7.500,7.250,28419720;
sh601916:4.070,4.060,4.080,4.040,23971967;
sh603027:27.460,26.680,27.850,26.480,6876452;
sh603520:67.030,66.400,68.490,65.220,4105966;
sh603868:36.950,36.130,36.950,36.050,660600;
sh603737:90.000,95.860,99.580,90.000,3479234;
sh601611:6.290,6.200,6.320,6.200,5476700;
sh601127:9.230,8.840,9.380,8.830,4731825;
sh601966:20.000,19.690,20.050,19.670,3889600;
sh603322:20.340,19.730,20.520,19.700,5512234;
sh600919:6.010,6.010,6.020,5.990,19587990;
sh601811:11.140,10.890,11.190,10.850,2150080;
sh600977:12.320,12.110,12.420,12.080,8238596;
sh603986:262.000,246.930,262.000,245.000,7796345;
sh603658:129.000,125.950,129.000,122.440,1202606;
sh603189:23.840,22.000,23.840,21.830,9383360;
sh600908:5.040,5.050,5.080,5.040,8094690;
sh603421:15.700,15.140,15.840,15.020,3825036;
sh603777:12.650,12.600,12.850,12.210,9670714;
sh603816:36.900,36.720,36.970,36.320,975100;
sh603160:272.300,260.000,272.400,258.210,2896554;
sh603258:30.000,29.020,30.060,28.880,2456823;
sh603290:126.000,114.090,126.800,113.560,5593566;
sh601229:8.310,8.290,8.320,8.260,8152018;
sh603858:20.620,20.460,20.850,20.320,7895558;
sh603727:15.510,15.230,15.510,15.070,2698093;
sh603900:7.820,7.640,7.860,7.570,1750348;
sh600909:7.790,7.560,7.790,7.540,59918181;
sh603990:53.800,51.800,53.800,51.270,823095;
sh603708:31.440,31.100,32.300,30.920,1625197;
sh603416:35.750,35.380,35.750,34.180,608600;
sh600996:8.190,7.940,8.190,7.920,5477239;
sh603298:11.840,11.590,11.840,11.520,1797200;
sh603218:19.000,18.790,19.270,18.600,2643934;
sh603929:14.220,13.920,14.240,13.830,2284000;
sh603186:47.430,45.940,47.840,45.370,3082990;
sh603444:392.910,366.800,397.070,364.200,1891632;
sh603228:45.490,44.150,45.630,43.900,3439805;
sh603690:31.000,29.600,31.250,29.340,6044291;
sh603039:81.600,79.630,81.770,79.260,395293;
sh603337:17.250,16.880,17.280,16.850,1312932;
sh601881:9.730,9.590,9.770,9.550,28518478;
sh603881:52.430,49.840,52.500,49.680,5748378;
sh603208:88.740,89.580,91.990,87.510,526571;
sh600939:3.970,3.920,4.000,3.910,2370800;
sh603501:163.070,155.500,163.800,154.020,4678239;
sh603517:50.840,49.380,51.600,48.880,4932450;
sh603960:30.300,29.800,30.300,29.330,1307396;
sh603630:12.760,12.400,12.790,12.300,2819530;
sh603138:22.030,19.990,22.130,19.600,10698273;
sh603803:13.800,13.260,13.900,13.250,9209430;
sh603232:37.290,36.260,37.450,35.500,4115452;
sh603920:19.860,19.080,19.880,18.880,4748050;
sh603078:35.850,34.360,36.200,34.200,2615110;
sh601200:12.120,11.980,12.230,11.850,15086872;
sh603303:9.290,9.090,9.300,9.050,2026911;
sh603833:101.810,99.250,102.000,100.140,858387;
sh601228:3.200,3.220,3.230,3.170,8221396;
sh603345:91.980,91.370,92.980,89.930,1792742;
sh601952:10.840,10.830,11.070,10.470,82930153;
sh603383:63.000,60.770,63.000,60.200,2121760;
sh603496:21.390,20.500,21.390,20.170,3369669;
sh603226:19.780,18.710,19.950,18.450,7668187;
sh603980:7.240,7.080,7.250,7.060,3131740;
sh601878:10.380,10.110,10.380,10.050,32034690;
sh603043:29.160,29.100,29.600,28.570,6252682;
sh603801:21.370,20.950,21.570,20.680,2082347;
sh603387:33.010,31.800,33.010,31.550,7035286;
sh603707:56.400,55.900,57.280,55.380,1999354;
sh603825:23.490,23.500,24.740,23.210,7469195;
sh603978:21.580,20.820,21.580,20.700,1683185;
sh603602:23.920,23.100,23.920,22.820,7878996;
sh601326:2.720,2.690,2.720,2.670,6420700;
sh603129:34.350,33.250,34.420,33.060,983700;
sh601949:5.400,5.270,5.420,5.270,5011600;
sh603127:78.320,76.500,79.590,75.300,2467126;
sh603183:9.410,9.210,9.440,9.150,1591628;
sh603882:62.180,61.010,64.010,60.500,3873231;
sh603277:8.920,8.750,8.920,8.650,975600;
sh603386:14.650,14.330,14.730,14.290,1964300;
sh603648:8.590,8.330,8.600,8.290,2713300;
sh603321:8.210,8.100,8.270,7.910,3801900;
sh603106:7.350,7.130,7.360,7.080,4720187;
sh603533:24.500,23.340,25.350,22.800,18542399;
sh603363:22.000,20.900,22.100,20.680,18000840;
sh603466:14.000,13.970,14.040,13.600,7152642;
sh601108:10.190,9.910,10.250,10.050,105377934;
sh603607:19.010,19.690,19.710,19.010,3005816;
sh603260:25.510,24.780,25.520,24.650,1876250;
sh603289:8.110,7.890,8.110,7.840,1487950;
sh603912:21.260,20.730,21.750,20.520,7195510;
sh603856:11.080,10.880,11.210,10.870,4273865;
sh600903:11.130,10.820,11.150,10.800,5662155;
sh603083:39.690,36.720,39.850,36.100,7760833;
sh603605:122.000,118.050,124.000,117.660,1304341;
sh603619:14.340,14.190,14.560,13.840,14071008;
sh603365:13.970,13.900,13.970,13.660,2597573;
sh603711:30.000,29.600,30.170,28.820,2971689;
sh603848:12.620,12.300,12.750,12.300,969518;
sh600025:3.640,3.640,3.670,3.630,19896600;
sh603283:39.810,37.400,40.000,37.380,4141728;
sh603329:11.330,11.050,11.370,11.030,1320300;
sh603080:13.160,12.910,13.250,12.840,1106306;
sh601155:31.450,31.290,32.150,31.180,9489563;
sh603180:64.530,58.800,64.530,58.800,2243500;
sh603056:10.470,10.180,10.480,10.170,3595876;
sh601828:9.630,9.440,9.680,9.440,4552790;
sh601838:7.610,7.590,7.630,7.570,10444552;
sh603156:25.530,25.080,25.580,25.030,1943248;
sh600901:5.230,5.160,5.240,5.150,8974987;
sh603214:39.450,37.590,39.850,37.100,2275354;
sh603259:101.860,100.150,103.420,100.100,9154037;
sh603486:19.850,19.440,20.200,19.410,2179680;
sh601138:13.940,13.620,13.940,13.500,47111303;
sh601330:9.660,9.390,9.660,9.300,8231982;
sh601066:31.720,30.900,31.750,30.720,23377604;
sh601869:33.500,32.300,33.600,31.830,3236315;
sh601577:7.800,7.780,7.810,7.750,5891032;
sh601162:5.580,5.500,5.680,5.470,184191256;
sh603220:21.000,20.190,21.050,20.010,9130274;
sh601319:6.330,6.370,6.440,6.280,63279821;
sh603187:33.990,33.580,34.130,33.340,2703842;
sh601860:4.340,4.300,4.350,4.300,28781753;
sh603121:16.160,17.640,17.640,16.160,6495961;
sh603739:22.380,21.830,22.380,21.800,1938189;
sh601598:3.480,3.420,3.480,3.410,13131097;
sh600928:5.630,5.540,5.630,5.540,7583573;
sh603068:84.960,81.650,85.860,80.990,4087752;
sh600968:2.390,2.370,2.400,2.360,29731285;
sh601698:16.720,16.520,17.270,16.410,32802491;
sh603236:172.600,162.450,172.600,160.280,1787139;
sh603983:64.780,65.810,67.880,64.020,2535003;
sh603613:116.010,113.000,118.870,111.080,1949225;
sh603267:49.690,47.110,49.690,46.700,2910393;
sh603093:23.040,22.330,23.490,22.320,7251287;
sh603927:60.640,58.200,60.700,58.020,2124669;
sz000006:4.690,4.690,4.700,4.620,10829562;
sz000007:8.110,8.060,8.140,8.050,5479504;
sz000008:3.220,3.160,3.240,3.150,25943379;
sz000009:6.440,6.180,6.440,6.130,53996983;
sz000011:8.670,8.950,8.780,8.570,9033799;
sz000017:3.780,3.740,3.800,3.710,6540508;
sz000023:17.390,18.090,18.150,17.200,9818811;
sz000025:19.570,19.110,19.570,18.910,6941509;
sz000028:41.800,41.150,42.490,40.860,2658755;
sz000036:3.480,3.420,3.490,3.420,5077857;
sz000038:9.460,9.800,9.540,9.090,17688211;
sz000045:7.290,7.080,7.310,7.060,4361901;
sz000050:14.080,13.570,14.090,13.530,13179996;
sz000055:4.190,4.120,4.190,4.100,3205450;
sz000058:7.110,7.530,7.540,7.080,61280870;
sz000059:5.540,5.320,5.540,5.310,28489091;
sz000061:6.710,6.710,6.930,6.620,25430236;
sz000068:3.380,3.490,3.470,3.300,36832458;
sz000078:4.780,4.660,4.900,4.650,68219868;
sz000150:5.310,5.080,5.350,5.060,39257142;
sz000151:8.310,8.130,8.310,8.130,2812907;
sz000155:4.060,3.930,4.060,3.930,7700607;
sz000301:4.960,4.920,5.000,4.920,6267555;
sz000402:6.750,6.700,6.780,6.690,4438133;
sz000415:2.950,2.890,2.950,2.880,15779000;
sz000416:4.690,4.570,4.700,4.530,8244208;
sz000421:4.230,4.170,4.230,4.150,1458466;
sz000430:5.180,5.100,5.260,5.050,5214385;
sz000498:5.220,5.260,5.330,5.190,10158632;
sz000501:10.800,11.170,11.070,10.770,16143963;
sz000503:13.420,13.280,13.790,13.130,13793015;
sz000505:8.930,8.620,9.390,8.450,72189635;
sz000506:2.940,2.790,2.970,2.770,35201050;
sz000507:5.110,5.150,5.120,5.030,13303289;
sz000510:4.100,3.970,4.110,3.950,6694749;
sz000514:4.280,4.230,4.360,4.190,10006705;
sz000517:2.700,2.710,2.760,2.700,16799690;
sz000518:4.920,4.830,5.110,4.820,41090943;
sz000523:7.090,7.010,7.110,6.900,9410890;
sz000525:9.330,8.890,9.350,8.800,14588330;
sz000526:42.190,40.290,42.190,39.600,1267055;
sz000529:7.030,6.910,7.150,6.870,11299610;
sz000530:3.540,3.410,3.550,3.400,9254400;
sz000531:7.040,7.050,7.050,6.920,12486449;
sz000532:10.730,10.490,10.800,10.380,7260861;
sz000533:2.930,2.850,2.930,2.760,49664576;
sz000536:1.880,1.800,1.900,1.800,23376400;
sz000537:6.740,6.630,6.770,6.600,8117355;
sz000540:3.420,3.420,3.620,3.400,107926673;
sz000543:3.940,3.880,3.940,3.850,14083850;
sz000544:6.880,6.770,6.930,6.710,7838181;
