sh600048:15.300,15.160,15.320,15.040,64231644;
sh600053:25.130,25.830,25.780,25.130,7476686;
sh600061:12.370,12.420,12.400,12.270,19599428;
sh600063:3.720,3.790,3.760,3.690,28448600;
sh600071:8.950,9.080,9.120,8.930,2008917;
sh600076:3.850,3.890,3.880,3.840,11209282;
sh600077:2.850,2.840,2.870,2.820,4067977;
sh600078:5.720,6.120,6.220,5.710,118997284;
sh600079:16.460,16.460,16.460,16.060,52702717;
sh600081:10.740,10.870,10.810,10.640,3859390;
sh600082:3.400,3.480,3.470,3.400,5372765;
sh600090:4.030,4.060,4.060,4.020,9965310;
sh600101:5.970,6.010,6.020,5.960,2324660;
sh600111:9.100,9.160,9.230,9.050,34439998;
sh600113:6.340,6.340,6.380,6.250,6510988;
sh600115:4.160,4.200,4.180,4.130,48975054;
sh600120:8.640,8.730,8.720,8.600,10429235;
sh600146:10.580,11.390,10.940,10.560,15029948;
sh600151:4.440,4.440,4.510,4.380,7736761;
sh600156:4.590,4.700,4.720,4.530,12712688;
sh600160:7.030,7.090,7.070,6.980,28497747;
sh600161:35.990,36.480,36.800,35.750,11877493;
sh600162:2.050,2.060,2.060,2.040,8932439;
sh600169:2.060,2.060,2.070,2.050,13841769;
sh600175:1.310,1.310,1.330,1.300,41521275;
sh600197:13.280,13.380,13.450,13.250,6005612;
sh600199:5.090,5.140,5.140,5.070,7547580;
sh600200:6.910,7.090,7.040,6.830,29475569;
sh600203:9.290,9.320,9.460,9.170,23177700;
sh600206:12.750,12.650,12.780,12.550,36543011;
sh600207:4.160,4.210,4.210,4.160,3911266;
sh600208:3.080,3.150,3.150,3.060,111404191;
sh600213:7.390,7.540,7.450,7.330,5071965;
sh600218:8.570,8.650,8.590,8.490,7909099;
sh600221:1.580,1.590,1.610,1.570,93153045;
sh600223:6.910,7.120,7.100,6.850,28733128;
sh600226:2.400,2.510,2.480,2.380,89232144;
sh600227:3.030,3.020,3.070,3.010,12584898;
sh600235:4.730,4.850,4.850,4.650,23162988;
sh600236:4.590,4.580,4.600,4.550,2369681;
sh600242:7.590,7.790,7.770,7.590,28945704;
sh600246:7.190,7.270,7.310,7.160,27494718;
sh600262:15.370,15.710,15.560,15.310,990205;
sh600266:6.860,6.860,6.930,6.850,14047817;
sh600267:14.690,15.080,14.920,14.460,65348514;
sh600268:6.370,6.380,6.400,6.140,43152545;
sh600278:9.160,9.270,9.240,9.110,3022986;
sh600279:3.730,3.740,3.750,3.720,3392760;
sh600283:9.630,10.030,9.990,9.570,9000865;
sh600285:8.550,8.650,8.620,8.460,8901546;
sh600288:11.210,11.300,11.290,11.170,2737070;
sh600291:7.200,7.190,7.240,7.140,10321938;
sh600293:2.740,2.790,2.760,2.720,11921748;
sh600300:3.360,3.690,3.540,3.260,139313061;
sh600310:3.760,3.830,3.800,3.750,5690697;
sh600311:2.650,2.680,2.700,2.620,30136602;
sh600313:4.200,4.580,4.680,4.170,197680490;
sh600317:2.160,2.170,2.170,2.160,6198207;
sh600322:2.560,2.550,2.560,2.520,16490717;
sh600323:19.610,19.480,19.860,19.280,22688784;
sh600326:6.670,6.810,6.740,6.610,21402594;
sh600336:4.950,5.090,4.960,4.910,19007780;
sh600337:4.490,4.410,4.490,4.360,26739929;
sh600338:8.200,8.240,8.300,8.160,9849860;
sh600339:2.860,2.810,2.860,2.780,41096794;
sh600351:5.070,5.120,5.090,5.040,5603701;
sh600353:5.270,5.350,5.350,5.270,8274291;
sh600354:3.660,3.660,3.660,3.660,1745823;
sh600355:3.180,3.250,3.210,3.170,15456141;
sh600360:8.180,8.160,8.240,8.060,61621610;
sh600363:13.500,13.740,13.550,13.260,9930207;
sh600366:6.150,6.190,6.280,6.100,80263641;
sh600371:12.880,13.940,13.770,12.820,34808664;
sh600375:4.500,4.530,4.520,4.440,5658244;
sh600381:4.650,4.690,4.680,4.620,3618576;
sh600392:7.070,7.160,7.240,7.020,37483355;
sh600393:2.600,2.620,2.620,2.590,16183700;
sh600398:6.380,6.490,6.480,6.360,8722480;
sh600419:12.550,13.050,12.830,12.420,16047204;
sh600425:3.670,3.740,3.710,3.620,28880287;
sh600429:5.550,5.750,5.660,5.470,17317440;
sh600449:13.550,14.300,14.100,13.470,30094768;
sh600455:24.420,24.580,24.680,24.350,1736436;
sh600463:6.070,6.150,6.130,6.040,1446165;
sh600466:6.110,6.140,6.240,6.090,20850985;
sh600467:2.830,3.000,3.000,2.760,140666809;
sh600476:12.580,12.810,12.790,12.580,2175716;
sh600478:3.970,4.020,4.030,3.970,14813685;
sh600479:8.760,8.870,8.840,8.720,7548431;
sh600480:8.980,8.980,9.120,8.850,8767227;
sh600481:2.950,2.980,2.980,2.950,3037939;
sh600488:4.420,4.550,4.640,4.400,13249730;
sh600495:4.580,4.670,4.670,4.480,52275384;
sh600499:4.290,4.310,4.360,4.260,9933300;
sh600501:8.310,9.000,9.000,8.240,9874689;
sh600503:3.120,3.140,3.140,3.110,17612711;
sh600505:9.060,9.300,9.160,9.010,4965941;
sh600506:9.800,10.270,10.100,9.510,21293224;
sh600517:6.670,6.810,6.730,6.630,14458610;
sh600520:8.740,8.850,8.790,8.630,3017800;
sh600525:5.250,5.210,5.250,5.170,10039600;
sh600526:5.960,6.280,6.140,5.940,10944203;
sh600527:2.550,2.650,2.650,2.550,36476333;
sh600530:3.320,3.480,3.390,3.280,12146173;
sh600533:3.180,3.200,3.220,3.150,17600328;
sh600537:3.050,3.060,3.070,3.020,5581408;
sh600549:11.370,11.390,11.420,11.280,9409551;
sh600559:8.550,8.730,8.720,8.550,14355006;
sh600562:13.960,14.480,14.560,13.900,11624536;
sh600568:1.470,1.490,1.490,1.460,34768212;
sh600573:6.290,6.430,6.490,6.270,7616389;
sh600587:17.540,17.650,17.720,17.200,11236478;
sh600593:41.730,41.700,43.100,41.700,1287570;
sh600596:8.560,8.700,8.610,8.540,12868958;
sh600601:3.250,3.310,3.290,3.240,24096696;
sh600602:7.210,7.340,7.280,7.210,8620733;
sh600603:5.670,5.710,5.700,5.620,8202357;
sh600604:7.300,7.400,7.430,7.240,28003439;
sh600613:6.900,7.020,6.980,6.850,4477260;
sh600623:5.440,5.480,5.470,5.430,7157921;
sh600624:8.520,8.580,8.740,8.480,16043105;
sh600626:5.150,5.220,5.190,5.110,7843700;
sh600628:11.780,12.000,11.950,11.670,5829332;
sh600630:7.570,7.600,7.590,7.450,11979772;
sh600638:5.230,5.290,5.300,5.210,2718812;
sh600639:12.160,12.310,12.350,12.100,1954572;
sh600640:18.180,18.990,18.550,18.150,14291678;
sh600641:19.700,19.580,19.960,19.440,13285148;
sh600644:4.920,4.930,4.950,4.890,1641072;
sh600645:18.580,18.700,18.770,18.420,7041633;
sh600647:12.980,13.000,13.100,12.840,2150726;
sh600649:5.420,5.450,5.460,5.400,7790809;
sh600651:3.620,3.620,3.650,3.590,9742662;
sh600661:16.290,16.240,16.320,16.060,1586874;
sh600662:3.850,3.870,3.870,3.840,6058600;
sh600668:14.210,14.530,14.390,14.210,12594115;
sh603179:22.960,23.320,23.200,22.200,2822274;
sh600671:11.540,11.700,11.750,11.400,3982243;
sh600677:4.270,4.300,4.360,4.240,13469289;
sh600678:6.890,7.050,6.980,6.800,19592300;
sh600682:8.550,8.590,8.580,8.450,11193746;
sh600683:3.760,3.820,3.800,3.740,6636100;
sh600684:3.160,3.160,3.180,3.140,3310689;
sh600689:8.120,8.250,8.130,8.060,2354669;
sh600693:4.900,4.920,4.910,4.870,3280244;
sh600695:8.060,8.100,8.120,7.900,25642218;
sh600697:14.930,15.030,14.980,14.890,1490411;
sh600706:7.320,7.380,7.390,7.190,2635940;
sh600708:3.050,3.070,3.070,3.050,14390726;
sh600711:4.220,4.240,4.250,4.180,21386577;
sh600712:5.650,5.770,5.750,5.590,34527385;
sh600716:3.840,3.860,3.860,3.810,4086767;
sh600719:4.410,4.510,4.560,4.400,9280623;
sh600724:3.820,3.880,3.870,3.800,12657805;
sh600730:4.350,4.400,4.410,4.350,4495542;
sh600734:3.890,3.910,4.050,3.860,20038781;
sh600736:5.360,5.380,5.390,5.280,17054514;
sh600737:8.760,9.490,9.450,8.660,74685001;
sh600744:2.220,2.240,2.240,2.220,5942700;
sh600746:6.060,6.150,6.150,6.030,4164101;
sh600748:5.130,5.190,5.210,5.110,16009604;
sh603893:56.980,56.150,57.140,55.690,5125814;
sh600755:6.330,6.360,6.350,6.310,10932052;
sh600756:18.850,18.960,19.020,18.800,5114546;
sh600764:27.440,27.990,27.850,27.290,2287730;
sh600770:4.600,4.700,4.680,4.600,10203796;
sh600771:13.050,13.150,13.050,12.910,5816655;
sh600773:5.530,5.580,5.580,5.470,8641739;
sh600777:1.810,1.820,1.820,1.800,74266810;
sh600783:13.850,14.060,14.060,13.620,18297827;
sh600784:4.380,4.430,4.410,4.360,3128130;
sh600785:14.500,14.800,14.680,14.440,994271;
sh600796:5.820,5.920,5.910,5.780,9136621;
sh600800:5.340,5.260,5.350,5.210,12163639;
sh600802:10.800,11.240,11.040,10.710,30437625;
sh600808:2.490,2.510,2.520,2.490,26225948;
sh600818:9.600,9.700,9.770,9.560,1084496;
sh600819:4.840,4.890,4.890,4.820,4194149;
sh600821:3.840,3.860,3.850,3.800,2559312;
sh600822:8.640,8.680,8.770,8.600,1999337;
sh600824:3.120,3.170,3.140,3.090,13486892;
sh600825:5.390,5.420,5.420,5.290,11903021;
sh600828:4.120,4.150,4.130,4.080,6648567;
sh600829:7.100,7.120,7.100,7.010,4038705;
sh600830:5.540,5.650,5.620,5.520,21836531;
sh600831:8.300,8.400,8.430,8.250,16073007;
sh600833:9.180,9.270,9.260,9.170,1429101;
sh600834:6.290,6.340,6.310,6.270,1223543;
sh600836:5.360,5.400,5.450,5.220,18300809;
sh600838:5.890,6.160,5.930,5.820,18357402;
sh600841:6.540,6.620,6.630,6.540,858800;
sh600843:6.430,6.540,6.550,6.420,2643095;
sh600846:8.400,8.460,8.450,8.370,7827551;
sh600851:8.010,8.110,8.150,7.940,4498190;
sh600853:3.720,3.810,3.740,3.690,26137726;
sh600854:3.740,3.790,3.770,3.720,3937529;
sh600855:26.770,26.960,26.960,26.300,23112297;
sh600857:9.810,9.920,9.930,9.710,2255851;
sh600860:3.220,3.340,3.260,3.200,8122283;
sh600861:10.280,10.160,10.380,10.030,2055745;
sh600862:12.870,12.940,13.150,12.730,12172010;
sh600864:6.590,6.650,6.610,6.530,32046726;
sh600865:6.330,6.430,6.370,6.250,9297953;
sh600866:5.430,5.630,5.470,5.320,41909433;
sh600867:10.830,11.450,10.990,10.790,43696967;
sh600868:3.200,3.240,3.220,3.190,29263663;
sh600869:4.330,4.300,4.340,4.250,32119053;
sh600871:2.090,2.110,2.100,2.070,53505501;
sh600874:7.080,7.080,7.120,7.060,14566199;
sh600876:13.290,13.490,13.340,13.150,4650265;
sh600879:6.660,6.790,6.930,6.610,59152264;
sh600880:3.650,3.730,3.690,3.550,21321283;
sh600882:21.820,22.420,21.960,21.300,10470013;
sh600885:29.520,30.030,29.940,29.520,5848738;
sh600888:4.320,4.340,4.330,4.280,8129203;
sh600889:5.590,5.730,5.700,5.540,9294145;
sh600894:7.320,7.360,7.360,7.190,18317146;
sh600898:6.030,6.100,6.080,5.970,3159274;
sh600917:6.460,6.450,6.490,6.410,3744093;
sh600959:3.680,3.690,3.700,3.670,12846717;
sh600962:8.290,8.250,8.350,8.050,20067037;
sh600965:8.050,8.450,8.300,7.950,20785182;
sh600966:7.480,7.540,7.540,7.420,18966269;
sh600973:4.130,4.170,4.190,4.110,17000703;
sh600976:15.700,15.800,15.830,15.630,1082812;
sh600980:11.990,12.100,12.160,11.940,2373748;
sh600981:3.750,3.790,3.850,3.630,47360943;
sh600982:2.720,2.740,2.740,2.710,3772833;
sh600983:6.000,6.520,6.480,5.340,57221189;
sh600986:3.760,3.920,3.920,3.740,57754611;
sh600988:9.110,9.200,9.370,8.950,160035049;
sh600990:38.790,39.260,39.600,38.600,1730451;
sh600992:6.340,6.400,6.370,6.300,3302321;
sh601002:5.750,6.050,5.840,5.750,17481533;
sh601008:3.410,3.450,3.480,3.400,10378179;
sh601016:2.190,2.200,2.210,2.180,22654688;
sh601069:14.360,14.550,14.600,14.140,21334318;
sh601100:62.000,65.520,67.060,62.000,6927831;
sh601106:2.600,2.630,2.630,2.600,19335239;
sh601118:5.600,5.650,5.700,5.520,94532086;
sh601126:6.190,6.240,6.210,6.120,9079333;
sh601168:5.820,5.870,5.880,5.790,22098763;
sh601199:3.670,3.710,3.700,3.650,12227701;
sh601222:5.280,5.290,5.330,5.230,16686148;
sh601226:3.820,3.860,3.870,3.810,2664057;
sh601233:11.620,11.900,11.780,11.530,29297421;
sh601311:8.590,8.770,8.640,8.580,9411767;
sh601339:3.450,3.480,3.460,3.430,6641800;
sh601388:1.670,1.680,1.690,1.660,19910477;
sh601515:6.200,6.630,6.420,6.200,16801168;
sh601567:7.500,7.570,7.590,7.440,7654605;
sh601608:3.300,3.330,3.340,3.300,13823900;
sh601616:2.950,3.020,3.000,2.940,22728075;
sh601677:10.350,10.360,10.450,10.320,5320239;
sh601689:17.390,17.960,17.850,17.300,19021609;
sh601700:5.700,5.770,5.770,5.680,27269074;
sh601727:4.680,4.720,4.710,4.680,21494864;
sh601789:4.280,4.270,4.330,4.240,31870491;
sh601799:86.000,86.080,86.770,84.390,936430;
sh601818:3.620,3.620,3.640,3.600,93289821;
sh601866:2.010,2.030,2.030,2.010,34446287;
sh601958:6.210,6.240,6.250,6.160,11169765;
sh601968:4.520,4.590,4.590,4.520,3030609;
sh601996:2.720,2.780,2.760,2.720,15773505;
sh603002:4.310,4.380,4.370,4.310,11545478;
sh603003:7.320,7.350,7.340,7.200,13840850;
sh603006:10.290,10.460,10.410,10.280,1642600;
sh603009:7.500,7.720,7.570,7.400,23030367;
sh603010:12.150,12.270,12.250,12.090,4885615;
sh603015:5.920,5.940,5.930,5.870,1807796;
sh603017:10.630,10.860,10.770,10.520,3926699;
sh603018:13.970,14.060,14.390,13.880,14562894;
sh603020:8.700,9.090,9.060,8.640,14056713;
sh603021:5.940,5.990,6.030,5.920,2031247;
sh603022:19.710,20.050,19.950,19.080,13383850;
sh603023:5.100,5.240,5.150,5.030,21958350;
sh603025:7.910,7.940,7.940,7.850,3381601;
sh603085:6.440,6.500,6.570,6.380,5066376;
sh603088:8.890,9.010,8.960,8.860,1681313;
sh603099:8.100,8.170,8.130,8.050,2198191;
sh603108:10.180,10.280,10.230,10.080,5423475;
sh603111:6.760,7.270,7.270,6.720,46016706;
sh603116:7.330,7.370,7.460,7.280,5137602;
sh603117:3.550,3.590,3.580,3.530,4682362;
sh603123:9.120,9.120,9.310,8.980,7263841;
sh603126:4.400,4.440,4.430,4.390,4576838;
sh603158:17.780,18.010,18.340,17.670,4363146;
sh603168:8.310,8.380,8.410,8.310,3154073;
sh603222:42.350,46.530,44.500,42.350,7326287;
sh603227:4.130,4.170,4.180,4.130,4066830;
sh603268:13.820,13.850,13.950,13.660,761998;
sh603299:6.320,6.680,6.620,6.300,28959260;
sh603300:7.000,7.000,7.060,6.940,9161160;
sh603308:13.840,14.380,14.350,13.830,9009710;
sh603318:7.470,7.460,7.470,7.330,11478530;
sh603333:7.650,7.720,7.730,7.500,22950714;
sh603366:5.370,5.520,5.470,5.350,14700000;
sh603456:20.000,20.500,20.110,19.720,9062432;
sh603508:53.330,54.460,53.890,53.010,1821561;
sh603519:12.220,12.350,12.520,12.100,2236562;
sh603566:17.340,17.740,17.510,17.090,6936259;
sh603568:28.200,28.400,29.040,28.120,2835001;
sh603600:12.950,13.010,13.280,12.940,8846153;
sh603601:11.410,11.460,11.570,10.920,75090865;
sh603609:12.500,12.920,12.870,12.410,27493818;
sh603611:17.010,17.380,17.550,17.010,2825300;
sh603616:7.450,7.580,7.580,7.450,5126000;
sh603618:5.750,5.780,5.800,5.710,12048087;
sh603688:22.070,22.090,22.560,21.920,4788013;
sh603703:18.380,18.260,18.550,18.130,4114494;
sh603789:13.000,13.200,13.060,12.940,4115505;
sh603800:11.040,11.130,11.200,11.020,2777712;
sh603808:11.250,11.310,11.280,11.160,3216357;
sh603818:6.800,6.810,6.860,6.740,2497758;
sh603838:7.870,7.910,7.990,7.840,1262362;
sh603918:13.070,14.360,14.360,13.070,11237219;
sh603936:18.200,18.350,18.470,18.200,5642570;
sh603968:13.160,13.290,13.350,13.160,1620699;
sh603989:25.600,25.510,25.750,24.810,3628248;
sh603997:10.890,12.010,12.010,10.840,60209521;
sh603998:6.820,6.920,6.970,6.770,5679603;
sh603999:5.780,5.840,5.850,5.740,4981120;
sh600127:9.750,10.860,10.800,10.720,161459540;
sh603377:15.360,15.150,15.460,15.130,3877724;
sh601900:10.020,10.140,10.110,10.020,5671995;
sh603919:14.580,14.570,14.880,14.430,6480627;
sh603861:8.350,8.300,8.460,8.200,2808900;
sh603028:11.250,11.140,11.250,11.040,2787802;
sh603798:9.930,10.050,10.090,10.020,1941649;
sh603701:10.730,10.900,10.890,10.550,4791926;
sh603726:14.440,14.750,14.580,14.200,20176172;
sh603528:7.250,7.400,7.350,7.200,5691396;
sh603339:11.960,12.160,12.050,11.880,1364513;
sh603131:15.550,15.830,16.290,15.510,5752038;
sh603016:22.110,22.690,23.750,21.750,4483936;
sh603069:11.140,10.900,11.160,10.850,7005998;
sh600936:3.720,3.780,3.740,3.710,4029529;
sh601997:7.780,7.760,7.800,7.730,20920687;
sh601595:12.400,12.600,12.600,12.200,11376613;
sh603515:24.200,24.300,24.450,24.110,2114044;
sh603843:4.680,4.710,4.760,4.630,17707664;
sh601163:12.980,13.060,13.100,12.960,2813583;
sh603393:40.650,43.300,41.970,40.650,5650040;
sh603738:25.500,25.620,25.810,25.220,7676048;
sh601128:6.980,6.920,7.000,6.870,21105168;
sh603313:17.570,18.310,18.100,17.570,11596313;
sh600926:7.800,7.840,7.800,7.730,20384955;
sh603888:23.040,23.280,23.390,22.900,9461606;
sh603060:20.670,20.700,20.950,20.640,1542053;
sh603633:11.190,11.220,11.240,11.030,3007079;
sh603987:11.120,11.400,11.260,11.120,8745495;
sh603336:16.250,16.800,16.680,16.010,15695250;
sh603660:11.200,11.470,11.360,11.160,8109736;
sh603559:26.620,26.710,27.180,26.300,38640854;
sh603033:25.760,26.340,26.290,25.660,2579920;
sh603389:4.240,4.330,4.310,4.190,2743574;
sh603058:6.670,6.800,6.920,6.650,1990580;
sh603886:17.310,17.790,17.690,17.120,7301862;
sh603239:12.490,12.530,12.820,12.400,3417551;
sh601375:4.930,5.010,4.960,4.900,42126640;
sh603035:12.860,13.330,13.430,12.860,9028987;
sh603877:14.480,14.710,14.830,14.480,878216;
sh603689:10.510,10.590,10.610,10.510,2024922;
sh603579:27.630,27.680,27.860,27.360,1378334;
sh603639:26.300,26.310,26.350,26.040,1286411;
sh601858:9.450,9.680,9.650,9.450,2728534;
sh603638:37.340,37.000,38.490,36.400,4804049;
sh603429:36.110,35.330,36.140,34.900,3457392;
sh603966:9.690,9.780,9.840,9.690,1793480;
sh603089:11.730,11.930,11.970,11.680,1020697;
sh603360:29.890,29.210,29.890,28.500,8537045;
sh603677:10.350,10.480,10.470,10.270,1062698;
sh603637:13.850,13.800,13.850,13.630,808732;
sh601212:2.890,2.930,2.950,2.860,31321800;
sh603603:6.780,7.020,6.940,6.780,3435800;
sh603817:5.740,5.840,5.780,5.700,2018863;
sh603717:8.000,8.070,8.060,7.930,3679619;
sh603656:13.360,13.530,13.540,13.360,563139;
sh603133:17.690,18.060,18.080,17.570,5266400;
sh603811:25.590,25.690,26.000,25.490,1927111;
sh603955:18.100,18.010,18.200,17.800,3892162;
sh603908:22.840,23.040,23.090,22.770,579100;
sh603991:21.550,21.550,21.550,21.550,856000;
sh603578:19.780,19.720,19.880,19.500,622490;
sh601366:6.060,6.380,6.220,6.060,21489115;
sh603787:11.700,11.920,11.850,11.600,3079519;
sh603320:21.010,19.470,21.080,18.020,16254480;
sh603906:9.070,9.220,9.240,9.070,2075537;
sh603586:17.210,17.200,17.380,16.930,1524964;
sh603538:28.300,30.290,30.290,27.590,8524962;
sh603385:10.380,10.670,10.490,10.320,5069307;
sh603178:8.040,8.160,8.260,8.040,2543236;
sh603238:26.290,27.080,27.330,26.290,2866700;
sh603229:26.500,28.190,27.990,26.040,3390853;
sh603728:14.300,13.860,14.300,13.500,16510596;
sh603896:28.250,28.660,28.640,28.030,1042933;
sh603488:8.240,8.310,8.340,8.170,1696323;
sh603197:26.400,26.720,26.580,26.000,3426351;
sh603580:12.010,12.400,12.390,12.010,2336843;
sh603200:56.420,60.960,60.960,56.320,1964120;
sh603042:20.490,20.400,20.850,20.100,19749502;
sh603536:14.600,16.170,15.660,14.600,25545443;
sh603326:18.100,18.150,18.350,17.920,1791720;
sh603316:11.400,11.180,11.590,11.080,4918800;
sh603335:4.280,4.350,4.340,4.240,21241279;
sh603380:15.680,15.900,15.970,15.680,1883800;
sh603286:15.460,15.660,15.680,15.430,1925732;
sh603938:22.830,23.420,23.330,22.820,2929415;
sh603331:17.480,17.560,17.870,17.450,1558475;
sh603933:12.560,12.830,12.750,12.560,1931092;
sh603595:28.020,27.920,28.500,27.700,2195536;
sh603612:10.570,10.660,10.730,10.530,2695354;
sh603676:12.620,12.620,12.620,12.620,8685848;
sh603063:8.430,8.520,8.550,8.360,2108432;
sh603233:65.000,63.740,65.680,63.150,3062308;
sh603357:9.860,9.960,9.900,9.810,3558780;
sh603860:26.790,26.880,27.170,26.430,581008;
sh603880:13.860,14.490,14.520,13.650,9141246;
sh603776:18.790,18.840,18.860,18.490,4022106;
sh603976:15.820,16.180,16.090,15.820,1928870;
sh603079:44.000,44.450,45.770,42.880,8123341;
sh603725:6.400,6.570,6.560,6.400,2050402;
sh603813:17.490,17.480,17.570,17.300,865773;
sh603136:22.050,22.190,22.150,21.770,1906540;
sh603378:29.540,30.950,30.980,29.540,1469193;
sh603367:17.050,17.200,17.140,16.950,6075882;
sh603103:14.280,14.310,14.370,14.080,4242961;
sh603110:14.300,14.600,14.750,14.300,1184660;
sh603499:15.000,16.380,16.380,15.000,9330497;
sh603829:10.780,10.850,10.860,10.500,2898941;
sh603722:27.950,28.650,28.200,27.710,4550252;
sh603659:67.770,67.990,67.960,66.650,5374093;
sh603076:20.100,20.250,20.220,19.830,348877;
sh603661:34.990,35.180,35.240,34.990,755800;
sh601019:6.500,6.600,6.590,6.500,4497800;
sh603890:15.400,17.110,17.110,15.330,20356425;
sh603477:12.950,13.310,13.260,12.700,13181920;
sh603895:19.100,19.720,19.290,19.100,1279851;
sh603516:40.160,40.110,40.860,36.910,1634508;
sh603871:27.060,27.520,27.190,26.920,582473;
sh603709:26.110,26.160,26.400,26.000,576500;
sh603712:27.150,27.550,27.800,26.950,10779543;
sh603059:24.810,25.160,25.070,24.680,1458800;
sh600929:6.060,6.670,6.400,6.020,46728897;
sh603897:16.690,16.940,16.800,16.600,1989199;
sh603301:42.000,42.500,42.820,41.000,14177594;
sh603773:32.100,32.180,32.450,31.880,1203244;
sh603666:94.000,97.850,96.980,93.520,901440;
sh601990:15.350,15.490,15.400,15.120,163368384;
sh603713:58.430,60.700,60.350,56.850,4012338;
sh601606:9.300,9.730,9.780,9.180,21597059;
sh603590:39.400,39.750,40.090,39.100,3481233;
sh603192:25.510,25.630,25.710,25.280,1092317;
sh601068:4.280,4.310,4.310,4.260,6733864;
sh603297:32.860,32.820,33.120,32.660,952180;
sh603790:14.000,14.370,14.140,13.750,10588160;
