sh600048:14.900,15.090,15.020,14.820,39451319;
sh600053:22.650,24.290,23.080,22.500,4961767;
sh600061:12.140,12.400,12.250,12.100,14030337;
sh600063:3.650,3.700,3.700,3.570,31629431;
sh600071:8.500,8.850,8.740,8.400,1899153;
sh600076:3.760,3.820,3.800,3.760,4835382;
sh600077:2.770,2.820,2.800,2.770,3857596;
sh600078:5.030,5.530,5.530,5.020,61059333;
sh600081:10.520,10.780,10.640,10.490,3264800;
sh600082:3.340,3.400,3.360,3.320,3557446;
sh600090:3.910,3.990,3.940,3.900,8052869;
sh600101:5.830,5.870,5.830,5.770,2208537;
sh600111:9.030,9.010,9.030,8.870,24407396;
sh600113:6.020,6.170,6.070,6.010,3918167;
sh600115:4.110,4.170,4.140,4.090,24083690;
sh600120:8.360,8.530,8.430,8.310,7352988;
sh600146:10.190,10.710,10.370,10.160,11436700;
sh600151:4.210,4.370,4.320,4.210,6105960;
sh600156:4.380,4.500,4.520,4.320,9826500;
sh600160:6.790,7.070,6.930,6.760,28680455;
sh600161:35.700,35.660,35.980,35.000,7790256;
sh600162:2.010,2.040,2.020,2.000,5296965;
sh600169:2.030,2.080,2.050,2.030,10295142;
sh600175:1.290,1.320,1.310,1.280,37842132;
sh600197:12.940,13.200,13.090,12.930,3962714;
sh600199:5.000,5.080,5.010,4.940,5074663;
sh600200:6.610,6.770,6.640,6.500,20722039;
sh600203:8.500,9.180,8.840,8.470,33701661;
sh600206:12.100,12.680,12.350,12.010,45698836;
sh600207:4.130,4.200,4.170,4.100,3980800;
sh600208:3.000,3.070,3.040,3.000,38712248;
sh600213:7.220,7.450,7.500,7.110,4689536;
sh600218:8.300,8.490,8.330,8.240,5466905;
sh600221:1.530,1.560,1.560,1.530,56164987;
sh600223:6.630,6.860,6.720,6.600,17998739;
sh600226:2.230,2.340,2.250,2.220,43690798;
sh600227:2.940,2.970,2.980,2.930,9255243;
sh600235:4.290,4.750,4.310,4.250,12601333;
sh600236:4.540,4.560,4.580,4.530,2349961;
sh600242:7.650,7.880,8.060,7.600,37915101;
sh600246:6.900,6.980,6.930,6.500,27834833;
sh600262:15.030,15.280,15.280,15.000,565822;
sh600266:6.710,6.820,6.770,6.700,6385668;
sh600267:14.060,14.050,14.060,13.730,39480524;
sh600268:5.670,5.900,5.800,5.610,19568865;
sh600278:9.090,9.150,9.100,8.870,3738269;
sh600279:3.670,3.720,3.700,3.660,2318083;
sh600283:9.300,9.440,9.440,9.210,5500588;
sh600285:8.200,8.210,8.220,8.020,9360913;
sh600288:10.940,11.160,11.050,10.890,2072864;
sh600291:7.160,7.270,7.200,7.100,8396054;
sh600293:2.650,2.730,2.690,2.650,7664001;
sh600300:3.330,3.340,3.410,3.230,86537466;
sh600310:3.650,3.730,3.660,3.620,3105242;
sh600311:2.590,2.620,2.710,2.530,26551642;
sh600313:4.260,4.260,4.460,4.100,182285036;
sh600317:2.130,2.160,2.160,2.130,6492207;
sh600322:2.510,2.560,2.540,2.500,10746100;
sh600323:20.070,19.850,20.100,19.570,7070929;
sh600326:6.580,6.620,6.580,6.510,7575431;
sh600336:4.720,4.910,4.770,4.690,10836400;
sh600337:4.110,4.370,4.140,4.080,29324052;
sh600338:7.960,8.210,8.300,7.950,11113166;
sh600339:2.620,2.800,2.670,2.610,50862112;
sh600351:4.920,5.000,4.950,4.890,3748032;
sh600353:5.120,5.300,5.240,5.090,6904199;
sh600354:3.230,3.320,3.340,3.210,24738020;
sh600355:3.060,3.180,3.120,3.060,11464539;
sh600360:7.670,8.260,8.030,7.650,100257495;
sh600363:12.390,13.180,12.660,12.320,7253537;
sh600366:6.090,5.990,6.190,5.850,69958185;
sh600371:13.350,13.140,13.480,12.690,30999674;
sh600375:4.280,4.430,4.330,4.230,5501993;
sh600381:4.510,4.610,4.550,4.490,3717500;
sh600392:7.020,7.200,7.090,6.910,41465788;
sh600393:2.560,2.600,2.600,2.560,10053122;
sh600398:6.240,6.300,6.310,6.170,6930964;
sh600419:12.490,12.250,12.600,12.100,11246802;
sh600425:3.580,3.660,3.630,3.570,17366110;
sh600429:5.540,5.420,5.590,5.330,10830745;
sh600449:13.170,13.420,13.750,13.100,26555484;
sh600455:23.240,23.900,23.430,23.050,1304700;
sh600463:5.920,6.000,6.050,5.860,1017701;
sh600466:6.000,6.060,6.060,5.960,15236948;
sh600467:2.510,2.480,2.580,2.410,74761832;
sh600476:12.230,12.450,12.280,12.100,1326350;
sh600478:3.850,3.990,3.950,3.850,9171549;
sh600479:8.560,8.620,8.600,8.520,3687428;
sh600480:8.260,8.770,8.380,8.130,8329610;
sh600481:2.930,2.960,2.950,2.910,2148000;
sh600488:4.280,4.310,4.280,4.220,4003550;
sh600495:4.670,4.870,4.880,4.670,55848501;
sh600499:4.160,4.300,4.240,4.100,6002619;
sh600501:7.850,8.130,7.920,7.750,4835596;
sh600503:3.020,3.100,3.050,3.000,22610822;
sh600505:8.500,8.590,8.540,8.290,2719965;
sh600506:8.720,8.700,8.720,8.500,3608310;
sh600517:6.450,6.630,6.570,6.420,10014320;
sh600520:8.600,8.800,8.900,8.500,4150977;
sh600525:5.140,5.210,5.200,5.100,6719625;
sh600526:6.010,5.900,6.080,5.760,10074840;
sh600527:2.310,2.360,2.320,2.270,28995835;
sh600530:3.290,3.290,3.290,3.190,9643118;
sh600533:3.080,3.140,3.100,3.060,14039665;
sh600537:2.970,3.030,3.020,2.920,6299236;
sh600549:11.220,11.330,11.380,11.120,5714471;
sh600559:8.410,8.560,8.480,8.380,6984539;
sh600562:13.350,13.950,14.000,13.350,6914302;
sh600568:1.470,1.470,1.470,1.420,40956921;
sh600573:6.100,6.200,6.190,6.100,3533032;
sh600587:16.900,17.040,17.090,16.200,10551305;
sh600593:39.450,39.850,39.840,39.310,965743;
sh600596:8.450,8.540,8.520,8.400,5192706;
sh600601:3.140,3.300,3.310,3.130,17068427;
sh600602:7.060,7.260,7.150,7.020,6925545;
sh600603:5.540,5.630,5.550,5.470,7934146;
sh600604:6.860,7.220,6.940,6.860,21951318;
sh600613:6.720,6.770,6.720,6.610,2770413;
sh600623:5.340,5.460,5.390,5.330,5607579;
sh600624:8.100,8.360,8.250,8.080,11302375;
sh600626:4.950,5.130,5.010,4.920,8727104;
sh600628:11.800,11.830,12.040,11.640,5094511;
sh600630:7.210,7.350,7.310,7.170,5853007;
sh600638:5.150,5.220,5.210,5.100,2616992;
sh600639:11.830,11.950,11.950,11.780,1248850;
sh600640:16.600,17.560,17.150,16.340,9168715;
sh600641:18.580,19.730,19.170,18.500,18328743;
sh600644:4.790,4.830,4.790,4.730,1546994;
sh600645:17.900,18.280,17.900,17.590,6953283;
sh600647:12.330,12.600,12.490,12.280,836318;
sh600649:5.310,5.420,5.360,5.280,6515903;
sh600651:3.540,3.600,3.590,3.530,7029930;
sh600661:15.800,16.060,15.830,15.560,1300281;
sh600662:3.780,3.840,3.800,3.770,4347470;
sh600668:14.000,14.140,14.040,13.800,6082074;
sh603179:20.300,21.760,21.110,20.300,3619155;
sh600671:10.690,10.790,10.730,10.620,830621;
sh600677:4.260,4.290,4.300,4.130,18142866;
sh600678:6.530,6.830,6.650,6.460,18088393;
sh600682:8.240,8.400,8.290,8.130,7903002;
sh600683:3.670,3.750,3.700,3.650,4472236;
sh600684:3.100,3.120,3.100,3.050,2405443;
sh600689:7.940,8.000,7.940,7.840,970685;
sh600693:4.960,4.900,4.980,4.840,5178700;
sh600695:7.780,8.020,7.830,7.540,21545914;
sh600697:14.800,14.990,14.920,14.770,655517;
sh600706:7.100,7.240,7.180,7.060,1577657;
sh600708:3.000,3.050,3.030,2.990,6971240;
sh600711:4.120,4.200,4.140,4.090,17018631;
sh600712:5.250,5.480,5.370,5.210,26079911;
sh600716:3.800,3.910,3.830,3.760,4225151;
sh600719:4.660,4.940,4.700,4.240,38772386;
sh600724:3.660,3.750,3.680,3.620,9949700;
sh600730:4.230,4.320,4.270,4.200,2648800;
sh600734:3.930,3.970,3.950,3.860,12299231;
sh600736:5.080,5.210,5.130,5.060,9492620;
sh600737:8.490,8.410,8.530,8.270,40372607;
sh600744:2.160,2.220,2.190,2.140,5098253;
sh600746:5.980,6.060,5.990,5.910,2396302;
sh600748:4.990,5.130,5.050,4.990,10017665;
sh603893:54.340,58.300,56.520,54.100,7869476;
sh600755:6.210,6.310,6.290,6.200,5961547;
sh600756:18.490,18.870,18.670,18.450,3908240;
sh600764:26.980,27.380,27.300,26.650,1605368;
sh600770:4.490,4.660,4.580,4.490,9056804;
sh600771:12.880,13.030,12.890,12.710,4481472;
sh600773:5.280,5.400,5.360,5.260,5890260;
sh600777:1.730,1.820,1.760,1.720,111033220;
sh600783:12.300,13.380,12.490,12.260,11224122;
sh600784:4.240,4.330,4.300,4.240,1524012;
sh600785:14.270,14.740,14.370,14.090,1475674;
sh600796:5.430,5.590,5.540,5.430,1833064;
sh600800:5.020,5.130,5.060,4.960,11100941;
sh600802:10.630,10.810,10.700,10.460,13627540;
sh600808:2.470,2.510,2.490,2.460,20170973;
sh600818:9.500,9.530,9.530,9.400,354106;
sh600819:4.760,4.840,4.760,4.690,2811890;
sh600821:3.680,3.760,3.740,3.630,4846031;
sh600822:8.610,8.630,8.610,8.460,2684000;
sh600824:3.080,3.120,3.100,3.050,7792440;
sh600825:5.160,5.140,5.220,5.050,7827354;
sh600828:4.040,4.140,4.110,4.020,4569829;
sh600829:6.900,6.950,6.920,6.820,2894200;
sh600830:5.420,5.630,5.510,5.380,19443018;
sh600831:7.950,8.200,8.080,7.920,12278682;
sh600833:8.950,9.080,9.040,8.910,856001;
sh600834:6.180,6.250,6.220,6.170,871851;
sh600836:5.160,5.230,5.200,5.040,9243554;
sh600838:5.880,5.940,5.930,5.740,11309982;
sh600841:6.430,6.500,6.500,6.400,493400;
sh600843:6.270,6.400,6.300,6.230,2358399;
sh600846:8.170,8.330,8.230,8.130,5536032;
sh600851:7.910,8.010,7.960,7.810,2668880;
sh600853:3.670,3.750,3.720,3.630,20855944;
sh600854:3.690,3.660,3.690,3.550,4280088;
sh600855:20.250,22.280,21.660,19.450,82645842;
sh600857:9.560,9.610,9.590,9.450,992000;
sh600860:3.340,3.340,3.340,3.340,1318800;
sh600861:9.800,9.910,9.910,9.700,1901500;
sh600862:12.090,12.530,12.400,12.080,10702591;
sh600864:6.470,6.610,6.540,6.450,19389102;
sh600865:6.120,6.340,6.200,6.110,6577100;
sh600866:5.270,5.270,5.280,5.150,25635047;
sh600867:10.430,10.620,10.540,10.370,11733026;
sh600868:3.110,3.170,3.120,3.060,21591578;
sh600869:4.210,4.330,4.300,4.200,30807126;
sh600871:2.010,2.120,2.060,2.000,66431720;
sh600874:7.100,7.110,7.110,7.040,8030800;
sh600876:12.870,13.190,12.910,12.730,3268039;
sh600879:6.400,6.600,6.510,6.360,32378949;
sh600880:3.640,3.730,3.710,3.640,15603880;
sh600882:22.200,22.520,22.990,22.180,3925927;
sh600885:28.140,28.840,28.340,27.500,5983261;
sh600888:4.170,4.320,4.240,4.150,6682825;
sh600889:5.230,5.460,5.310,5.200,4321773;
sh600894:7.380,7.470,7.520,7.310,21817837;
sh600898:5.840,6.080,5.990,5.840,2990010;
sh600917:6.290,6.390,6.340,6.260,2482139;
sh600959:3.590,3.670,3.650,3.590,6332330;
sh600962:7.560,7.320,7.560,7.150,6816420;
sh600965:8.230,8.090,8.310,7.920,11632795;
sh600966:7.390,7.570,7.540,7.110,19465603;
sh600973:4.000,4.100,4.060,3.990,14305752;
sh600976:15.280,15.480,15.380,15.200,801601;
sh600980:11.450,11.760,11.640,11.350,1432900;
sh600981:3.230,3.300,3.250,3.190,7632252;
sh600982:2.660,2.720,2.670,2.650,2701160;
sh600983:5.200,5.390,5.370,5.090,45866087;
sh600986:3.550,3.700,3.620,3.540,20469763;
sh600988:8.620,8.600,8.730,8.450,128323813;
sh600990:36.500,38.420,38.200,36.500,2176726;
sh600992:6.130,6.270,6.180,6.090,1753914;
sh601002:5.710,5.880,5.840,5.670,12070612;
sh601008:3.380,3.420,3.390,3.360,5695901;
sh601016:2.150,2.190,2.170,2.140,17563007;
sh601069:13.860,13.990,13.990,13.810,8824061;
sh601100:60.440,61.500,61.320,59.270,3313019;
sh601106:2.580,2.600,2.610,2.560,17940261;
sh601118:5.300,5.420,5.650,5.300,74451028;
sh601126:5.950,6.200,6.060,5.920,9507523;
sh601168:5.680,5.830,5.800,5.680,13591559;
sh601199:3.630,3.690,3.660,3.620,7607270;
sh601222:5.100,5.300,5.280,5.100,14276273;
sh601226:3.760,3.800,3.780,3.730,1558750;
sh601233:11.340,11.680,11.460,11.280,21749831;
sh601311:8.380,8.610,8.490,8.350,5711763;
sh601339:3.380,3.430,3.390,3.330,6615769;
sh601388:1.640,1.670,1.650,1.620,14935307;
sh601515:5.860,6.070,5.950,5.860,3862041;
sh601567:7.230,7.380,7.320,7.170,4496325;
sh601608:3.240,3.330,3.290,3.220,10349719;
sh601616:2.870,2.960,2.920,2.840,15406714;
sh601677:10.180,10.320,10.280,10.100,3604885;
sh601689:16.500,17.100,16.680,16.300,13899656;
sh601700:5.550,5.760,5.690,5.550,23261190;
sh601727:4.640,4.690,4.670,4.620,12715927;
sh601789:4.090,4.300,4.240,4.080,39261443;
sh601799:82.850,84.880,83.730,82.140,1344026;
sh601818:3.590,3.620,3.610,3.570,62394554;
sh601866:1.990,2.030,2.000,1.980,24386342;
sh601958:6.050,6.190,6.120,6.010,11711353;
sh601968:4.370,4.430,4.380,4.340,1896300;
sh601996:2.670,2.720,2.690,2.650,8531964;
sh603002:4.200,4.350,4.250,4.180,10576918;
sh603003:7.020,7.450,7.120,7.020,20818001;
sh603006:10.020,10.270,10.100,10.040,918606;
sh603009:7.240,7.510,7.400,7.000,27899148;
sh603010:11.810,12.190,11.970,11.230,7460767;
sh603015:5.750,5.900,5.800,5.700,1389007;
sh603017:10.350,10.680,10.470,10.310,2693899;
sh603018:13.070,13.750,13.770,13.000,16250307;
sh603020:8.550,8.690,8.750,8.440,8973640;
sh603021:5.700,5.860,5.740,5.620,2086302;
sh603022:17.170,18.800,17.870,16.900,7808640;
sh603023:5.110,5.200,5.180,4.970,31392743;
sh603025:7.900,8.070,8.010,7.800,3456527;
sh603085:6.130,6.280,6.250,6.100,4816365;
sh603088:8.800,8.920,8.810,8.700,1551904;
sh603099:7.710,7.950,7.860,7.700,1162000;
sh603108:9.940,9.980,9.940,9.750,3060377;
sh603111:6.860,7.060,7.040,6.800,18476839;
sh603116:6.900,6.980,6.950,6.840,2895326;
sh603117:3.470,3.560,3.520,3.470,2930820;
sh603123:8.900,8.730,9.080,8.510,20341527;
sh603126:4.300,4.410,4.350,4.300,4102524;
sh603158:17.350,17.850,17.700,17.020,3772410;
sh603168:7.920,8.050,7.990,7.910,1669890;
sh603222:52.500,52.090,52.980,50.400,11194627;
sh603227:4.020,4.130,4.090,4.020,3692491;
sh603268:14.050,13.950,14.070,13.700,1135000;
sh603299:6.000,6.030,6.000,5.920,4083922;
sh603300:6.890,6.890,6.890,6.750,5918454;
sh603308:13.410,13.900,13.580,13.320,5588461;
sh603318:6.740,7.160,6.900,6.730,13941789;
sh603333:7.500,7.810,8.000,7.490,34024907;
sh603366:5.180,5.330,5.230,5.140,9037851;
sh603456:19.280,19.540,19.650,18.680,9750538;
sh603508:51.190,52.390,51.690,50.640,1210855;
sh603519:11.680,11.820,11.740,11.430,2146180;
sh603566:17.620,17.440,17.690,16.890,5200434;
sh603568:28.170,28.540,28.680,27.180,3274993;
sh603600:13.850,13.200,13.910,13.160,12472350;
sh603601:10.380,10.550,10.520,10.000,44669841;
sh603609:12.430,12.260,12.480,11.860,16193727;
sh603611:15.800,16.720,16.310,15.790,2443940;
sh603616:7.470,7.650,7.650,7.370,7142263;
sh603618:5.560,5.830,5.780,5.500,17704985;
sh603688:20.880,22.210,21.650,20.830,5699484;
sh603703:17.900,18.700,17.900,17.600,6368025;
sh603789:13.000,13.010,13.030,12.890,2116932;
sh603800:11.200,11.350,11.200,10.900,5295375;
sh603808:10.900,11.190,11.020,10.880,2315140;
sh603818:6.650,6.720,6.700,6.610,1059652;
sh603838:7.740,7.860,7.860,7.650,1232300;
sh603918:11.570,12.870,12.870,11.570,9750432;
sh603936:17.200,18.030,17.570,17.050,6690237;
sh603968:12.750,13.290,13.260,12.750,2955899;
sh603989:23.410,25.450,24.300,23.410,4096550;
sh603997:9.500,9.930,9.930,9.130,48427240;
sh603998:6.710,6.740,6.740,6.600,3803900;
sh603999:5.590,5.780,5.640,5.540,4447984;
sh600127:8.320,8.970,8.870,8.000,256653995;
sh603377:14.510,14.500,14.520,14.090,4312143;
sh601900:9.800,10.130,10.070,10.020,5118342;
sh603919:13.740,14.180,14.000,13.700,5417722;
sh603861:7.980,8.200,8.140,7.960,2747200;
sh603028:12.080,11.690,12.080,11.250,5433300;
sh603798:9.670,10.040,9.780,10.010,2178500;
sh603701:10.300,10.580,10.440,10.280,2893680;
sh603726:16.470,16.470,16.470,16.470,2334000;
sh603528:6.960,7.050,6.990,6.800,4457803;
sh603339:11.560,11.760,11.600,11.450,673262;
sh603131:14.750,15.550,15.140,14.750,3067931;
sh603016:19.830,20.830,20.600,19.830,1845858;
sh603069:10.500,10.850,10.650,10.280,5609029;
sh600936:3.660,3.690,3.660,3.630,2195300;
sh601997:7.640,7.720,7.680,7.610,12274362;
sh601595:11.530,11.810,11.600,11.430,3500100;
sh603515:23.510,24.020,23.950,23.510,1114299;
sh603843:4.590,4.780,4.790,4.580,18568581;
sh601163:12.520,12.900,12.680,12.520,2468600;
sh603393:38.370,40.000,38.670,37.900,5625641;
sh603738:24.450,26.020,25.500,24.450,10143801;
sh601128:6.760,6.880,6.870,6.750,14519340;
sh603313:17.270,17.750,17.640,17.120,11402258;
sh600926:7.610,7.720,7.680,7.610,8655531;
sh603888:21.600,22.500,21.990,21.510,6885582;
sh603060:20.900,20.660,20.990,20.390,1200922;
sh603633:10.700,11.050,10.910,10.650,2685656;
sh603987:10.710,10.890,10.830,10.480,6660316;
sh603336:16.200,16.010,16.270,15.510,14613484;
sh603660:10.600,11.010,10.750,10.600,5575248;
sh603559:23.700,25.610,25.610,23.700,23304279;
sh603033:25.440,25.550,25.450,24.610,2423566;
sh603389:4.140,4.240,4.160,4.120,2419940;
sh603058:6.450,6.580,6.550,6.400,994400;
sh603886:16.970,17.100,17.240,16.670,5508078;
sh603239:11.750,12.030,12.200,11.750,1495351;
sh601375:4.800,4.930,4.860,4.770,21650544;
sh603035:12.570,13.180,12.980,12.570,5721000;
sh603877:14.500,14.430,14.500,14.120,813100;
sh603689:10.370,10.550,10.370,10.300,2372277;
sh603579:27.220,27.720,27.880,27.220,997579;
sh603639:26.000,26.160,26.000,25.520,709200;
sh601858:9.340,9.450,9.340,9.170,2022319;
sh603638:38.000,37.310,38.490,35.100,5087100;
sh603429:35.310,36.060,35.700,35.020,1336529;
sh603966:9.440,9.630,9.640,9.440,1571747;
sh603089:11.530,11.730,11.620,11.430,618435;
sh603360:23.810,25.120,24.150,23.450,2882410;
sh603677:10.270,10.370,10.320,10.130,674216;
sh603637:13.500,13.520,13.620,13.420,742537;
sh601212:2.800,2.830,2.810,2.770,17220631;
sh603603:6.650,6.830,6.770,6.590,2556726;
sh603817:5.650,5.730,5.650,5.580,1079500;
sh603717:7.660,7.800,7.720,7.630,2253400;
sh603656:13.040,13.320,13.280,12.880,442600;
sh603133:17.200,17.870,17.450,17.110,5594600;
sh603811:25.110,25.060,25.110,24.720,1539040;
sh603955:17.640,18.620,17.800,17.100,5516500;
sh603908:22.320,22.790,22.480,22.280,339140;
sh603991:18.500,20.180,19.140,18.400,1969373;
sh603578:19.300,19.500,19.390,19.100,278213;
sh601366:6.000,5.960,6.170,5.810,21472129;
sh603787:11.170,11.600,11.360,11.100,2512302;
sh603320:17.940,17.640,17.960,17.030,7464930;
sh603906:8.900,9.140,9.000,8.880,1609520;
sh603586:16.830,16.950,16.870,16.600,663500;
sh603538:28.060,27.580,28.060,26.650,7339515;
sh603385:10.300,10.600,10.600,10.260,3489815;
sh603178:7.580,7.880,7.720,7.580,2491550;
sh603238:24.020,24.800,24.250,23.950,1692900;
sh603229:26.500,26.100,26.500,25.020,2017139;
sh603728:13.350,13.780,13.680,12.940,18040867;
sh603896:26.500,27.500,27.290,26.300,1019356;
sh603488:8.070,8.290,8.130,8.040,1600800;
sh603197:25.090,26.600,26.040,24.880,4756485;
sh603580:12.410,12.380,12.690,12.220,2822183;
sh603200:46.180,50.710,50.470,46.180,3594988;
sh603042:17.850,19.600,19.600,17.850,15842480;
sh603536:14.670,15.230,16.280,14.670,30344562;
sh603326:17.500,18.150,17.680,17.290,1776786;
sh603316:10.870,11.240,11.060,10.780,3090000;
sh603335:4.440,4.380,4.440,4.270,34084123;
sh603380:15.120,15.620,15.240,14.910,1927366;
sh603286:14.760,15.240,14.990,14.720,946200;
sh603938:22.560,23.010,22.600,22.060,4005947;
sh603331:17.180,17.480,17.350,16.960,1260260;
sh603933:12.130,12.670,12.410,12.130,1897444;
sh603595:26.400,27.860,27.190,26.210,2514643;
sh603612:10.390,10.600,10.440,10.200,2745380;
sh603676:10.130,10.430,10.210,10.100,4696363;
sh603063:8.190,8.500,8.360,8.170,2225575;
sh603233:61.180,62.450,62.420,60.920,2336428;
sh603357:9.690,9.900,9.800,9.610,2622997;
sh603860:26.020,26.600,26.350,25.830,621007;
sh603880:12.960,13.220,13.220,12.720,4895915;
sh603776:17.980,18.620,18.430,17.850,2032598;
sh603976:15.070,15.430,15.240,15.050,900110;
sh603079:37.610,38.460,37.740,36.930,3164437;
sh603725:6.270,6.390,6.310,6.220,929060;
sh603813:17.180,17.540,17.420,17.100,786368;
sh603136:21.150,21.870,21.340,21.110,995955;
sh603378:29.000,29.550,30.350,28.660,1729086;
sh603367:16.190,16.460,16.270,16.070,3412192;
sh603103:13.480,13.690,13.600,13.300,2358542;
sh603110:13.890,14.370,13.950,13.710,1638440;
sh603499:15.760,15.540,15.760,15.240,1898119;
sh603829:9.690,10.140,10.160,10.020,1691840;
sh603722:26.630,27.550,26.850,26.170,1831750;
sh603659:61.600,65.620,63.920,61.040,6297905;
sh603076:19.630,19.950,19.780,19.540,262800;
sh603661:34.000,34.720,34.320,33.900,425882;
sh601019:6.430,6.490,6.470,6.360,2488000;
sh603890:13.550,15.150,15.150,13.550,12970870;
sh603477:12.540,12.680,12.890,12.170,11865672;
sh603895:19.070,19.230,19.070,18.790,536273;
sh603516:38.500,40.010,39.120,38.450,1943843;
sh603871:26.520,26.800,26.750,26.180,448361;
sh603709:25.300,26.200,25.580,24.870,1003513;
sh603712:24.550,26.270,25.470,24.180,12770949;
sh603059:24.230,24.590,24.400,24.150,804900;
sh600929:5.920,5.880,5.950,5.790,7049215;
sh603897:16.380,16.870,16.640,16.210,2003897;
sh603301:39.530,40.750,40.490,39.230,9527840;
sh603773:30.250,31.230,30.690,30.040,1105282;
sh603666:88.000,91.500,89.200,87.010,492722;
sh601990:14.920,15.570,15.340,14.880,123274627;
sh603713:49.220,51.540,49.900,48.600,1800399;
sh601606:8.570,8.820,8.680,8.380,7367716;
sh603590:37.290,37.690,37.350,36.800,1517114;
sh603192:24.990,25.970,25.360,24.800,1713924;
sh601068:4.180,4.280,4.200,4.150,8254119;
sh603297:32.140,32.870,32.670,32.050,686500;
sh603790:14.800,14.460,15.400,14.200,16099481;
sh603583:39.150,40.920,40.000,39.080,1773808;
sh601975:2.390,2.440,2.420,2.380,45955429;
sh603629:22.810,23.390,23.180,22.620,992951;
sh603185:37.130,39.160,37.950,33.980,3723212;
sh601298:5.760,5.820,5.810,5.750,5612726;
sh603700:31.300,32.700,31.610,31.050,1939627;
sh601615:10.060,10.360,10.410,10.010,8483046;
sh601865:10.520,10.940,10.920,10.300,10298932;
sh603317:46.890,47.250,48.280,45.680,2056077;
sh603697:13.600,13.390,13.800,13.050,9510875;
sh603982:15.330,16.090,15.950,15.310,7954113;
sh603327:24.680,25.370,24.920,24.400,2038100;
sh603915:12.190,12.360,12.280,12.160,1474087;
sh601236:19.100,19.720,19.500,18.910,39582379;
sh603530:21.490,22.560,21.920,21.120,9862952;
sh603115:17.000,17.380,17.100,16.820,1437847;
sh603992:18.030,18.540,18.210,17.600,3526399;
sh603755:47.580,47.180,47.830,46.360,424000;
sh600000:10.090,10.200,10.150,10.070,17042135;
sh600004:12.460,12.650,12.460,12.270,10831020;
sh600006:4.010,4.070,4.050,3.970,8774042;
sh600007:13.030,12.840,13.080,12.670,3608557;
sh600008:3.020,3.070,3.070,3.010,21664117;
sh600009:61.800,62.540,62.460,61.000,9852021;
sh600011:4.450,4.430,4.460,4.360,25033917;
sh600012:5.080,5.120,5.090,5.050,1774888;
sh600015:6.450,6.520,6.480,6.430,15535190;
sh600016:5.680,5.720,5.700,5.660,69844932;
sh600017:2.450,2.480,2.460,2.430,7522800;
sh600018:4.340,4.400,4.370,4.330,16497374;
sh600019:4.790,4.810,4.800,4.730,36072113;
sh600020:3.730,3.790,3.760,3.710,8003322;
sh600021:6.980,7.110,7.130,6.980,5352369;
sh600023:3.360,3.400,3.370,3.340,10462956;
sh600026:7.270,7.650,7.340,7.120,62316175;
sh600027:3.360,3.420,3.430,3.350,30191734;
sh600028:4.360,4.550,4.400,4.360,264055918;
sh600029:5.110,5.180,5.140,5.080,22919997;
sh600030:22.020,22.430,22.170,22.000,77517166;
sh600031:17.300,17.530,17.480,17.030,64822006;
sh600033:2.700,2.740,2.720,2.700,4475040;
sh600035:3.110,3.170,3.130,3.080,12638039;
sh600036:31.750,32.340,32.200,31.710,28960147;
sh600037:8.590,8.790,8.700,8.550,6164400;
sh600038:40.700,41.440,41.060,40.530,3316796;
sh600050:5.170,5.250,5.210,5.160,74884234;
sh600054:8.120,8.220,8.170,8.080,3084621;
sh600055:13.370,13.360,13.420,12.800,12318558;
sh600056:14.710,14.730,14.710,14.310,23340869;
sh600057:4.870,4.790,4.890,4.730,28450681;
sh600059:7.270,7.340,7.300,7.220,2142905;
sh600060:9.320,9.710,9.490,9.300,13789342;
sh600062:12.290,12.460,12.410,12.220,5607846;
sh600064:8.140,8.310,8.230,8.130,5470920;
sh600066:13.370,13.300,13.460,13.120,9084948;
sh600068:6.380,6.450,6.430,6.280,64120872;
sh600072:10.810,11.240,11.380,10.810,11820973;
sh600073:8.800,8.650,8.860,8.450,36372070;
sh600075:4.780,4.830,4.820,4.700,7162240;
sh600085:24.980,24.900,24.990,24.440,4761718;
sh600089:7.150,7.400,7.290,7.090,78352759;
sh600093:11.900,12.230,12.070,11.900,12896516;
sh600097:9.560,9.530,9.680,9.430,3618918;
sh600098:5.800,5.900,5.880,5.770,2060000;
sh600100:7.950,8.190,8.050,7.950,17380431;
sh600104:19.610,19.450,19.670,19.170,23897291;
sh600105:4.530,4.670,4.590,4.480,23065771;
sh600106:2.720,2.750,2.740,2.720,3121064;
sh600109:8.980,9.220,9.130,8.940,39043449;
sh600114:8.750,9.260,9.090,8.620,29150988;
sh600116:8.110,8.220,8.110,7.930,12798744;
sh600118:29.420,30.620,30.070,29.210,22196846;
sh600125:4.730,4.800,4.750,4.690,7112356;
sh600126:6.330,6.860,6.640,6.210,62865897;
sh600129:11.270,11.190,11.270,11.020,2083316;
sh600131:17.320,18.200,17.850,17.050,12226855;
sh600132:45.270,46.870,46.250,44.990,3623376;
sh600133:5.550,5.760,5.630,5.480,26728124;
sh600138:9.640,9.850,9.740,9.630,9882299;
sh600141:9.730,10.070,10.080,9.730,14597258;
sh600143:7.700,8.050,7.850,7.600,47796180;
sh600150:18.110,18.480,18.550,18.020,8826772;
sh600153:7.510,7.580,7.550,7.460,6748921;
sh600158:8.160,8.400,8.370,8.160,6331115;
sh600170:3.170,3.210,3.190,3.160,20710523;
sh600171:16.450,17.240,16.900,16.420,24607981;
sh600176:7.850,8.030,7.940,7.830,24952911;
sh600177:6.340,6.380,6.360,6.300,7227423;
sh600183:26.410,27.480,27.050,26.260,40127077;
sh600195:12.610,12.820,12.760,12.500,15901671;
sh600196:31.650,32.000,31.980,31.030,52133856;
sh600216:17.400,17.180,17.400,16.280,51034955;
sh600217:5.150,5.220,5.160,5.100,4435259;
sh600219:2.050,2.090,2.080,2.040,42880580;
sh600233:11.190,11.340,11.410,11.100,12221820;
sh600252:3.150,3.260,3.200,3.140,30050134;
sh600256:2.550,2.660,2.570,2.530,47194303;
sh600258:13.090,13.440,13.120,12.930,16180135;
sh600260:13.000,13.550,13.340,12.950,32349526;
sh600261:3.550,3.640,3.610,3.540,8566288;
sh600269:3.440,3.500,3.460,3.440,4938022;
sh600271:18.890,19.270,19.100,18.860,16657030;
sh600276:90.050,91.850,90.840,89.620,18138870;
sh600284:6.330,6.400,6.360,6.310,7767619;
sh601658:5.230,5.270,5.250,5.210,19979418;
sh600969:6.210,6.320,6.280,6.190,2982255;
sh600297:3.800,4.020,4.090,3.800,48015337;
sh600298:34.960,34.540,34.980,33.890,9255248;
sh600299:11.470,11.620,11.600,11.160,16585602;
sh600305:18.910,19.250,19.050,18.800,9008289;
sh600309:40.910,42.200,41.790,40.800,17925949;
sh600312:8.110,8.500,8.350,8.070,59091464;
sh600315:24.700,24.870,24.790,24.490,3328868;
sh600316:11.840,12.300,12.200,11.820,7521840;
sh600320:3.250,3.290,3.270,3.240,4746600;
sh600325:6.430,6.530,6.480,6.400,14336100;
sh600332:30.300,30.610,30.320,29.850,7804824;
sh600340:21.030,21.340,21.180,20.950,7051574;
sh600343:7.830,8.050,7.970,7.820,2996176;
sh600345:20.850,21.580,21.300,20.730,5795960;
sh600350:4.130,4.170,4.170,4.120,4960033;
sh600352:11.730,11.970,11.760,11.600,40059722;
sh600361:4.300,4.290,4.350,4.160,39972273;
sh600362:12.410,12.730,12.550,12.400,10192908;
sh600369:4.460,4.550,4.500,4.440,18921110;
sh600372:12.730,13.070,13.030,12.700,6215449;
sh600376:6.630,6.680,6.650,6.590,4814986;
sh600377:9.500,9.400,9.500,9.240,8258045;
sh600380:11.050,11.230,11.210,10.900,14084737;
sh600383:13.850,13.910,14.020,13.730,15210925;
sh600388:8.640,8.950,8.700,8.520,23079505;
sh600390:7.150,7.350,7.260,7.150,12506151;
sh600391:16.260,16.840,16.510,16.100,12221235;
sh600406:19.200,19.510,19.530,19.100,17733109;
sh600410:13.600,14.230,13.870,13.220,165506392;
sh600418:4.880,4.980,4.940,4.860,18982035;
sh600420:9.360,9.330,9.360,9.150,10833814;
sh600422:9.550,9.700,9.590,9.460,6233740;
sh600428:3.120,3.170,3.170,3.120,5637980;
sh600435:7.250,7.410,7.350,7.240,8410443;
sh600436:120.910,123.100,121.510,119.810,2998767;
sh600439:2.660,2.710,2.670,2.630,8415475;
sh600446:16.690,17.280,16.920,16.690,11803529;
sh600452:16.480,16.690,16.520,16.350,1041218;
sh600460:14.500,15.300,15.250,14.430,50705538;
sh600477:3.910,3.920,3.930,3.830,26813392;
sh600482:16.220,16.600,16.590,16.200,4418024;
sh600483:8.190,8.160,8.190,8.060,4047854;
sh600486:65.540,69.070,70.490,65.300,4480808;
sh600487:16.310,16.940,16.700,16.190,71168133;
sh600489:7.910,7.910,7.920,7.820,24898566;
sh600496:3.770,3.810,3.770,3.700,30742660;
sh600497:3.560,3.630,3.590,3.540,23705333;
sh600498:32.400,34.140,33.360,32.350,53330524;
sh600500:5.070,5.190,5.160,5.060,8482522;
sh600507:8.060,8.120,8.120,8.040,9739810;
sh600511:27.930,28.850,28.340,27.680,8133236;
sh600516:8.980,9.390,9.090,8.950,56229057;
sh600519:1104.000,1145.000,1128.880,1103.880,4520561;
sh600522:9.570,10.200,10.150,9.510,165824822;
sh600529:33.200,32.700,33.200,31.800,4031952;
sh600535:13.700,13.850,13.750,13.610,6676468;
sh600536:71.600,74.060,72.490,71.020,13830747;
sh600545:5.330,5.460,5.390,5.300,5456274;
sh600547:34.170,33.900,34.180,33.420,40619856;
sh600548:8.610,8.730,8.690,8.600,2150296;
sh600557:13.170,13.050,13.170,12.840,4538044;
sh600563:44.750,46.590,45.250,44.210,2217826;
sh600565:2.750,2.840,2.790,2.740,14653010;
sh600566:21.600,21.740,21.730,21.330,3864829;
sh600570:86.620,89.700,87.650,86.330,11778088;
sh600571:8.850,9.100,8.940,8.780,6485300;
sh600572:5.090,5.440,5.170,5.060,65083181;
sh600577:2.730,2.790,2.760,2.700,12622782;
sh600578:2.710,2.750,2.730,2.700,4153049;
sh600580:10.400,10.910,10.700,10.330,20371799;
sh600582:2.910,2.970,2.950,2.910,13036989;
sh600583:4.890,5.300,5.050,4.880,55816190;
sh600584:20.210,21.600,20.800,20.210,78404323;
sh600585:54.090,54.720,54.790,53.470,22836674;
sh600588:41.370,43.700,42.570,40.990,29709415;
sh600590:5.330,5.510,5.470,5.300,8435036;
sh600597:11.080,11.080,11.230,10.900,17896056;
sh600598:16.180,15.800,16.220,15.260,98113421;
sh600600:44.840,45.010,44.910,43.960,6805330;
sh600606:5.390,5.480,5.430,5.370,22404188;
sh600611:3.520,3.590,3.570,3.510,8387832;
sh600612:39.590,39.130,39.590,38.730,1322537;
sh600616:4.490,4.510,4.490,4.440,2624741;
sh600618:7.130,7.320,7.220,7.130,3105120;
sh600619:8.140,8.230,8.200,8.030,1809301;
sh600622:3.580,3.660,3.640,3.550,10333913;
sh600633:8.780,9.080,9.170,8.660,29019077;
sh600635:4.040,4.140,4.050,4.000,26215011;
sh600637:8.630,8.930,8.730,8.620,14773376;
sh600642:5.250,5.300,5.300,5.250,7577295;
sh600643:7.880,8.020,7.910,7.850,10557493;
sh600648:14.410,14.550,14.410,14.250,2748518;
sh600650:8.510,8.640,8.570,8.500,1023910;
sh600655:7.210,7.240,7.270,7.140,5971857;
sh600657:3.560,3.770,3.720,3.560,19082339;
sh600658:4.200,4.310,4.260,4.190,1501820;
sh600660:18.860,18.860,18.870,18.490,14404213;
sh600663:10.990,11.240,11.100,10.930,2781970;
sh600667:10.120,10.730,10.480,10.090,84310567;
sh600674:9.250,9.340,9.290,9.180,6039996;
sh600685:13.350,14.250,14.350,13.350,23034993;
sh600686:6.080,6.190,6.180,6.050,2785700;
sh600688:3.720,4.150,3.800,3.710,56148572;
sh600690:14.570,14.850,14.780,14.480,31354241;
sh600699:19.400,20.290,19.830,19.300,33344772;
sh600702:22.500,22.860,22.770,22.350,4140150;
sh600703:19.600,21.320,20.790,19.560,165384323;
sh600704:4.730,4.810,4.790,4.710,18556259;
sh600705:3.860,3.950,3.900,3.850,22119863;
sh600713:4.280,4.360,4.320,4.270,6667580;
sh600717:5.350,5.420,5.400,5.350,3931735;
sh600718:11.270,11.550,11.430,11.260,11945097;
sh600720:13.250,13.370,13.420,13.130,28224129;
sh600723:5.420,5.450,5.420,5.330,4380519;
sh600728:8.780,9.120,8.970,8.750,30609202;
sh600729:27.520,27.590,27.620,27.450,4566589;
sh600733:5.600,5.630,5.640,5.510,32722651;
sh600741:20.530,20.990,20.950,20.100,22210514;
sh600743:2.140,2.160,2.150,2.130,6208309;
sh600745:101.390,110.220,105.470,101.390,26949264;
sh600749:8.060,8.200,8.140,8.060,1100096;
sh600750:11.410,11.490,11.410,11.260,3039930;
sh600754:23.700,24.010,23.940,23.660,1993287;
sh600760:27.710,28.270,28.300,27.710,5804052;
sh600761:9.170,9.260,9.190,9.070,5268843;
sh600763:106.930,109.190,108.480,106.050,2643271;
sh600765:8.600,8.860,8.700,8.570,8301026;
sh600775:8.490,8.820,8.680,8.460,13181653;
sh600776:17.000,17.290,17.230,16.910,10024544;
sh600779:43.030,43.480,43.460,42.900,2468241;
sh600787:4.440,4.540,4.480,4.420,11072257;
sh600789:9.440,9.650,9.520,9.230,45511509;
sh600790:3.080,3.110,3.100,3.060,4679143;
sh600794:3.200,3.270,3.230,3.190,11023047;
sh600795:2.020,2.030,2.030,2.010,38378042;
sh600797:8.890,9.160,9.250,8.860,29688578;
sh600798:3.200,3.250,3.240,3.170,14525133;
sh600801:22.630,22.810,22.660,22.190,20126484;
sh600803:8.340,8.530,8.340,8.190,8320155;
sh600804:5.920,6.230,6.230,5.880,64455936;
sh600805:4.470,4.580,4.540,4.460,3458853;
sh600809:90.230,91.210,91.980,88.800,3732023;
sh600812:7.370,7.890,7.690,7.370,43344693;
sh600814:5.230,5.220,5.270,5.070,15026970;
sh600820:5.430,5.510,5.470,5.410,9503361;
sh600823:4.090,4.150,4.140,4.090,8345739;
sh600826:10.140,10.300,10.280,10.060,1080082;
sh600827:7.650,7.650,7.650,7.490,5096064;
sh600835:13.610,13.980,13.730,13.590,2758018;
sh600837:12.850,13.070,12.960,12.800,37495696;
sh600839:2.700,2.800,2.770,2.690,55574267;
sh600845:39.960,41.020,40.350,39.310,6943023;
sh600848:19.350,19.600,19.680,19.200,3833812;
sh600850:21.530,22.310,21.830,21.440,3397788;
sh600859:11.980,12.080,12.060,11.900,2398652;
sh600872:46.410,45.800,46.750,45.150,7914188;
sh600873:4.260,4.470,4.310,4.230,34680939;
sh600875:8.180,8.540,8.400,8.180,7654730;
sh600884:10.590,11.000,10.860,10.530,16321166;
sh600886:7.880,7.910,7.910,7.840,10184218;
sh600887:29.190,29.230,29.390,28.780,40248140;
sh603551:16.500,16.790,16.830,16.330,5276025;
sh600893:20.880,21.520,21.120,20.860,8446922;
sh600895:12.000,12.340,12.120,11.950,8301750;
sh600897:17.450,17.780,17.660,17.390,683822;
sh600900:16.960,17.260,17.360,16.960,10826519;
sh600958:9.100,9.440,9.280,9.050,28696290;
sh600967:9.030,9.180,9.110,9.020,8748724;
sh600970:6.000,6.050,6.030,5.950,14542289;
sh600975:8.580,8.490,8.600,8.300,23273726;
sh600987:5.450,5.570,5.570,5.390,2233895;
sh600993:14.900,15.020,14.940,14.680,2202010;
sh600995:7.260,7.400,7.350,7.260,2973741;
sh600998:16.790,16.870,16.970,16.700,2835713;
sh600999:17.350,17.860,17.750,17.250,21552764;
sh601003:4.910,4.960,5.020,4.910,7481302;
sh601006:6.740,6.800,6.740,6.690,20171019;
sh601007:7.980,8.040,8.050,7.950,1448943;
sh601009:7.220,7.290,7.290,7.210,26099845;
sh601010:3.060,3.120,3.090,3.050,4958632;
sh601012:25.340,25.960,25.960,25.200,45151396;
sh601018:3.380,3.390,3.410,3.300,38011154;
sh601021:32.500,33.180,32.850,32.200,4067542;
sh601038:6.080,6.190,6.200,6.010,15146612;
sh601088:15.900,16.250,16.140,15.870,16966028;
sh601099:3.280,3.350,3.320,3.270,88383444;
sh601107:3.400,3.430,3.410,3.370,2916345;
sh601111:6.560,6.730,6.730,6.540,32505964;
sh601116:12.460,12.340,12.550,12.030,7186018;
sh601117:5.880,6.000,5.940,5.850,27008264;
sh601137:11.900,12.300,12.080,11.760,4059702;
sh601139:7.140,7.200,7.180,7.050,10524482;
sh601158:5.200,5.240,5.220,5.170,4209310;
sh601166:15.900,16.070,16.000,15.850,40348552;
sh601169:4.810,4.860,4.830,4.790,31518331;
sh601186:9.620,9.840,9.710,9.570,58523033;
sh601198:10.820,11.040,10.920,10.800,8876061;
sh601211:16.240,16.550,16.440,16.210,17616415;
sh601216:2.410,2.470,2.440,2.410,20608753;
sh601231:15.970,17.040,16.540,15.910,27591830;
sh601238:10.250,10.210,10.250,10.010,19946498;
sh601288:3.370,3.400,3.400,3.360,104786774;
sh601360:18.810,19.390,19.070,18.770,19064701;
sh601318:68.400,69.670,68.650,67.760,51202929;
sh601328:5.150,5.210,5.190,5.140,42260109;
sh601333:2.350,2.400,2.370,2.340,21255833;
sh601336:39.900,40.800,40.430,39.710,7816137;
sh601377:6.200,6.300,6.260,6.200,22384029;
sh601390:5.390,5.530,5.450,5.380,78769632;
sh601398:5.140,5.190,5.160,5.110,122885637;
sh601519:7.190,7.410,7.250,7.140,26837749;
sh601555:7.820,8.040,7.930,7.780,39557333;
sh601579:7.630,7.670,7.640,7.570,607229;
sh601588:2.640,2.690,2.660,2.630,8263743;
sh601600:2.870,2.920,2.890,2.860,33097431;
sh601601:27.620,28.250,27.920,27.580,12993993;
sh601607:18.840,18.740,18.840,18.240,26640747;
sh601618:2.560,2.610,2.590,2.550,34179264;
sh601628:26.110,26.620,26.280,26.010,6570400;
sh601633:8.300,8.300,8.300,8.070,26259042;
sh601636:4.690,4.770,4.740,4.650,17872119;
sh601668:5.200,5.280,5.230,5.180,83688984;
sh601669:3.800,3.840,3.810,3.760,65599408;
sh601688:17.240,17.670,17.480,17.240,56364093;
sh601717:5.470,5.520,5.490,5.430,12484384;
sh601718:3.790,3.800,3.820,3.670,64377816;
sh601766:6.480,6.520,6.520,6.410,42398189;
sh601788:10.880,11.050,10.970,10.820,13516309;
sh601800:8.020,8.190,8.090,8.000,64525060;
sh601801:4.710,4.780,4.740,4.700,3501140;
sh601808:11.360,12.420,11.480,11.170,37168837;
sh601857:4.520,4.710,4.530,4.490,412537466;
sh601872:6.290,6.410,6.400,6.190,139269342;
sh601877:23.620,23.950,23.960,23.500,5266084;
sh600663:10.990,11.240,11.100,10.930,2781970;
sh600667:10.120,10.730,10.480,10.090,84310567;
sh600674:9.250,9.340,9.290,9.180,6039996;
sh600685:13.350,14.250,14.350,13.350,23034993;
sh600686:6.080,6.190,6.180,6.050,2785700;
sh600688:3.720,4.150,3.800,3.710,56148572;
sh600690:14.570,14.850,14.780,14.480,31354241;
sh600699:19.400,20.290,19.830,19.300,33344772;
sh600702:22.500,22.860,22.770,22.350,4140150;
sh600703:19.600,21.320,20.790,19.560,165384323;
sh600704:4.730,4.810,4.790,4.710,18556259;
sh600705:3.860,3.950,3.900,3.850,22119863;
sh600713:4.280,4.360,4.320,4.270,6667580;
sh600717:5.350,5.420,5.400,5.350,3931735;
sh600718:11.270,11.550,11.430,11.260,11945097;
sh600720:13.250,13.370,13.420,13.130,28224129;
sh600723:5.420,5.450,5.420,5.330,4380519;
sh600728:8.780,9.120,8.970,8.750,30609202;
sh600729:27.520,27.590,27.620,27.450,4566589;
