sh600010:1.180,1.220,1.220,1.170,584273847;
sh600010:1.180,1.220,1.220,1.170,584273847;
sh600048:15.100,15.990,16.460,15.030,214158722;
sh600053:27.200,27.530,28.530,27.140,7426620;
sh600061:14.200,14.070,14.520,13.990,42735143;
sh600063:4.770,4.380,4.940,4.310,206513638;
sh600071:10.500,10.520,10.960,10.460,3097428;
sh600076:3.900,3.950,3.970,3.870,14448601;
sh600077:2.870,2.930,2.960,2.830,12209777;
sh600078:5.040,5.500,5.220,5.020,61635883;
sh600079:14.490,14.120,14.490,14.100,21040414;
sh600081:12.980,12.460,13.200,12.180,15312967;
sh600082:3.480,3.590,3.620,3.450,7948856;
sh600090:4.530,4.500,4.610,4.480,28878167;
sh600101:6.150,6.200,6.290,6.090,5102993;
sh600111:9.660,9.680,9.820,9.550,52985615;
sh600113:6.330,6.500,6.700,6.330,9257523;
sh600115:4.650,4.730,4.760,4.640,72677440;
sh600120:10.190,9.990,10.360,10.050,39081118;
sh600146:14.200,15.420,15.150,14.180,31276116;
sh600151:4.620,4.710,4.790,4.610,23373373;
sh600156:6.350,5.820,6.660,5.660,81981887;
sh600160:9.460,8.900,9.790,8.660,159832670;
sh600161:35.800,34.600,35.800,34.600,13979254;
sh600162:2.040,2.270,2.120,2.020,84939002;
sh600169:1.980,2.100,2.110,1.970,38742585;
sh600175:1.600,1.690,1.670,1.580,184583116;
sh600197:13.880,13.930,14.180,13.820,5419413;
sh600199:5.370,5.390,5.490,5.310,8791776;
sh600200:9.650,9.110,9.920,9.050,105560281;
sh600203:7.110,7.780,8.020,7.110,48424240;
sh600206:16.200,15.100,16.400,15.000,82181691;
sh600207:4.760,4.760,4.910,4.710,12984363;
sh600208:3.340,3.440,3.540,3.320,188238208;
sh600213:9.080,8.570,9.250,8.430,18534378;
sh600218:10.800,10.850,11.300,10.780,21806281;
sh600221:1.860,1.940,1.990,1.820,568073934;
sh600223:8.300,8.130,8.530,8.090,44036479;
sh600226:2.900,2.920,2.970,2.830,69934637;
sh600227:2.670,2.690,2.700,2.630,16872885;
sh600235:4.780,4.960,4.870,4.740,16066957;
sh600236:4.450,4.460,4.480,4.420,6386624;
sh600242:7.980,7.830,8.100,7.800,17841700;
sh600246:5.430,5.410,5.600,5.350,7937840;
sh600262:15.870,15.920,16.270,15.730,804372;
sh600266:7.270,7.510,7.630,7.200,30151741;
sh600267:16.280,15.110,16.280,15.030,86803274;
sh600268:5.060,5.160,5.210,5.040,14510543;
sh600278:9.930,10.100,10.320,10.070,6066411;
sh600279:3.800,3.890,3.930,3.780,7076750;
sh600283:9.020,9.160,9.270,8.960,2455139;
sh600285:9.560,9.320,9.560,9.300,14668919;
sh600288:13.450,13.180,13.840,13.000,18912441;
sh600291:8.000,8.110,8.400,7.930,18187098;
sh600293:3.000,3.130,3.140,2.950,37149014;
sh600300:2.970,3.010,3.040,2.960,20797400;
sh600310:4.010,4.060,4.150,3.970,11056953;
sh600311:3.290,3.210,3.370,3.200,50665379;
sh600313:3.160,3.150,3.240,3.130,71615152;
sh600317:2.220,2.260,2.270,2.190,19626158;
sh600322:2.560,2.690,2.690,2.540,31443707;
sh600323:18.730,19.020,19.240,18.730,7547016;
sh600326:6.800,6.980,7.180,6.750,35312553;
sh600336:5.360,5.080,5.410,5.080,23746274;
sh600337:4.450,4.410,4.550,4.390,14524800;
sh600338:10.510,10.470,10.820,10.460,10966250;
sh600339:2.830,2.910,2.900,2.800,65414020;
sh600351:5.670,5.600,5.690,5.600,10404898;
sh600353:5.860,5.770,6.050,5.750,17617095;
sh600354:5.120,5.100,5.360,5.060,53157106;
sh600355:3.630,3.760,4.060,3.600,58752717;
sh600360:10.950,10.200,11.250,10.200,139711781;
sh600363:15.300,15.210,15.700,15.000,17091330;
sh600366:6.300,6.270,6.480,6.230,29797719;
sh600371:12.760,12.490,13.190,12.460,22057279;
sh600375:4.420,4.450,4.530,4.380,11970050;
sh600381:4.960,5.020,5.070,4.930,4865493;
sh600392:7.760,7.780,7.950,7.730,25627342;
sh600393:2.670,2.750,2.780,2.640,31856874;
sh600398:6.860,7.110,6.990,6.850,16241121;
sh600419:11.300,11.470,11.600,11.300,3456940;
sh600425:3.660,3.840,3.930,3.630,68282461;
sh600429:4.910,5.010,5.100,4.890,4960728;
sh600449:10.500,10.850,11.010,10.420,22648569;
sh600455:28.700,28.100,28.770,28.020,4086870;
sh600463:6.210,6.300,6.440,6.170,3053420;
sh600466:6.530,6.640,6.880,6.460,36248476;
sh600467:2.240,2.330,2.330,2.230,37940510;
sh600476:14.000,14.220,14.470,13.950,5050202;
sh600478:5.000,4.780,5.080,4.680,58636825;
sh600479:9.410,9.250,9.420,9.240,13513580;
sh600480:12.030,11.180,12.570,10.820,52060992;
sh600481:3.240,3.250,3.390,3.230,14244683;
sh600488:5.350,5.150,5.590,5.060,54250117;
sh600495:3.870,3.980,4.040,3.840,31526257;
sh600499:5.210,5.430,5.570,5.210,48189793;
sh600501:8.700,8.860,9.030,8.670,11150846;
sh600503:3.420,3.670,3.820,3.390,161265789;
sh600505:8.880,9.260,9.030,8.810,7519843;
sh600506:9.070,9.140,9.250,9.000,3880610;
sh600517:7.230,7.180,7.380,7.160,19684893;
sh600520:10.880,10.900,11.180,10.820,4751613;
sh600525:5.650,5.580,5.740,5.550,24985294;
sh600526:5.110,5.120,5.190,5.060,6046603;
sh600527:3.300,3.480,3.500,3.170,290648420;
sh600530:4.140,4.130,4.200,4.100,8660155;
sh600533:3.020,3.150,3.220,3.020,29163063;
sh600537:3.310,3.350,3.550,3.290,31197241;
sh600549:12.900,13.000,13.710,12.850,47325982;
sh600559:9.520,9.800,9.800,9.460,20189965;
sh600562:15.460,14.990,15.700,14.800,11178490;
sh600568:1.780,1.790,1.790,1.750,87398718;
sh600573:5.890,5.940,6.020,5.830,3705139;
sh600587:18.500,17.770,18.730,17.770,17890081;
sh600593:39.620,39.290,39.660,39.080,829849;
sh600596:9.330,9.430,9.620,9.320,17152374;
sh600601:3.890,4.100,4.100,3.790,190384296;
sh600602:9.060,9.310,9.450,9.010,35192120;
sh600603:5.140,5.260,5.240,5.090,11716923;
sh600604:7.790,7.980,8.090,7.750,37363077;
sh600613:8.150,7.980,8.210,7.960,13582124;
sh600623:5.920,6.080,6.130,5.910,12820819;
sh600624:10.300,10.170,10.500,10.100,38945342;
sh600626:6.870,6.560,6.870,6.500,34611495;
sh600628:8.350,8.660,8.710,8.330,2901049;
sh600630:9.520,9.040,9.520,8.980,32297423;
sh600638:5.710,5.830,5.930,5.700,4242940;
sh600639:12.930,12.900,13.090,12.710,2581275;
sh600640:24.200,23.510,24.700,23.200,29677114;
sh600641:27.240,25.560,27.880,25.560,34239017;
sh600644:5.080,5.150,5.190,5.030,3024404;
sh600645:17.810,17.660,17.980,17.560,6836114;
sh600647:12.610,12.820,13.200,12.580,2053400;
sh600649:5.290,5.430,5.500,5.230,23786585;
sh600651:3.880,4.060,4.280,3.870,32560500;
sh600661:21.000,20.380,21.550,20.300,8745500;
sh600662:4.070,4.120,4.140,4.030,11856981;
sh600668:14.380,14.820,14.970,14.310,23183206;
sh603179:23.980,23.340,24.400,23.200,1738490;
sh600671:12.140,12.210,12.260,12.050,2328541;
sh600677:4.960,5.110,5.250,4.940,34587975;
sh600678:7.090,7.790,8.020,7.070,66296957;
sh600682:9.270,9.470,9.790,9.200,21048854;
sh600683:3.840,3.980,4.070,3.820,5291093;
sh600684:3.170,3.270,3.410,3.160,12027773;
sh600689:8.580,8.620,8.750,8.400,3130511;
sh600693:4.880,4.900,4.940,4.840,3504458;
sh600695:9.010,8.940,9.430,8.890,45448387;
sh600697:15.350,15.660,15.710,15.330,2252930;
sh600706:7.400,7.510,7.640,7.400,1983754;
sh600708:2.990,3.090,3.120,2.960,32509551;
sh600711:4.900,4.860,4.970,4.840,44320425;
sh600712:6.720,6.690,6.860,6.650,38096900;
sh600716:3.910,4.000,4.070,3.900,8506660;
sh600719:4.090,4.140,4.200,4.060,3416922;
sh600724:3.180,3.280,3.300,3.150,8874629;
sh600730:4.960,5.160,5.280,4.950,31821921;
sh600734:5.550,5.550,5.770,5.490,22476281;
sh600736:5.520,5.590,5.750,5.470,24746660;
sh600737:8.610,8.610,8.950,8.580,27546845;
sh600744:2.250,2.320,2.320,2.230,11686678;
sh600746:7.760,7.570,7.800,7.490,8776971;
sh600748:5.000,5.570,5.570,4.980,44393970;
sh603893:48.150,48.150,48.150,48.150,120385;
sh600755:6.640,6.770,6.880,6.620,20012987;
sh600756:22.500,22.250,23.050,22.080,20749799;
sh600764:30.630,30.800,32.320,30.510,8220288;
sh600770:5.740,5.580,5.910,5.560,33436201;
sh600771:14.870,14.960,15.160,14.850,8582021;
sh600773:6.330,6.390,6.850,6.220,50578820;
sh600777:1.930,2.020,1.980,1.910,160227210;
sh600783:14.490,14.900,15.170,14.370,19763632;
sh600784:4.510,4.600,4.680,4.500,5893182;
sh600785:13.820,14.030,14.060,13.730,646597;
sh600796:5.440,5.500,5.580,5.410,5644528;
sh600800:5.120,5.190,5.340,5.120,10230464;
sh600802:9.960,10.270,10.540,10.230,53921830;
sh600808:2.690,2.810,2.790,2.660,53616750;
sh600818:11.150,10.910,11.230,10.840,1453831;
sh600819:5.390,5.220,5.400,5.140,14230600;
sh600821:4.100,4.100,4.120,4.020,5747670;
sh600822:9.500,9.560,9.740,9.450,5847432;
sh600824:3.070,3.150,3.160,3.050,8410085;
sh600825:5.000,5.110,5.120,4.990,11215999;
sh600828:4.070,4.110,4.140,4.030,8843760;
sh600829:8.880,8.410,8.880,8.400,18149088;
sh600830:5.120,5.260,5.280,5.110,10701489;
sh600831:11.200,10.370,11.450,10.310,103367789;
sh600833:10.630,10.320,10.630,10.300,5071572;
sh600834:6.350,6.390,6.440,6.280,2388112;
sh600836:4.500,4.450,4.500,4.400,6541300;
sh600838:5.390,5.500,5.540,5.360,4540015;
sh600841:6.400,6.470,6.550,6.350,1759274;
sh600843:7.770,7.730,7.920,7.710,2854464;
sh600846:9.180,9.250,9.490,9.100,25563671;
sh600851:8.640,8.320,8.910,8.310,12784756;
sh600853:3.030,3.180,3.250,3.020,23549133;
sh600854:3.500,3.590,3.640,3.490,6134685;
sh600855:11.910,12.100,12.590,11.810,11890006;
sh600857:9.450,9.570,9.610,9.400,1071986;
sh600860:4.910,4.890,5.120,4.830,6255600;
sh600861:9.900,10.170,10.170,10.060,5757381;
sh600862:12.800,13.590,13.720,12.680,55588419;
sh600864:7.710,7.660,7.970,7.620,78220271;
sh600865:5.950,6.040,6.100,5.910,2814268;
sh600866:6.100,5.970,6.100,5.750,69914600;
sh600867:12.090,12.210,12.120,12.010,44616248;
sh600868:3.240,3.390,3.400,3.240,67317106;
sh600869:4.150,4.260,4.260,4.120,44171085;
sh600871:2.170,2.190,2.210,2.130,42401708;
sh600874:6.810,6.960,6.980,6.810,9546068;
sh600876:16.110,15.470,16.490,15.330,16198011;
sh600879:7.840,7.600,8.330,7.490,168852172;
sh600880:3.800,3.840,3.910,3.780,16929795;
sh600882:17.480,17.080,17.660,16.920,4454333;
sh600885:38.000,37.010,39.500,36.820,15857004;
sh600888:5.900,5.570,6.100,5.560,123480837;
sh600889:4.730,4.740,4.840,4.600,4884726;
sh600894:7.130,7.140,7.180,7.060,9879895;
sh600898:7.380,7.400,7.670,7.310,5672914;
sh600917:6.530,6.600,6.640,6.440,5289801;
sh600959:4.100,4.050,4.290,4.020,86311365;
sh600962:7.250,7.230,7.370,7.140,3349008;
sh600965:7.640,7.630,7.760,7.560,5712058;
sh600966:7.100,7.050,7.250,6.920,20010619;
sh600973:4.380,4.580,4.770,4.380,52236868;
sh600976:17.810,17.390,17.890,17.350,3685883;
sh600980:13.320,13.080,13.400,13.040,3774201;
sh600981:3.320,3.370,3.410,3.300,9293804;
sh600982:2.730,2.780,2.820,2.710,6897970;
sh600983:4.400,4.550,4.670,4.380,2336016;
sh600986:4.480,4.450,4.530,4.360,97818316;
sh600988:9.030,8.780,9.270,8.690,182198810;
sh600990:47.480,48.940,49.800,46.870,7034614;
sh600992:6.190,6.240,6.360,6.080,2750503;
sh601002:5.670,5.880,6.040,5.630,29580986;
sh601008:3.440,3.580,3.540,3.390,18254543;
sh601016:2.270,2.340,2.380,2.240,41989213;
sh601069:15.890,15.400,16.030,15.310,29237508;
sh601100:55.180,54.080,55.250,53.620,3390909;
sh601106:2.710,2.820,2.820,2.680,55264893;
sh601118:4.510,4.520,4.630,4.510,26994762;
sh601126:5.460,5.420,5.520,5.350,4758833;
sh601168:6.340,6.370,6.520,6.310,31354172;
sh601199:3.960,3.850,4.020,3.840,15933704;
sh601222:5.350,5.330,5.530,5.310,31185541;
sh601226:3.830,3.960,3.930,3.820,6945932;
sh601233:14.050,14.700,14.670,13.960,56282198;
sh601311:10.450,10.100,10.530,10.030,28977885;
sh601339:3.660,3.710,3.760,3.640,6040375;
sh601388:1.730,1.820,1.950,1.720,85939538;
sh601515:6.300,6.360,6.440,6.300,5329592;
sh601567:8.090,8.440,8.530,8.000,17691904;
sh601608:3.800,3.920,4.040,3.790,80686732;
sh601616:3.160,3.170,3.320,3.120,24671766;
sh601677:11.240,11.440,11.580,11.150,9586343;
sh601689:24.020,22.190,24.440,22.190,40495782;
sh601700:5.730,5.800,5.950,5.640,37200926;
sh601727:4.650,4.700,4.750,4.600,34588097;
sh601789:3.880,4.040,4.100,3.850,51452779;
sh601799:94.850,93.320,95.800,93.020,1587380;
sh601818:3.820,3.860,3.900,3.810,139691959;
sh601866:2.170,2.220,2.260,2.150,53189901;
sh601958:6.800,6.910,6.930,6.720,26639535;
sh601968:4.660,4.710,4.710,4.610,4627400;
sh601996:2.590,2.660,2.660,2.570,18676932;
sh603002:4.850,4.780,4.940,4.740,21474413;
sh603003:7.950,8.180,8.640,7.940,20068594;
sh603006:13.400,12.600,13.780,12.500,15629959;
sh603009:8.310,7.980,8.760,7.950,33657509;
sh603010:15.740,15.200,15.970,14.560,17301755;
sh603015:5.960,5.990,6.120,5.880,3155981;
sh603017:9.590,10.010,9.960,9.520,3780093;
sh603018:9.650,10.630,10.590,10.290,28047977;
sh603020:7.810,8.020,8.030,7.810,4183855;
sh603021:6.720,6.880,6.860,6.600,3505720;
sh603022:17.100,16.630,17.300,16.630,3476438;
sh603023:5.500,5.710,5.710,5.310,49545590;
sh603025:9.040,8.790,9.050,8.770,4583699;
sh603085:7.270,7.170,7.290,7.100,7063959;
sh603088:8.800,8.960,9.010,8.740,2012808;
sh603099:8.400,8.950,8.660,8.370,5977061;
sh603108:11.200,10.800,11.330,10.750,12735135;
sh603111:6.120,6.220,6.290,6.060,18705435;
sh603116:6.100,6.280,6.170,6.040,4795770;
sh603117:3.680,3.720,3.760,3.640,9810200;
sh603123:7.340,7.440,7.860,7.310,8770700;
sh603126:4.350,4.480,4.440,4.320,12205618;
sh603158:28.560,26.930,29.200,26.620,8903811;
sh603168:9.030,8.890,9.060,8.790,6329572;
sh603222:52.500,52.390,52.700,51.860,551430;
sh603227:4.290,4.420,4.520,4.280,13245245;
sh603268:15.300,15.500,15.470,15.150,1905450;
sh603299:6.120,6.270,6.310,6.120,6966434;
sh603300:7.630,7.430,7.650,7.420,17773948;
sh603308:20.690,19.230,20.700,18.900,18218787;
sh603318:9.540,9.390,9.650,9.360,14499846;
sh603333:7.340,7.310,7.480,7.300,10505450;
sh603366:6.800,6.670,6.930,6.610,30866614;
sh603456:21.250,19.810,21.490,19.380,30728943;
sh603508:59.600,60.300,59.600,57.400,5136008;
sh603519:12.850,12.850,13.410,12.550,2557945;
sh603566:19.260,18.720,19.300,18.520,17638621;
sh603568:27.230,26.710,27.810,26.700,5379128;
sh603600:12.180,11.840,12.240,11.740,4600400;
sh603601:12.400,11.650,12.680,11.250,74038020;
sh603609:11.580,11.700,12.040,11.530,12241331;
sh603611:21.010,20.500,21.200,20.300,6120253;
sh603616:7.020,7.200,7.300,6.980,5195350;
sh603618:5.430,5.550,5.600,5.380,22311159;
sh603688:29.070,27.730,29.500,27.260,14856932;
sh603703:16.280,15.970,16.400,15.850,1929642;
sh603789:14.290,14.450,14.790,14.180,15532490;
sh603800:11.250,11.360,11.420,11.210,2309576;
sh603808:12.880,12.940,13.220,12.840,4404574;
sh603818:7.080,7.310,7.350,7.080,2148060;
sh603838:7.930,7.950,8.100,7.900,1715700;
sh603918:11.990,11.780,12.170,11.730,6059324;
sh603936:25.400,23.460,25.870,23.350,22030885;
sh603968:14.900,14.980,14.940,14.620,1818081;
sh603989:29.840,27.590,30.300,27.570,4870215;
sh603997:8.780,8.540,9.040,8.410,8047010;
sh603998:7.450,7.450,7.500,7.400,8120600;
sh603999:7.070,7.030,7.230,6.980,11746381;
sh600127:5.020,4.890,5.180,4.890,61331212;
sh603377:16.780,17.020,17.130,16.690,2774327;
sh601900:11.520,11.220,11.780,11.120,16747344;
sh603919:14.860,15.000,15.240,14.780,6232749;
sh603861:8.340,8.360,8.650,8.240,6054339;
sh603028:10.900,10.560,11.000,10.560,2703100;
sh603798:10.250,10.440,10.610,10.130,3629719;
sh603701:12.530,13.220,13.360,12.460,12368474;
sh603726:22.300,21.880,22.690,21.500,3951995;
sh603528:8.600,8.180,8.770,8.020,21878247;
sh603339:12.750,12.880,13.100,12.620,2284252;
sh603131:24.000,22.470,24.380,22.470,9094489;
sh603016:16.100,16.110,16.510,16.010,1456960;
sh603069:12.710,12.520,13.470,12.400,8863900;
sh600936:4.360,4.360,4.360,4.260,45228567;
sh601997:8.540,8.640,8.740,8.520,24431162;
sh601595:13.000,13.480,13.180,12.940,4922123;
sh603515:26.170,26.050,26.400,25.860,3697164;
sh603843:4.080,4.270,4.450,4.060,17110147;
sh601163:14.100,14.250,14.410,14.100,6700640;
sh603393:36.960,35.400,36.960,35.110,5445898;
sh603738:35.900,33.480,36.930,33.480,16004528;
sh601128:8.100,8.180,8.350,8.030,43354135;
sh603313:30.260,29.950,30.500,29.020,6294628;
sh600926:8.640,8.790,8.950,8.630,27952525;
sh603888:27.970,27.960,28.230,27.470,18383574;
sh603060:20.480,20.760,20.970,20.330,2317604;
sh603633:12.050,12.520,12.400,11.960,10511515;
sh603987:10.150,9.720,10.190,10.020,14888798;
sh603336:15.740,15.590,16.180,15.510,17556409;
sh603660:15.680,14.520,15.680,14.460,31854590;
sh603559:18.890,17.870,19.100,17.660,12069160;
sh603033:21.600,21.970,22.490,21.350,3806985;
sh603389:4.990,4.990,5.140,4.960,2814214;
sh603058:6.780,6.870,6.940,6.630,3639197;
sh603886:16.070,16.210,16.280,16.010,3906419;
sh603239:11.310,11.360,11.580,11.280,2392403;
sh601375:5.800,5.710,6.030,5.670,89587411;
sh603035:15.000,15.090,15.800,14.910,22166314;
sh603032:19.800,20.590,21.060,19.650,6864566;
sh603877:15.390,15.200,15.420,15.150,1160543;
sh603689:10.540,10.550,10.620,10.400,3256400;
sh603579:28.890,28.690,29.070,28.600,1308484;
sh603639:25.240,25.390,26.170,25.220,2531513;
sh601858:11.600,11.530,11.950,11.350,5902536;
sh603638:32.180,31.500,32.180,30.910,2086244;
sh603429:45.360,43.920,46.500,43.210,4165262;
sh603966:10.140,10.220,10.320,10.010,3434550;
sh603089:13.090,13.300,13.800,13.090,1990615;
sh603360:32.030,31.780,32.710,31.620,2539676;
sh603677:11.680,11.710,11.990,11.630,1348570;
sh603637:14.180,14.600,14.600,14.100,1458498;
sh601212:3.400,3.360,3.400,3.340,45443623;
sh603603:7.750,7.900,8.180,7.730,6625529;
sh603817:5.990,6.180,6.110,5.960,3872300;
sh603717:7.880,8.080,8.110,7.840,5082540;
sh603656:14.450,14.400,14.700,14.120,1469606;
sh603133:30.000,27.320,30.000,27.120,18520761;
sh603811:27.100,26.350,27.100,26.280,3071365;
sh603955:15.330,15.800,15.950,15.200,2102167;
sh603908:23.510,23.670,24.080,23.330,482819;
sh603991:16.400,16.380,16.630,16.200,1154900;
sh603578:22.200,21.700,22.200,21.640,1588313;
sh601366:5.300,5.400,5.490,5.270,7155584;
sh603787:17.160,15.750,17.670,15.680,14001133;
sh603320:16.380,16.360,16.550,16.250,1062600;
sh603906:10.060,10.080,10.430,10.030,4557532;
sh603586:17.660,17.800,18.000,17.660,2214305;
sh603538:24.490,23.880,24.490,23.850,4607892;
sh603385:9.880,10.160,10.060,10.050,7325605;
sh603178:10.230,10.260,10.490,10.170,5953366;
sh603238:26.710,24.940,26.710,24.710,6677027;
sh603229:26.570,24.600,26.590,24.600,2645480;
sh603728:14.280,15.250,15.130,14.060,26364182;
sh603896:29.900,29.610,29.990,29.510,989033;
sh603488:8.430,8.610,8.630,8.400,3969885;
sh603197:42.300,40.560,43.600,39.700,13257959;
sh603580:11.360,11.490,11.760,11.360,1270023;
sh603200:37.880,35.590,38.490,32.960,11309424;
sh603042:16.760,16.350,17.060,16.120,10049535;
sh603536:14.790,15.550,15.770,14.450,15275684;
sh603326:17.550,17.550,17.700,17.400,2808280;
sh603316:8.060,8.280,8.350,8.060,1543423;
sh603335:4.400,4.510,4.620,4.300,10817212;
sh603380:18.000,17.280,18.200,17.080,5318036;
sh603286:17.420,17.170,18.240,17.080,4324522;
sh603938:33.390,31.900,34.080,31.590,5108544;
sh603331:15.790,15.900,16.100,15.610,1117000;
sh603933:15.490,15.220,15.820,15.050,5253288;
sh603595:35.700,37.900,39.000,35.200,11994172;
sh603612:12.730,12.480,12.920,12.370,4270260;
sh603676:10.430,10.330,10.490,10.300,3025449;
sh603063:8.970,8.900,9.080,8.800,3761130;
sh603233:54.060,53.280,54.070,52.400,4075641;
sh603357:9.450,9.830,9.980,9.390,11736617;
sh603860:25.750,26.580,26.390,25.750,611400;
sh603880:18.050,17.150,19.270,16.550,24865754;
sh603776:20.350,20.510,20.940,20.180,5014382;
sh603976:19.000,18.180,19.130,18.100,6151730;
sh603079:57.110,58.400,58.390,55.380,5180547;
sh603725:6.480,6.560,6.660,6.430,3276529;
sh603813:17.770,18.170,18.440,17.520,1616130;
sh603136:25.500,25.770,26.220,25.180,6526001;
sh603378:26.930,27.380,27.980,26.660,2167470;
sh603367:17.570,17.300,17.690,17.250,7122764;
sh603103:15.380,15.350,15.640,15.220,4983672;
sh603110:16.950,16.530,17.590,16.100,4977310;
sh603499:15.990,16.820,16.820,15.990,10829224;
sh603829:9.620,9.750,9.870,9.570,1159100;
sh603722:39.520,43.000,43.670,39.000,6759060;
sh603659:100.920,93.400,102.000,93.330,6681174;
sh603076:21.450,21.690,22.080,21.410,413900;
sh603661:38.380,38.150,38.740,38.110,1244002;
sh601019:6.480,6.530,6.560,6.440,10056892;
sh603890:11.900,11.760,12.150,11.550,11273025;
sh603477:12.210,11.940,12.480,11.900,10292378;
sh603895:19.960,20.320,20.350,19.960,1489797;
sh603516:54.340,50.100,54.340,49.010,4174201;
sh603871:29.830,29.780,30.080,29.660,1114115;
sh603709:22.970,22.900,23.440,22.700,558762;
sh603712:27.910,27.230,28.350,27.200,10708659;
sh603059:24.450,24.570,24.690,24.380,1388157;
sh600929:5.940,6.180,6.200,5.940,10128299;
sh603897:17.900,17.880,18.210,17.710,2029672;
sh603301:42.910,41.200,45.220,39.100,27717968;
sh603773:38.200,37.920,40.320,37.780,4661998;
sh603666:106.000,104.710,114.290,104.020,1619193;
sh601990:13.970,13.990,14.670,13.850,163264347;
sh603713:49.090,48.500,49.490,47.800,2877429;
sh601606:10.260,10.490,10.670,10.170,17580451;
sh603590:38.210,37.170,38.510,37.050,3050338;
sh603192:25.460,25.440,25.980,25.300,1019728;
sh601068:4.610,4.970,5.160,4.580,53473210;
sh603297:41.660,40.480,43.910,39.800,4040503;
sh603790:13.930,13.920,14.180,13.810,3066753;
sh603583:53.000,53.500,53.810,51.960,3272911;
sh601975:2.450,2.510,2.570,2.430,58972816;
sh603629:26.180,25.960,26.910,25.800,1547120;
sh603185:43.000,41.300,43.400,40.900,3525868;
sh601298:6.050,6.120,6.190,6.050,15161003;
sh603700:33.880,33.600,34.900,32.910,4148455;
sh601615:11.680,11.600,11.790,11.530,16227289;
sh601865:15.100,14.370,15.300,14.200,15500208;
sh603317:41.000,40.680,41.490,40.680,1360671;
sh603697:11.940,12.130,12.250,11.890,3938800;
sh603982:17.550,18.730,19.250,17.480,17565149;
sh603327:32.490,30.650,32.610,30.080,8587717;
sh603915:13.030,13.110,13.400,13.030,3115296;
sh601236:23.590,22.700,24.990,22.490,94115125;
sh603530:18.920,19.100,19.400,18.680,4854500;
sh603115:22.120,21.070,22.800,20.910,11474855;
sh603992:16.690,16.770,17.140,16.660,2580060;
sh603755:42.390,42.400,43.750,41.850,1177380;
sh600000:11.010,11.200,11.270,11.010,51906287;
sh600004:15.600,15.860,15.610,15.250,22218918;
sh600006:4.430,4.400,4.580,4.380,31352022;
sh600007:14.340,14.530,14.700,14.340,3411422;
sh600008:3.320,3.350,3.370,3.280,37754380;
sh600009:67.880,67.570,67.950,67.000,17074640;
sh600011:4.820,4.900,4.890,4.800,37149048;
sh600012:5.310,5.380,5.410,5.280,3449183;
sh600015:7.020,7.110,7.140,7.020,26016870;
sh600016:5.780,5.840,5.860,5.760,98149877;
sh600017:2.590,2.650,2.670,2.580,19441230;
sh600018:4.630,4.710,4.750,4.610,48888346;
sh600019:5.190,5.320,5.350,5.170,90216616;
sh600020:3.900,3.990,4.000,3.890,25805387;
sh600021:7.280,7.240,7.280,7.100,8123943;
sh600023:3.510,3.550,3.560,3.490,26441737;
sh600026:5.650,5.730,5.770,5.630,19098826;
sh600027:3.300,3.360,3.350,3.280,34323394;
sh600028:4.630,4.680,4.700,4.610,143614067;
sh600029:5.930,6.010,6.040,5.910,59966754;
sh600030:24.700,24.710,25.490,24.530,288155633;
sh600031:16.600,16.900,17.330,16.330,102793923;
sh600033:2.820,2.870,2.870,2.800,12301963;
sh600035:3.160,3.180,3.200,3.140,21382320;
sh600036:34.410,34.830,34.990,34.250,77970475;
sh600037:10.720,10.380,10.830,10.260,62314670;
sh600038:42.300,43.780,43.430,42.090,16673802;
sh600050:5.690,5.890,5.850,5.670,455888096;
sh600054:8.210,8.420,8.640,8.210,7464282;
sh600055:13.180,12.950,13.180,12.770,12184921;
sh600056:15.760,15.140,15.760,15.030,32820865;
sh600057:4.070,4.180,4.180,4.040,27848212;
sh600059:7.950,8.050,8.020,7.860,8353370;
sh600060:11.900,12.040,11.980,11.710,27754793;
sh600062:13.950,13.730,13.950,13.710,14870203;
sh600064:9.080,9.200,9.390,9.040,20019011;
sh600066:16.250,15.500,16.250,15.490,36040542;
sh600068:5.860,6.530,6.240,5.810,176957576;
sh600072:12.400,13.160,13.520,12.290,55738634;
sh600073:7.520,7.690,7.770,7.500,23088410;
sh600075:4.990,5.140,5.300,4.970,17966480;
sh600085:27.350,27.050,27.400,27.030,10990435;
sh600089:6.230,6.310,6.400,6.210,44824762;
sh600093:14.800,14.440,15.060,14.380,35593160;
sh600097:9.250,9.530,9.510,9.250,2307591;
sh600098:6.000,6.060,6.060,5.960,4022372;
sh600100:9.930,9.680,9.990,9.650,84277073;
sh600104:23.430,23.510,23.810,23.050,25750072;
sh600105:6.100,5.170,6.100,5.090,222742875;
sh600106:2.700,2.810,2.820,2.680,18980908;
sh600109:11.230,10.770,11.370,10.660,197339968;
sh600114:14.050,13.800,14.990,13.790,53475614;
sh600116:7.890,8.010,8.190,7.710,14192852;
sh600118:39.340,36.900,39.680,36.000,69030156;
sh600125:5.120,5.270,5.280,5.110,26430764;
sh600126:5.930,5.390,6.180,5.390,119434262;
sh600129:12.800,12.360,12.800,12.360,6328676;
sh600131:21.000,21.870,22.450,21.000,32432767;
sh600132:47.380,46.560,47.380,46.130,2657933;
sh600133:4.910,5.030,5.080,4.860,15880497;
sh600138:10.500,10.700,10.840,10.440,20449500;
sh600141:11.730,11.520,11.950,11.360,69458655;
sh600143:10.600,10.050,11.080,10.150,221756273;
sh600150:20.560,21.890,21.890,20.560,60782916;
sh600153:7.860,7.960,8.080,7.850,23237002;
sh600158:9.100,9.200,9.460,9.090,14334255;
sh600170:3.260,3.360,3.390,3.240,95359552;
sh600171:21.980,20.510,22.250,20.510,68013045;
sh600176:9.510,9.690,9.740,9.390,65226027;
sh600177:6.690,6.750,6.830,6.690,26548832;
sh600183:32.600,30.550,33.250,30.320,92154711;
sh600195:13.450,13.190,13.770,12.890,83892189;
sh600196:29.170,28.040,29.500,28.040,69731259;
sh600216:14.690,14.030,14.900,14.000,54977547;
sh600217:5.810,6.200,6.050,5.760,51652344;
sh600219:2.150,2.220,2.250,2.140,179984867;
sh600233:14.020,14.050,14.330,13.950,17099697;
sh600252:3.280,3.280,3.360,3.270,44355201;
sh600256:2.860,2.930,2.920,2.840,69059281;
sh600258:16.700,17.070,17.160,16.700,14196466;
sh600260:15.600,15.060,16.230,14.870,97267902;
sh600261:4.090,4.130,4.230,4.070,19018982;
sh600269:3.690,3.750,3.770,3.680,11803303;
sh600271:23.450,23.530,24.060,23.380,24982407;
sh600276:87.900,86.680,87.990,86.500,22998536;
sh600284:6.300,6.550,6.560,6.280,27702334;
sh601658:5.480,5.520,5.570,5.480,72411642;
sh600969:6.020,6.110,6.110,6.000,4190322;
sh600297:3.820,3.830,3.870,3.770,69003452;
sh600298:29.700,29.500,30.620,29.110,21632141;
sh600299:10.740,10.660,10.820,10.580,7793305;
sh600305:18.200,17.510,18.200,17.490,16409878;
sh600309:47.860,48.460,48.740,47.560,20795659;
sh600312:6.110,6.220,6.320,6.080,17068098;
sh600315:26.450,26.700,26.750,26.330,5674656;
sh600316:13.620,14.130,14.220,13.550,31160000;
sh600320:3.300,3.400,3.440,3.290,18290334;
sh600325:6.800,6.980,7.150,6.740,50302730;
sh600332:36.020,35.560,36.190,35.500,17884251;
sh600340:23.810,24.680,24.950,23.720,22741775;
sh600343:9.050,9.160,9.290,8.950,15622933;
sh600345:22.400,21.770,22.760,21.600,9096524;
sh600350:4.240,4.280,4.310,4.220,12049148;
sh600352:13.420,13.520,13.850,13.320,69288203;
sh600361:3.620,3.690,3.680,3.600,10847140;
sh600362:14.260,14.520,14.650,14.250,33624569;
sh600369:5.470,5.330,5.570,5.270,121983044;
sh600372:14.280,14.680,14.840,14.150,19139363;
sh600376:6.720,6.980,7.110,6.700,24117350;
sh600377:10.160,10.200,10.250,10.160,8474981;
sh600380:11.520,11.400,11.660,11.220,42012629;
sh600383:13.420,14.460,14.880,13.400,80900973;
sh600388:10.900,10.820,11.090,10.780,12235464;
sh600390:8.080,8.120,8.280,8.050,21406308;
sh600391:17.650,17.790,18.960,17.600,27281276;
sh600406:19.020,19.030,19.170,18.860,22893510;
sh600410:11.630,11.260,11.870,11.130,100062232;
sh600418:5.890,5.890,5.890,5.890,15134605;
sh600420:10.030,9.830,10.150,9.770,17647392;
sh600422:11.340,11.000,11.350,10.960,32047367;
sh600428:3.230,3.320,3.350,3.220,12581372;
sh600435:8.480,8.580,8.780,8.460,32294857;
sh600436:122.600,121.250,123.450,121.000,5744093;
sh600439:3.110,3.190,3.210,3.090,31155725;
sh600446:21.520,20.970,21.950,20.820,45323667;
sh600452:18.400,18.170,19.000,18.130,5291689;
sh600460:19.520,18.880,19.730,18.640,101585551;
sh600477:4.510,4.590,4.920,4.470,105714832;
sh600482:18.030,18.430,18.750,17.860,11855729;
sh600483:8.260,8.410,8.350,8.200,12233714;
sh600486:66.650,67.990,68.910,66.650,4674497;
sh600487:17.700,18.300,19.340,17.650,142985088;
sh600489:8.710,8.500,8.760,8.470,70985803;
sh600496:3.480,3.710,3.640,3.460,97256285;
sh600497:3.810,3.860,3.920,3.770,50758423;
sh600498:30.160,28.790,30.780,28.500,70072617;
sh600500:5.700,6.140,6.060,5.660,68236099;
sh600507:8.990,9.170,9.380,8.910,22490425;
sh600511:27.990,27.330,27.990,27.280,6931926;
sh600516:10.790,11.030,11.220,10.700,105728476;
sh600519:1062.000,1073.700,1080.950,1055.000,4356097;
sh600522:9.350,9.140,9.860,9.060,198339042;
sh600529:36.090,35.980,36.240,35.540,4527481;
sh600535:16.190,15.900,16.380,15.840,23646094;
sh600536:91.800,94.800,97.310,91.010,53841899;
sh600545:5.630,5.750,5.710,5.600,17138777;
sh600547:37.170,35.630,37.270,35.550,88248511;
sh600548:9.840,9.900,9.980,9.830,4975323;
sh600557:14.310,14.260,14.360,14.170,8542251;
sh600563:61.400,60.540,64.960,60.500,5409080;
sh600565:2.940,3.080,3.160,2.910,52598245;
sh600566:24.800,24.500,24.940,24.470,7284772;
sh600570:99.800,95.000,100.500,94.780,32664535;
sh600571:11.160,11.000,11.570,10.870,26839914;
sh600572:6.240,6.170,6.270,6.160,64455178;
sh600577:3.240,3.080,3.290,3.050,92054193;
sh600578:2.840,2.850,2.860,2.820,9691115;
sh600580:14.980,14.180,15.000,14.060,50330823;
sh600582:3.070,3.180,3.210,3.040,71241301;
sh600583:6.420,6.310,6.420,6.270,35881621;
sh600584:34.330,31.570,34.900,31.570,114122521;
sh600585:50.990,53.290,53.720,50.760,64677528;
sh600588:44.900,45.600,46.000,43.390,54789098;
sh600590:5.920,5.880,6.120,5.850,19604037;
sh600597:11.160,11.110,11.250,10.930,16028584;
sh600598:13.670,13.270,14.300,13.080,87977447;
sh600600:43.860,43.020,44.790,43.000,12963410;
sh600606:5.850,6.040,6.120,5.830,85862476;
sh600611:3.670,3.730,3.760,3.620,10735558;
sh600612:46.810,46.400,46.820,45.930,2314512;
sh600616:4.490,4.560,4.560,4.460,5403084;
sh600618:9.620,9.140,9.630,9.100,19313132;
sh600619:7.770,8.110,8.490,7.750,6276733;
sh600622:4.400,4.830,5.010,4.400,130931777;
sh600633:10.090,9.860,10.190,9.850,23919150;
sh600635:4.380,4.490,4.540,4.380,41147513;
sh600637:11.250,11.110,11.560,11.070,55181845;
sh600642:5.320,5.390,5.440,5.310,12412510;
sh600643:8.800,8.950,9.060,8.760,22946907;
sh600648:15.230,15.760,15.690,15.110,7206174;
sh600650:9.120,9.160,9.360,9.060,2437629;
sh600655:7.340,7.360,7.410,7.270,8486497;
sh600657:3.380,3.510,3.570,3.360,14083777;
sh600658:4.900,4.940,4.950,4.790,15158471;
sh600660:24.710,24.500,24.980,24.500,12954442;
sh600663:11.700,11.870,12.240,11.600,6574298;
sh600667:15.340,14.340,15.540,14.340,150116970;
sh600674:8.990,9.030,8.990,8.810,14953543;
sh600685:13.700,14.370,15.020,13.700,23596682;
sh600686:7.110,7.040,7.290,7.000,8323748;
sh600688:3.680,3.760,3.810,3.680,18464261;
sh600690:17.360,17.610,17.950,17.360,40905744;
sh600699:30.800,31.140,32.800,30.510,113740793;
sh600702:25.620,25.570,26.060,25.370,7942352;
sh600703:30.790,28.350,31.320,28.350,199472789;
sh600704:5.000,5.080,5.150,4.950,62073371;
sh600705:4.440,4.480,4.570,4.410,65445142;
sh600713:4.820,4.780,4.820,4.730,17048182;
sh600717:5.620,5.710,5.720,5.600,12836217;
sh600718:14.980,14.250,14.980,14.130,41826216;
sh600720:12.020,12.480,12.750,11.980,45418932;
sh600723:5.460,5.540,5.560,5.460,6496558;
sh600728:11.260,11.090,11.970,11.040,129100141;
sh600729:26.700,26.860,26.840,26.500,4929989;
sh600733:6.980,6.830,7.200,6.810,46286876;
sh600741:29.500,28.400,29.620,28.400,19860084;
sh600743:2.170,2.250,2.270,2.160,22287532;
sh600745:165.000,156.000,171.880,151.750,34665999;
sh600749:8.910,9.010,9.200,8.880,2281061;
sh600750:13.100,12.910,13.100,12.880,9455878;
sh600754:27.950,28.650,29.130,27.950,7180820;
sh600760:28.600,29.220,29.510,28.320,23905708;
sh600761:9.390,9.500,9.580,9.350,6570909;
sh600763:106.430,104.880,107.530,103.990,4575004;
sh600765:10.030,10.130,10.430,10.010,21526698;
sh600775:10.400,10.060,10.490,10.000,38110122;
sh600776:20.780,19.830,20.830,19.760,40252842;
sh600779:46.460,46.010,46.800,45.580,3969585;
sh600787:4.740,4.800,4.800,4.640,19741154;
sh600789:14.250,12.860,14.260,12.610,214993032;
sh600790:3.230,3.280,3.250,3.200,17502368;
sh600794:3.520,3.590,3.640,3.480,30373680;
sh600795:2.100,2.140,2.130,2.080,100076594;
sh600797:9.900,9.770,10.110,9.670,50885388;
sh600798:3.120,3.220,3.210,3.120,11040529;
sh600801:23.280,24.320,24.960,23.200,50953340;
sh600803:10.020,10.130,10.340,10.060,21285583;
sh600804:6.480,6.740,6.560,6.300,150193314;
sh600805:4.730,4.860,5.150,4.690,16218124;
sh600809:86.130,87.150,88.400,86.130,4215000;
sh600812:9.120,9.530,9.460,9.000,81384726;
sh600814:4.960,5.050,5.100,4.950,3435056;
sh600816:3.170,3.210,3.340,3.170,84786210;
sh600820:5.460,5.720,5.730,5.420,44823863;
sh600823:4.030,4.100,4.180,4.020,18730868;
sh600826:10.230,10.390,10.450,10.170,3119005;
sh600827:7.700,7.750,7.810,7.600,8177077;
sh600835:15.000,15.140,15.350,14.960,6906001;
sh600837:15.000,15.260,15.650,14.940,156419836;
sh600839:3.930,3.570,4.050,3.530,805699609;
sh600845:50.700,47.700,51.490,47.010,17797371;
sh600848:21.520,21.550,22.150,21.300,9250817;
sh600850:29.000,28.260,29.280,28.000,12124534;
sh600859:12.340,12.600,12.500,12.300,10799708;
sh600872:37.300,37.320,37.820,37.020,8075008;
sh600873:4.310,4.430,4.470,4.300,46994362;
sh600875:9.910,9.790,10.180,9.730,35697060;
sh600884:14.550,14.100,14.700,14.100,35422867;
sh600886:7.730,7.830,7.810,7.670,26117667;
sh600887:29.210,29.370,29.720,29.080,51749800;
sh603551:16.770,17.160,17.660,16.770,3396108;
sh600893:24.000,23.770,24.870,23.770,34119086;
sh600895:13.820,13.830,14.140,13.660,17977322;
sh600897:19.780,19.890,19.910,19.600,1212154;
sh600900:17.050,17.000,17.110,16.990,32040301;
sh600958:10.670,10.690,10.970,10.610,58683761;
sh600967:10.520,10.580,10.760,10.320,18126662;
sh600970:5.890,6.210,6.210,5.870,59495655;
sh600975:8.160,8.060,8.300,8.050,38514486;
sh600987:5.990,6.090,6.160,5.960,6422940;
sh600993:16.500,16.350,16.580,16.320,6430456;
sh600995:7.180,7.270,7.270,7.140,6232300;
sh600998:15.760,15.940,16.050,15.700,10186359;
sh600999:18.570,18.640,18.970,18.410,29301135;
sh601003:4.930,5.070,5.190,4.900,15146803;
sh601006:7.220,7.290,7.320,7.180,35251433;
sh601007:8.190,8.240,8.290,8.130,2317785;
sh601009:7.840,7.940,8.080,7.820,48852347;
sh601010:3.290,3.270,3.410,3.250,22229213;
sh601012:32.850,31.820,33.070,31.800,61217481;
sh601018:3.310,3.380,3.410,3.310,24769916;
sh601021:36.500,36.460,37.140,36.310,10105553;
sh601038:6.750,6.960,6.960,6.750,26516456;
sh601088:16.110,16.450,16.540,16.070,37666984;
sh601099:4.030,3.940,4.180,3.920,898676793;
sh601107:3.550,3.640,3.680,3.500,11373027;
sh601111:7.700,7.830,7.930,7.680,83947117;
sh601116:12.360,12.600,12.560,12.320,6098916;
sh601117:6.850,7.180,7.070,6.790,59753478;
sh601137:13.180,13.000,13.520,12.870,16498103;
sh601139:6.570,6.630,6.670,6.510,12445029;
sh601158:5.380,5.390,5.400,5.330,4353939;
sh601166:17.560,17.700,17.930,17.500,83158727;
sh601169:5.170,5.210,5.260,5.160,66610608;
sh601186:8.870,9.470,9.420,8.830,222014199;
sh601198:12.680,12.790,13.070,12.610,43988567;
sh601211:18.070,18.190,18.480,18.010,51408988;
sh601216:2.820,2.860,2.920,2.810,51958831;
sh601231:24.880,23.630,25.090,23.350,57692992;
sh601238:11.640,11.610,11.700,11.420,17204563;
sh601288:3.410,3.450,3.460,3.400,218918963;
sh601360:27.000,26.460,27.800,26.420,27841928;
sh601318:79.450,79.830,80.760,79.110,84416650;
sh601328:5.260,5.310,5.330,5.250,95636723;
sh601333:2.600,2.670,2.670,2.590,42171537;
sh601336:45.790,46.420,47.300,45.730,20065134;
sh601377:7.300,7.270,7.460,7.200,125704196;
sh601390:5.120,5.460,5.390,5.110,241226986;
sh601398:5.380,5.410,5.440,5.360,257968813;
sh601519:8.960,8.740,9.220,8.620,111741772;
sh601555:9.890,9.920,10.280,10.000,90236701;
sh601579:8.080,8.080,8.120,7.970,1462949;
sh601588:2.750,2.920,2.900,2.730,62078438;
sh601600:3.070,3.190,3.200,3.070,119322368;
sh601601:33.030,33.250,33.760,32.980,28942186;
sh601607:19.800,19.250,19.800,19.240,34757492;
sh601618:2.450,2.730,2.660,2.440,275014720;
sh601628:30.710,30.930,31.520,30.680,16510304;
sh601633:9.360,9.230,9.680,9.220,38462891;
sh601636:5.330,5.620,5.590,5.320,67200670;
sh601668:5.170,5.450,5.460,5.150,662725343;
sh601669:3.880,4.250,4.160,3.880,162347246;
sh601688:19.600,19.720,20.240,19.600,124874649;
sh601717:5.900,6.070,6.140,5.880,30448440;
sh601718:4.530,4.240,4.560,4.230,114354216;
sh601766:6.190,6.650,6.480,6.190,253633105;
sh601788:12.800,12.850,13.120,12.750,44420741;
sh601800:7.650,8.520,8.440,7.630,249609739;
sh601801:5.090,5.150,5.240,5.070,12150718;
sh601808:16.490,16.430,16.790,16.360,10343362;
sh601857:5.150,5.220,5.230,5.120,160220097;
sh601872:5.320,5.410,5.490,5.290,75637288;
sh601877:27.780,28.020,28.380,27.700,15953703;
sh601880:1.780,1.820,1.820,1.760,54577332;
sh601888:80.880,80.200,81.280,79.830,14742432;
sh601890:5.450,5.780,5.820,5.360,49499978;
sh601899:4.500,4.360,4.500,4.350,351814213;
sh601901:7.840,7.830,8.080,7.790,79995460;
sh601919:4.180,4.300,4.310,4.160,37804288;
sh601928:6.980,7.050,7.170,6.930,14499906;
sh601933:8.580,8.990,8.780,8.550,155650041;
sh601939:6.590,6.650,6.690,6.550,83820260;
sh601965:9.100,9.140,9.600,9.020,13581438;
sh601985:4.600,4.710,4.700,4.570,53604859;
sh601988:3.550,3.600,3.600,3.540,120176823;
sh601989:4.520,4.710,4.760,4.500,258568917;
sh601991:2.170,2.220,2.220,2.150,18624237;
sh601992:3.290,3.520,3.410,3.260,140288450;
sh601998:5.500,5.560,5.630,5.490,26636272;
sh603000:21.600,22.100,21.870,21.250,46187525;
sh603005:129.260,118.800,129.260,118.800,20305162;
sh603008:13.000,13.140,13.340,12.950,4453509;
sh603011:5.750,5.540,5.840,5.530,25660584;
sh603019:52.000,49.270,52.620,48.570,60576126;
sh603026:40.600,39.150,40.610,39.000,15789035;
sh603066:8.600,9.170,8.880,8.470,19916152;
sh603100:9.590,9.530,9.760,9.370,6029313;
sh603118:15.970,15.230,16.430,14.950,56199446;
sh603128:5.560,5.720,5.750,5.530,24851765;
sh603169:5.130,5.200,5.350,5.070,16792245;
sh603198:16.960,17.130,17.350,16.810,6006918;
sh603199:21.230,21.590,21.710,21.200,1304639;
sh603288:101.300,100.840,102.320,100.190,4303663;
sh603306:13.950,13.970,14.460,13.700,3040490;
sh603328:13.850,13.010,13.970,12.850,40283007;
sh603338:73.300,71.680,74.290,71.510,2299283;
sh603355:23.770,23.670,24.150,23.520,1844059;
sh603368:34.060,33.790,34.060,33.660,3783204;
sh603369:31.600,31.590,32.700,31.280,9400932;
sh603398:9.280,9.430,9.500,9.150,6241388;
sh603589:45.160,46.290,46.670,44.900,6972589;
sh603598:16.260,15.630,16.960,15.360,20282500;
sh603599:15.340,15.340,15.880,15.300,7209856;
sh603606:11.560,11.660,11.930,11.490,14251725;
sh603636:15.110,14.640,15.350,14.510,22096429;
sh603678:33.200,31.020,33.730,30.940,31326835;
sh603686:13.240,13.920,13.880,13.120,35190431;
sh603696:7.750,7.770,7.930,7.730,3878664;
sh603698:11.660,11.720,11.880,11.540,3381572;
sh603699:12.620,12.650,12.940,12.580,3119230;
sh603718:16.330,16.550,17.150,16.330,7117675;
sh603766:3.520,3.660,3.840,3.490,40317278;
sh603799:43.000,42.630,43.870,41.800,66135360;
sh603806:50.980,49.200,51.950,49.000,3596341;
sh603866:43.490,43.200,44.860,43.200,3002777;
sh603883:68.250,68.800,69.100,66.500,2992452;
sh603885:11.800,11.830,12.020,11.760,23164075;
sh603889:5.250,5.400,5.590,5.250,4725464;
sh603898:14.830,14.990,14.980,14.650,1307626;
sh603899:45.420,43.390,45.420,43.330,6621477;
sh603939:80.760,80.720,81.590,79.210,2566095;
sh603993:4.500,4.380,4.540,4.350,356247697;
sh603225:11.120,11.380,11.540,11.010,6542834;
sh603195:177.000,171.300,177.900,168.000,8971843;
sh601816:7.090,7.140,7.350,7.050,246882924;
sh600673:8.800,8.680,8.880,8.650,37600886;
sh601916:4.220,4.270,4.330,4.200,82769305;
sh603027:22.490,22.290,22.540,22.110,4865145;
sh603520:54.910,54.580,55.000,51.510,3301554;
sh603868:35.870,35.560,35.870,35.300,1221344;
sh603737:93.000,91.110,93.850,91.080,2059195;
sh601611:6.310,6.590,6.620,6.290,29498387;
sh601127:9.730,9.590,9.940,9.550,4114017;
sh601966:23.440,23.020,23.680,22.920,8829750;
sh603322:19.440,18.990,19.650,18.880,3778928;
sh600919:6.510,6.560,6.640,6.500,40248009;
sh601811:11.850,11.860,11.990,11.700,3126710;
sh600977:13.360,13.540,13.540,13.340,18066847;
sh603986:420.000,385.000,428.000,383.540,10484362;
sh603658:121.000,117.300,122.370,115.990,2059477;
sh603189:33.030,31.830,33.900,31.830,22771898;
sh600908:5.180,5.270,5.350,5.160,19980093;
sh603421:17.930,17.820,18.800,17.610,9079887;
sh603777:11.000,11.040,11.340,10.900,3909573;
sh603816:41.500,42.600,42.250,41.250,3317397;
sh603160:364.970,340.000,367.830,335.950,7621371;
sh603258:32.150,33.860,33.520,32.030,11284975;
sh603290:84.360,84.360,84.360,84.360,210506;
sh601229:8.640,8.750,8.860,8.640,25162395;
sh603858:22.950,22.340,23.000,22.270,23389637;
sh603727:20.300,20.140,20.990,20.010,2362700;
sh603900:8.000,8.130,8.170,8.000,3208938;
sh600909:8.360,8.090,8.560,8.000,154088171;
sh603990:63.550,61.810,65.420,58.850,3180927;
sh603708:25.480,25.690,26.340,25.110,2729943;
sh603416:35.600,33.830,35.600,33.050,2435406;
sh600996:11.300,9.850,11.300,10.000,54380697;
sh603298:12.890,13.010,13.350,12.850,3360898;
sh603218:19.350,19.240,19.690,19.230,2430622;
sh603929:17.450,17.500,18.600,17.450,16302479;
sh603186:67.750,61.800,69.900,61.800,6879386;
sh603444:417.370,400.500,424.000,398.000,1375493;
sh603228:53.520,51.350,54.850,50.480,8711027;
sh603690:45.000,43.140,45.930,41.670,11983760;
sh603039:94.800,89.320,96.490,87.210,1226374;
sh603337:21.630,21.400,21.970,21.310,2745614;
sh601881:11.400,11.430,11.850,11.360,79387192;
sh603881:56.000,56.410,58.290,54.380,17227375;
sh603208:80.480,80.900,83.450,79.000,1080970;
sh600939:4.100,4.340,4.350,4.060,11931207;
sh603501:208.000,194.980,212.000,193.870,8670624;
sh603517:39.700,39.700,40.270,39.380,4281631;
sh603960:38.360,37.020,39.590,36.580,3294890;
sh603630:12.900,12.910,13.070,12.860,2741848;
sh603138:26.880,25.300,27.280,25.060,5695387;
sh603803:15.440,14.610,15.710,14.500,22081251;
sh603232:53.550,49.800,54.420,49.510,3928109;
sh603920:27.370,25.790,27.760,25.790,20290654;
sh603078:50.310,46.990,52.200,46.990,6773564;
sh601200:11.500,11.650,11.680,11.420,15736387;
sh603303:10.470,10.470,10.470,10.470,3610331;
sh603833:111.000,111.660,114.450,111.000,1967438;
sh601228:3.320,3.370,3.390,3.270,15106532;
sh603345:71.390,71.860,73.880,70.950,2605245;
sh601952:9.170,8.530,9.510,8.450,87352512;
sh603383:78.500,74.100,79.860,74.000,3938926;
sh603496:32.270,30.280,33.000,30.110,6698943;
sh603226:15.670,15.440,15.870,15.410,3276895;
sh603980:7.310,7.420,7.560,7.300,5017556;
sh601878:11.570,11.650,12.100,11.480,152319280;
sh603043:28.510,28.000,28.640,27.980,2233130;
sh603801:20.580,21.580,21.460,20.580,4307674;
sh603387:38.230,36.870,38.590,36.400,10157508;
sh603707:51.990,49.300,52.000,49.110,4177421;
sh603825:32.900,30.220,32.900,30.060,6856492;
sh603978:27.200,26.910,27.760,26.500,5409490;
sh603602:24.830,23.650,25.190,23.410,13561310;
sh601326:2.740,2.800,2.800,2.720,14266433;
sh603129:47.130,44.280,47.130,44.200,2443979;
sh601949:6.110,6.060,6.270,6.020,16388061;
sh603127:74.550,74.470,76.600,73.320,2764060;
sh603183:9.420,9.890,9.950,9.300,8410660;
sh603882:58.080,56.070,59.680,55.900,5994093;
sh603277:9.550,9.750,9.830,9.500,2302000;
sh603386:17.630,16.930,17.820,16.810,7617489;
sh603648:8.800,9.010,9.150,8.790,5951637;
sh603321:7.460,7.550,7.620,7.440,2458800;
sh603106:8.030,8.250,8.270,7.980,19954433;
sh603533:22.100,20.880,22.430,20.880,20483874;
sh603363:15.910,16.340,16.710,15.850,13996255;
sh603466:15.130,14.720,15.220,14.630,7004427;
sh601108:12.160,11.900,12.590,11.640,209626381;
sh603607:19.900,19.740,20.180,19.600,1913038;
sh603260:28.410,28.370,29.190,28.220,3838610;
sh603289:8.500,8.650,8.870,8.400,2980487;
sh603912:17.080,18.870,18.700,16.660,18453390;
sh603856:10.750,10.960,10.950,10.620,5275936;
sh600903:12.400,12.510,12.600,12.210,14227885;
sh603083:40.000,37.250,40.980,37.250,11252436;
sh603605:118.110,113.530,119.880,113.530,1441508;
sh603619:13.490,13.900,14.060,13.480,8328900;
sh603365:15.100,14.890,15.140,14.860,3323017;
sh603711:22.400,22.790,23.200,22.400,1874761;
sh603848:13.560,13.700,13.730,13.300,3013935;
sh600025:3.760,3.830,3.840,3.750,40616974;
sh603283:60.000,59.700,66.200,59.630,7601177;
sh603329:12.000,12.010,12.270,11.900,2159088;
sh603080:14.370,14.420,14.690,14.180,1961600;
sh601155:32.800,33.590,34.630,32.630,18786551;
sh603180:66.110,67.850,68.600,66.110,1564370;
sh603056:12.200,12.180,12.540,12.050,14053406;
sh601828:10.600,10.770,10.880,10.590,8159166;
sh601838:8.200,8.300,8.420,8.160,26795643;
sh603156:27.500,27.110,27.500,26.900,2788615;
sh600901:5.600,5.680,5.720,5.580,21825994;
sh603214:36.290,36.010,36.600,35.880,1953641;
sh603259:116.000,110.550,116.180,109.000,14917230;
sh603486:25.890,25.130,26.290,25.090,4417568;
sh601138:19.550,18.710,19.580,18.520,111767567;
sh601330:10.030,10.080,10.240,10.010,13324522;
sh601066:34.000,34.650,36.160,34.000,84048097;
sh601869:36.000,36.270,38.300,36.000,11690496;
sh601577:8.240,8.370,8.500,8.210,22086885;
sh601162:7.050,7.350,7.630,7.010,432987565;
sh603220:21.990,21.700,23.030,21.510,14858695;
sh601319:7.080,7.170,7.340,7.050,96294992;
sh603187:34.700,35.980,36.580,34.490,3461543;
sh601860:4.610,4.720,4.850,4.610,55736284;
sh603121:19.260,19.380,20.310,19.200,8571695;
sh603739:24.200,24.390,24.960,24.200,3910200;
sh601598:3.660,3.770,3.780,3.650,34751342;
sh600928:6.510,6.590,6.820,6.460,32175965;
sh603068:117.780,115.950,119.660,112.370,5674904;
sh600968:2.580,2.650,2.640,2.560,79485695;
sh601698:19.060,18.240,19.450,17.910,66687432;
sh603236:260.000,241.130,262.100,239.940,1611893;
sh603983:81.020,77.880,83.600,76.510,3010330;
sh603613:126.000,119.250,128.260,119.250,2318214;
sh603267:69.510,65.190,71.520,64.870,6461207;
sh603093:25.600,25.820,26.900,25.000,16932020;
sh603927:78.960,75.940,79.860,75.010,5773264;
sz000006:4.660,4.840,4.970,4.660,22341921;
sz000007:8.690,8.590,8.830,8.560,13664026;
sz000008:3.170,3.310,3.320,3.170,63202413;
sz000009:8.850,8.530,9.200,8.460,195918987;
sz000011:7.850,8.050,8.250,7.800,6800398;
sz000017:3.860,3.930,4.050,3.820,7123834;
sz000023:11.750,12.060,12.280,11.660,4346837;
sz000025:18.960,20.050,19.580,18.960,15567809;
sz000028:45.750,45.530,46.320,45.470,2918025;
sz000036:3.620,3.720,3.780,3.570,16958675;
sz000038:10.050,10.150,10.470,10.110,11297805;
sz000045:8.540,8.300,9.050,8.230,25210411;
sz000050:18.490,17.990,18.690,17.500,66037734;
sz000055:4.310,4.430,4.440,4.290,12069583;
sz000058:7.120,6.980,7.170,6.930,20245913;
sz000059:5.870,5.910,6.000,5.830,20446716;
sz000061:5.800,6.020,6.180,5.800,49179820;
sz000068:3.690,3.690,3.810,3.610,16744172;
sz000078:6.290,5.960,6.290,5.710,391435349;
sz000150:4.170,4.230,4.260,4.160,18367045;
sz000151:8.830,8.880,9.020,8.680,5342926;
sz000155:4.700,4.650,4.750,4.600,21969145;
sz000301:4.870,4.930,4.890,4.810,10920701;
sz000402:6.920,7.090,7.170,6.870,19436547;
sz000415:3.510,3.470,3.560,3.450,48615034;
sz000416:4.880,5.010,5.020,4.820,20290181;
sz000421:4.150,4.210,4.210,4.100,2443350;
sz000430:4.810,4.890,4.950,4.790,4255620;
sz000498:4.220,4.700,4.520,4.190,22387953;
sz000501:11.100,11.130,11.240,10.920,7432135;
sz000503:16.200,15.680,16.200,15.560,19621277;
sz000505:5.710,5.720,5.880,5.670,12312654;
sz000506:3.070,3.040,3.240,3.020,99980142;
sz000507:5.100,5.220,5.220,5.080,14091222;
sz000510:4.370,4.480,4.740,4.340,29001469;
sz000514:3.920,4.050,4.210,3.910,11798830;
sz000517:2.740,2.850,2.990,2.690,59185328;
sz000518:6.490,6.450,6.730,5.940,165163749;
sz000523:7.460,7.300,7.630,7.250,20684291;
sz000525:10.000,10.180,10.450,10.030,29198467;
sz000526:38.220,41.000,41.260,38.190,4414949;
sz000529:7.000,6.860,7.040,6.790,13145378;
sz000530:3.820,3.980,3.940,3.790,18917770;
sz000531:6.250,6.320,6.430,6.230,3954280;
sz000532:11.520,11.210,11.860,11.200,16572324;
sz000533:2.630,2.720,2.760,2.610,18944061;
sz000536:2.640,2.570,2.720,2.560,100825834;
sz000537:6.560,6.890,6.920,6.520,29361421;
sz000540:3.650,3.890,4.050,3.610,296322192;
sz000543:4.060,4.160,4.140,4.020,28656893;
sz000544:6.120,6.210,6.250,6.090,6329681;
sz000548:3.770,3.840,3.870,3.730,6245338;
sz000551:7.900,8.250,8.050,7.780,12908451;
sz000557:2.910,2.990,3.020,2.900,8504465;
sz000565:4.790,4.820,4.900,4.730,3914866;
sz000566:8.990,9.670,9.390,8.810,108140945;
sz000573:2.810,2.870,2.920,2.790,14382467;
sz000576:6.800,6.790,7.090,6.710,8031910;
sz000586:10.780,10.440,10.890,10.430,9567036;
sz000589:4.170,4.200,4.280,4.150,16163260;
sz000590:11.130,10.840,11.280,10.810,5555600;
sz000591:3.760,3.840,3.930,3.710,75259368;
sz000592:2.540,2.620,2.670,2.530,60287759;
sz000593:5.150,5.200,5.270,5.100,4279792;
sz000598:4.500,4.530,4.570,4.470,22986207;
sz000599:4.210,4.170,4.280,4.130,7513778;
sz000607:4.580,4.560,4.660,4.520,9010153;
sz000608:5.200,5.220,5.590,5.130,13463614;
sz000610:7.680,7.840,8.080,7.670,8893910;
sz000612:3.770,3.890,3.890,3.770,11415474;
sz000613:5.620,5.770,5.880,5.540,13798597;
sz000615:3.690,3.790,3.930,3.670,16447800;
sz000616:2.610,2.770,2.950,2.610,69591536;
sz000620:3.330,3.400,3.420,3.290,15087942;
sz000622:4.900,4.990,5.220,4.860,25156108;
sz000623:16.690,16.960,17.300,16.620,32681608;
sz000626:8.380,8.310,8.580,8.300,4838484;
sz000628:9.220,9.370,9.620,9.190,4607439;
sz000629:2.550,2.570,2.610,2.520,84445663;
sz000631:2.630,2.690,2.720,2.600,11281802;
sz000637:4.790,4.730,4.820,4.670,16189536;
sz000639:4.940,5.170,5.400,4.940,27930004;
sz000650:7.600,7.270,7.620,7.200,90157720;
sz000652:9.290,9.570,9.570,8.760,445000039;
sz000655:5.680,5.740,5.850,5.660,19260321;
sz000656:7.380,7.610,7.900,7.220,82613082;
sz000657:6.460,6.500,6.880,6.300,13119285;
sz000659:2.380,2.440,2.430,2.370,18873798;
sz000662:4.300,4.180,4.340,4.150,47093780;
sz000663:4.110,4.110,4.260,4.090,4815750;
sz000665:7.500,7.100,7.670,7.080,62947401;
sz000666:11.350,11.190,11.820,11.180,16592341;
sz000667:2.660,2.660,2.710,2.640,22116758;
sz000668:11.730,11.810,12.160,11.520,2771873;
sz000669:2.870,2.860,2.960,2.820,15123398;
sz000672:18.100,19.170,19.050,18.010,39559965;
sz000673:3.770,3.710,3.820,3.700,37003910;
sz000677:3.320,3.350,3.390,3.260,21863674;
sz000680:3.230,3.370,3.550,3.210,32552113;
sz000682:5.240,5.230,5.480,5.200,30466939;
sz000685:8.100,8.130,8.230,8.040,12787545;
sz000686:9.490,9.430,9.750,9.370,77604534;
sz000687:5.410,5.400,5.660,5.370,19136024;
sz000690:5.380,5.670,5.390,5.260,37197090;
sz000691:3.780,3.810,4.050,3.730,6567390;
sz000695:7.600,7.470,7.790,7.420,1470783;
sz000697:11.730,11.980,12.820,11.680,19973421;
sz000700:13.420,12.430,13.630,12.430,145950776;
sz000701:4.810,4.800,4.910,4.720,7574382;
sz000702:5.260,5.370,5.450,5.260,7415016;
sz000703:12.680,13.150,13.020,12.560,19627198;
sz000705:7.590,7.410,7.660,7.400,10274000;
sz000710:39.290,38.920,39.800,38.690,4414901;
sz000711:4.410,4.410,4.520,4.340,13286102;
sz000713:9.570,9.680,10.070,9.560,79807761;
sz000716:3.520,3.540,3.590,3.490,27922465;
sz000718:3.180,3.300,3.360,3.160,23947138;
sz000719:7.640,7.590,7.740,7.560,7197953;
sz000721:3.670,3.730,3.770,3.610,10380129;
sz000722:6.000,6.120,6.090,5.940,5099858;
sz000727:2.150,2.100,2.200,2.070,170786018;
sz000735:9.030,9.350,9.480,9.030,81873391;
sz002324:19.680,18.200,20.300,18.000,21727289;
sz000753:2.680,2.740,2.750,2.660,11891640;
sz000755:3.630,3.790,3.750,3.600,14468379;
sz000756:8.920,8.630,8.920,8.620,12395769;
sz000758:5.050,5.010,5.150,4.980,54032070;
sz000759:6.850,6.950,6.960,6.850,2478781;
sz000762:8.200,8.060,8.330,8.010,19597103;
sz000766:6.510,6.470,6.570,6.440,11854090;
sz000778:3.550,3.660,3.650,3.520,66422874;
sz000779:9.790,9.870,9.990,9.640,2513214;
sz000783:7.160,7.190,7.350,7.100,104711146;
sz000789:10.900,11.340,11.450,10.860,53531914;
sz000790:5.140,5.010,5.160,4.980,26272376;
sz000791:3.280,3.310,3.330,3.250,12803842;
sz000793:3.280,3.320,3.380,3.220,62516948;
sz000795:5.800,5.780,5.920,5.730,30610587;
sz000797:3.510,3.650,3.800,3.490,18500426;
sz000798:5.450,5.640,5.760,5.440,6156124;
sz000799:33.660,33.800,34.690,33.410,8648104;
sz000800:9.850,9.690,10.070,9.680,20252451;
sz000802:10.040,10.070,10.470,10.020,21656328;
sz000807:4.540,4.640,4.700,4.510,76117913;
sz000810:16.100,15.390,16.650,15.200,49519936;
sz000812:3.160,3.220,3.270,3.120,21448434;
sz000813:5.830,5.820,5.950,5.800,19076481;
sz000815:7.730,7.940,8.270,7.680,35017624;
sz000825:3.550,3.660,3.730,3.550,50076199;
sz000828:7.420,7.560,7.820,7.360,6949162;
sz000829:6.750,6.350,6.840,6.290,40441547;
sz000830:9.210,9.550,9.780,9.200,56128165;
sz000831:11.170,11.230,11.520,11.130,24726652;
sz000836:3.940,4.120,4.040,3.880,156743285;
sz000839:4.050,3.930,4.200,3.870,205474493;
sz000851:6.960,7.660,7.660,6.810,170455104;
sz000856:9.470,9.740,9.840,9.470,9175611;
sz000859:6.300,6.190,6.910,6.030,119836914;
sz000863:3.990,4.110,4.140,3.890,7837968;
sz000877:11.120,11.570,11.830,11.040,49701442;
sz000878:11.330,11.440,11.770,11.210,35095731;
sz000880:7.120,7.550,7.730,7.120,3707347;
sz000881:6.930,7.120,7.360,6.920,11010108;
sz000886:4.120,4.250,4.300,4.090,17259183;
sz000889:9.870,9.880,10.130,9.700,14241845;
sz000890:4.730,4.890,4.860,4.700,22048037;
sz000900:3.980,4.040,4.050,3.940,13516580;
sz000901:12.680,12.820,13.360,12.600,43003475;
sz000903:2.640,2.780,2.770,2.620,47929199;
sz000905:6.460,6.520,6.590,6.370,8151602;
sz000908:3.470,3.460,3.490,3.440,15775860;
sz000909:9.120,9.150,9.600,8.990,23055364;
sz000912:4.460,4.480,4.540,4.410,11587390;
sz000913:11.110,11.040,11.350,10.990,6332043;
sz000915:26.700,26.300,27.500,26.210,10517655;
sz000917:7.170,6.830,7.250,6.820,54828877;
sz000929:6.380,6.420,6.540,6.310,2721562;
sz000930:7.660,7.660,7.890,7.600,33956716;
sz000931:10.460,10.220,10.680,10.150,24481790;
sz000935:13.950,14.420,14.850,13.890,17168060;
sz000948:11.460,11.250,11.580,11.200,9445556;
sz000949:4.380,4.130,4.380,4.070,66695049;
sz000950:5.880,5.800,5.890,5.780,14538069;
sz000952:10.740,10.480,10.740,10.470,8037426;
sz000959:3.020,3.090,3.100,3.000,33773327;
sz000975:15.360,14.820,15.720,14.710,63673664;
sz000976:4.850,4.860,4.940,4.810,24665280;
sz000990:15.770,15.530,16.100,15.050,20278823;
sz000996:9.970,9.860,10.180,9.810,10974231;
sz001696:5.700,5.810,6.040,5.680,19941449;
sz001896:3.300,3.410,3.440,3.270,25158955;
sz002004:5.010,5.030,5.070,4.980,21266981;
sz002009:8.820,9.270,9.080,8.820,24542637;
sz002012:7.020,6.710,7.140,6.550,81952882;
sz002016:7.430,7.620,7.760,7.360,10870478;
sz002017:15.200,14.510,15.340,14.320,27374932;
sz002022:15.130,14.640,15.320,14.580,28462329;
sz002023:20.090,18.900,20.550,18.900,150102018;
sz002028:19.900,21.440,21.800,19.860,92064361;
sz002034:13.930,13.980,14.110,13.710,3170983;
sz002037:6.380,6.450,6.430,6.260,5278919;
sz002045:12.710,12.420,12.990,12.320,21972212;
sz002052:3.260,3.400,3.600,3.250,80249008;
sz002053:6.960,7.320,6.960,6.840,7473882;
sz002054:7.600,7.560,7.790,7.520,19022380;
sz002057:8.180,8.170,8.450,8.130,25328716;
sz002058:21.470,21.350,21.990,21.110,1204002;
sz002061:5.070,5.360,5.450,5.030,23167741;
sz002064:6.280,6.170,6.340,6.110,31732483;
sz002066:7.080,7.130,7.250,7.030,3236810;
sz002073:4.940,4.780,5.020,4.740,38043684;
sz002076:2.310,2.570,2.570,2.310,27294016;
sz002077:7.900,7.860,8.460,7.800,48254981;
sz002079:14.670,13.570,14.760,13.570,85778440;
sz002082:12.410,12.770,13.450,12.250,15953429;
sz002083:7.100,6.970,7.150,6.880,16287207;
sz002084:5.570,5.630,5.700,5.530,6560900;
sz002093:8.890,8.510,8.980,8.410,35979029;
sz002098:6.610,6.590,6.750,6.550,8084860;
sz002103:4.800,4.930,5.000,4.730,30867390;
sz002104:8.000,7.790,8.120,7.720,34640992;
sz002107:11.820,11.370,12.000,11.310,8986236;
sz002108:4.180,4.090,4.260,4.060,60605985;
sz002109:3.120,3.190,3.220,3.110,6626308;
sz002112:6.250,6.300,6.400,6.200,4653209;
sz002114:7.170,7.030,7.180,6.990,3922641;
sz002118:6.240,6.130,6.240,6.100,35379698;
sz002119:16.300,15.220,16.420,15.050,43603257;
sz002123:21.000,19.960,21.150,19.940,45141887;
sz002124:10.560,10.540,10.850,10.500,46675248;
sz002127:10.770,10.530,10.920,10.500,25603912;
sz002130:5.580,5.450,5.720,5.400,57744613;
sz002133:2.990,3.070,3.110,2.980,11933813;
sz002134:11.700,11.030,11.870,11.030,23212977;
sz002136:7.830,7.830,8.180,7.750,7474804;
sz002137:8.920,8.600,9.030,8.530,31218900;
sz002145:4.990,4.870,5.200,4.810,94474718;
sz002146:8.530,8.930,9.050,8.510,95491890;
sz002148:5.490,5.440,5.520,5.280,20385752;
sz002149:7.780,7.880,8.140,7.760,17462549;
sz002150:6.130,6.210,6.350,6.100,4838776;
sz002155:8.420,8.240,8.500,8.160,52368282;
sz002159:10.620,10.810,10.970,10.620,2506274;
sz002161:11.810,11.380,11.960,11.250,58948985;
sz002162:3.390,3.430,3.430,3.340,9772842;
sz002166:10.000,9.500,10.000,9.460,40853632;
sz002167:6.750,6.500,6.780,6.460,43647062;
sz002168:9.270,9.310,9.940,9.210,52399342;
sz002170:4.020,4.100,4.120,3.950,57683598;
sz002172:3.610,3.580,3.730,3.550,17510402;
sz002173:6.220,6.070,6.320,6.060,9020259;
sz002174:27.000,25.760,27.140,25.530,36048855;
sz002176:3.150,3.180,3.270,3.120,68714405;
sz002177:5.370,5.410,5.520,5.350,44785382;
sz002178:3.880,3.910,4.020,3.840,12174000;
sz002182:12.350,11.700,12.590,11.500,57306909;
sz002183:3.920,4.010,4.050,3.880,56772801;
sz002184:12.690,11.920,12.780,11.920,18311169;
sz002186:9.190,9.320,9.450,9.160,2899530;
sz002192:21.400,20.720,21.880,20.600,11409558;
sz002196:5.720,5.620,5.800,5.570,9988910;
sz002197:9.520,9.180,9.710,9.180,30323906;
sz002199:12.350,11.580,12.850,11.510,36104288;
sz002201:18.300,18.190,19.000,18.110,14659733;
sz002208:6.070,6.670,6.670,6.030,12935249;
sz002211:6.030,6.000,6.120,5.980,5117691;
sz002212:27.600,27.450,28.200,26.880,34842588;
sz002213:13.350,13.720,13.820,13.000,4676700;
sz002218:3.580,3.460,3.710,3.460,51517026;
sz002219:2.780,2.690,2.780,2.670,47538252;
sz002221:10.170,9.940,10.470,9.800,79551802;
sz002224:7.900,7.660,8.030,7.660,49545769;
sz002225:3.950,4.000,4.090,3.950,7607240;
sz002226:5.050,5.120,5.200,4.990,17122154;
sz002227:12.000,12.190,12.650,11.850,5887257;
sz002228:3.640,3.720,3.780,3.610,13833479;
sz002229:8.800,9.250,9.470,8.800,35885433;
sz002231:8.000,7.810,8.330,7.800,25852486;
sz002232:11.150,11.920,11.920,11.000,52046156;
sz002234:30.070,30.760,30.990,29.900,26810926;
sz002235:10.880,10.590,11.010,10.460,51994622;
sz002239:6.400,5.680,6.680,5.540,612795016;
sz002240:9.070,9.190,9.410,9.030,24476050;
sz002243:13.850,13.890,14.450,13.710,11128900;
sz002245:5.470,5.350,5.760,5.300,57756400;
sz002246:9.100,8.880,9.280,8.820,19224938;
sz002247:2.500,2.550,2.560,2.490,28239000;
sz002248:7.210,7.430,7.470,7.200,3751677;
sz002250:16.590,15.990,16.590,15.920,10947926;
sz002256:2.430,2.510,2.470,2.400,64876135;
sz002261:12.140,11.980,12.820,11.930,82620053;
sz002262:11.700,11.500,11.740,11.480,13984775;
sz002264:4.220,4.290,4.310,4.190,6967026;
sz002265:8.900,8.810,9.030,8.740,4682500;
sz002266:4.000,4.070,4.100,3.970,21612161;
sz002267:6.250,6.380,6.380,6.210,5292638;
sz002270:4.410,4.510,4.690,4.400,9180514;
sz002975:120.000,115.470,122.800,115.000,3961185;
sz002278:5.760,5.850,5.880,5.730,4644240;
sz002280:3.320,3.410,3.450,3.320,171998702;
sz002282:7.280,7.610,7.570,7.220,3605568;
sz002286:6.650,6.640,6.820,6.580,6906418;
sz002288:6.730,6.300,6.870,6.300,136227944;
sz002291:25.500,24.610,25.500,24.600,27161638;
sz002292:8.210,8.170,8.330,8.060,23205842;
sz002295:7.100,7.100,7.320,7.030,2056201;
sz002296:8.450,8.340,8.580,8.290,23163947;
sz002297:6.380,6.260,6.560,6.260,16716442;
sz002298:10.000,9.870,10.280,10.000,35285309;
sz002303:5.400,5.450,5.650,5.370,37495828;
sz002308:7.700,7.020,7.890,6.930,101477459;
sz002309:6.520,6.560,6.800,6.500,11407520;
sz002310:4.660,4.790,4.940,4.640,39581163;
sz002312:5.100,5.330,5.450,5.050,78565888;
sz002313:21.700,22.390,23.850,21.500,17340683;
sz002314:2.880,2.930,2.990,2.860,16405636;
sz002316:8.680,8.420,8.860,8.340,23154075;
sz002317:14.110,13.620,14.140,13.620,31429839;
sz002318:8.940,9.030,9.320,8.900,24797161;
sz002319:8.050,8.020,8.300,7.910,2979000;
sz002320:14.050,14.370,15.080,13.880,24431807;
sz002326:16.630,16.500,17.280,15.600,138854555;
sz002329:4.580,4.610,4.680,4.520,8738736;
sz002330:6.770,6.780,6.900,6.730,10601121;
sz002332:10.180,10.090,10.300,10.020,19568887;
sz002334:4.290,4.400,4.470,4.270,17593290;
sz002335:24.510,23.100,24.750,23.020,15851981;
sz002338:15.170,14.270,15.540,14.200,11197380;
sz002339:6.340,6.330,6.510,6.290,6557070;
sz002341:7.750,7.480,7.960,7.400,110309950;
sz002342:3.040,3.090,3.130,3.000,21948601;
sz002345:3.770,3.810,3.840,3.760,11967609;
sz002346:11.520,11.420,11.710,11.360,3208600;
sz002347:5.530,5.140,5.530,5.110,70964295;
sz002348:3.510,3.410,3.570,3.380,31835260;
sz002349:6.300,6.050,6.300,6.020,18588637;
sz002350:6.190,6.190,6.430,6.120,11771060;
sz002354:2.600,2.710,2.670,2.560,39700559;
sz002358:6.140,6.190,6.240,6.100,12950347;
sz002360:5.150,5.320,5.300,5.130,7941776;
sz002361:4.560,4.680,4.830,4.500,28749277;
sz002362:20.000,19.860,20.100,19.500,14858746;
sz002363:6.800,7.100,7.140,6.760,19162551;
sz002364:13.100,12.370,13.320,12.150,25571430;
sz002366:6.130,6.240,6.460,6.100,24358402;
sz002369:11.450,10.980,11.660,10.850,58278401;
sz002370:7.430,7.210,7.590,7.110,34080945;
sz002378:4.880,4.940,5.130,4.880,15302769;
sz002379:4.100,4.090,4.140,4.050,22032158;
sz002380:14.510,14.410,14.720,14.280,4762827;
sz002381:8.230,8.600,8.450,8.210,14168884;
sz002385:7.750,7.160,7.880,7.120,305859871;
sz002387:15.100,14.560,15.300,14.510,17050274;
sz002389:15.210,14.050,15.350,14.050,52572233;
sz002390:5.520,5.430,5.550,5.420,24260900;
sz002391:9.680,9.870,10.190,9.630,34430526;
sz002392:4.010,4.010,4.190,3.950,48698622;
sz002395:27.600,26.840,27.850,26.300,1353000;
sz002397:4.420,4.790,4.610,4.380,18999516;
sz002399:25.820,25.080,26.250,25.080,7769897;
sz002400:2.960,3.080,3.210,2.950,92637253;
sz002401:11.780,11.750,11.910,11.550,6514762;
sz002402:17.650,16.660,18.200,16.390,98303941;
sz002403:9.070,9.100,9.250,9.000,5780023;
sz002406:5.900,5.900,5.990,5.850,8558846;
sz002407:13.950,13.600,14.440,13.500,45228391;
sz002408:6.380,6.430,6.490,6.300,14092126;
sz002409:43.000,41.150,44.440,40.480,15739069;
sz002410:43.600,42.480,43.690,42.260,11528130;
sz002411:13.750,13.300,14.100,13.230,76646195;
sz002412:8.870,8.670,8.980,8.640,8820777;
sz002413:9.900,9.320,10.070,9.320,105230548;
sz002416:7.860,7.670,7.910,7.500,36425641;
sz002417:9.000,8.650,9.300,8.400,44237283;
sz002418:2.940,3.090,3.230,2.880,138754510;
sz002426:2.510,2.400,2.530,2.380,220590796;
sz002429:6.720,6.300,6.970,6.230,389675499;
sz002430:14.370,14.130,14.650,14.130,15628577;
sz002431:2.610,2.690,2.820,2.590,30550802;
sz002433:4.980,4.990,5.040,4.960,15884759;
sz002437:2.980,2.940,2.990,2.930,43465807;
sz002438:8.400,8.250,8.730,8.250,10147965;
sz002446:9.300,9.000,9.500,8.900,69186190;
sz002448:5.760,5.490,5.870,5.450,32393855;
sz002451:8.800,8.820,9.250,8.730,14150474;
sz002452:5.590,5.540,5.680,5.410,12892149;
sz002453:5.280,5.170,5.340,5.150,15972616;
sz002454:5.810,5.920,6.170,5.770,16574936;
sz002457:7.470,7.720,7.850,7.440,12561388;
sz002459:16.830,16.770,17.360,16.490,17277900;
sz002464:6.870,6.600,6.870,6.560,32208233;
sz002466:37.010,35.880,37.940,35.350,90229719;
sz002467:8.760,8.280,9.170,8.190,208542951;
sz002469:3.970,4.140,4.190,3.900,10240596;
sz002471:2.270,2.520,2.520,2.250,33376495;
sz002472:5.350,5.330,5.420,5.270,5816938;
sz002474:9.300,9.100,9.450,9.030,26521454;
sz002476:6.410,6.500,6.470,6.350,13152379;
sz002478:5.430,5.530,5.560,5.400,7468364;
sz002480:5.390,5.460,5.750,5.260,108145755;
sz002481:13.020,12.460,13.220,12.220,92143400;
sz002483:6.700,6.350,6.700,6.310,76413136;
sz002486:4.310,4.320,4.500,4.100,155990341;
sz002489:4.550,4.540,4.640,4.500,20162534;
sz002490:3.360,3.380,3.450,3.280,5942200;
sz002491:6.310,6.160,6.600,6.130,40665966;
sz002492:5.230,5.280,5.430,5.200,13051955;
sz002493:10.580,10.710,10.800,10.540,7453201;
sz002495:2.690,2.740,2.750,2.680,7955129;
sz002496:2.660,2.750,2.850,2.650,31163137;
sz002497:10.600,10.100,10.830,10.000,63434883;
sz002498:2.960,3.040,3.080,2.940,60537202;
sz002502:3.000,2.970,3.080,2.970,13766101;
sz002503:3.000,3.000,3.000,2.730,99853747;
sz002504:2.860,3.100,2.930,2.810,46016383;
sz002505:1.740,1.900,1.810,1.730,340590415;
sz002506:5.850,5.720,6.100,5.710,132055281;
sz002967:42.030,40.600,42.030,40.250,5720365;
sz002512:6.850,6.960,7.160,6.780,75408195;
sz002513:6.220,6.070,6.330,6.050,7050181;
sz002514:5.060,5.120,5.160,5.030,11890210;
sz002515:4.980,5.040,5.080,4.950,24919753;
sz002517:2.940,3.250,3.110,2.920,235091702;
sz002519:4.470,4.450,4.680,4.370,40128055;
sz002520:7.520,7.480,7.740,7.470,4825080;
sz002523:2.790,2.850,2.880,2.780,14503553;
sz002524:9.180,8.980,9.350,8.980,22862080;
sz002526:2.170,2.420,2.420,2.140,198547828;
sz002527:6.760,6.530,7.230,6.500,51524628;
sz002528:5.640,5.260,5.640,5.190,34271182;
sz002530:16.050,15.400,16.400,15.380,21294746;
sz002532:5.960,6.140,6.380,5.960,9600468;
sz002538:4.800,4.830,4.950,4.770,19286685;
sz002540:4.830,5.420,5.300,4.800,41927157;
sz002541:11.650,12.410,12.070,11.520,19031000;
sz002544:17.660,17.190,18.000,17.010,22992744;
sz002545:6.290,6.430,6.440,6.190,18135616;
sz002548:8.500,8.770,8.860,8.460,30110048;
sz002550:4.670,4.600,4.720,4.600,12488729;
sz002551:7.150,6.850,7.280,6.720,69683369;
sz002552:20.570,21.090,22.140,20.410,14032127;
sz002553:5.530,5.490,5.600,5.460,16171916;
sz002554:2.750,2.850,2.850,2.730,19215458;
sz002562:6.070,5.740,6.090,5.740,41284685;
sz002564:4.640,4.760,4.740,4.600,19058759;
sz002575:6.870,7.130,6.910,6.700,16204573;
sz002576:9.310,9.320,9.400,9.220,4048650;
sz002577:11.920,11.760,12.140,11.620,7679986;
sz002581:9.220,8.870,9.230,8.780,37831040;
sz002584:7.090,6.730,7.160,6.670,44740703;
sz002585:5.330,5.220,5.630,5.200,49421343;
sz002587:8.060,7.980,8.340,7.930,22574557;
sz002591:9.550,9.350,9.730,9.320,9928320;
sz002592:12.280,12.210,12.440,12.000,4057648;
sz002596:6.470,7.000,7.030,6.440,89649409;
sz002605:33.340,33.800,33.680,32.370,17068987;
sz002610:1.580,1.650,1.770,1.570,343645479;
sz002615:4.980,5.000,5.090,4.900,3992705;
sz002616:8.200,8.280,8.400,8.140,4717012;
sz002617:8.200,7.030,8.200,6.980,227473785;
sz002618:14.640,13.560,14.800,13.560,31445424;
sz002619:2.900,2.960,2.990,2.870,49234735;
sz002622:3.590,3.610,3.760,3.570,31527076;
sz002623:45.200,44.000,46.800,43.510,5144600;
sz002624:50.020,49.010,50.270,47.200,26435280;
sz002625:9.530,9.290,9.820,9.210,44790434;
sz002627:9.000,8.960,9.150,8.800,3807530;
sz002630:2.230,2.440,2.410,2.220,97293378;
sz002631:8.790,9.140,9.650,8.670,29683131;
sz002634:5.360,5.310,5.440,5.300,12899087;
sz002636:11.080,10.080,11.490,10.010,49123518;
sz002637:10.700,10.400,10.850,10.350,8001812;
sz002638:3.200,3.150,3.270,3.120,32534953;
sz002639:10.050,9.570,10.280,9.500,74316259;
sz002641:5.970,6.120,6.040,5.870,25187307;
sz002644:8.190,7.990,8.200,7.970,7452290;
sz002650:3.280,3.320,3.330,3.250,14631980;
sz002651:4.500,4.560,4.650,4.420,6001035;
sz002652:3.550,3.660,3.720,3.520,8618074;
sz002653:23.910,23.000,24.110,22.810,5116530;
sz002654:5.200,5.130,5.260,5.080,23214800;
sz002656:2.400,2.430,2.470,2.380,19171072;
sz002658:6.610,6.580,6.720,6.540,3256202;
sz002659:6.380,6.540,6.690,6.250,28984722;
sz002660:9.270,9.250,9.490,9.200,13023265;
sz002662:3.900,3.940,3.940,3.790,34699841;
sz002663:2.450,2.520,2.540,2.420,30448365;
sz002664:16.600,16.500,17.490,16.400,17234775;
sz002665:3.220,3.220,3.320,3.210,69292832;
sz002669:18.600,18.200,19.000,17.800,16354325;
sz002670:11.680,11.890,12.350,11.610,45040132;
sz002674:9.180,9.220,9.370,9.100,2393615;
sz002676:2.860,2.970,3.010,2.830,18955118;
sz002678:7.680,7.480,7.680,7.440,1536316;
sz002679:15.780,15.470,16.070,15.410,2629434;
sz002685:6.790,6.620,6.860,6.560,11960138;
sz002688:7.990,7.740,8.230,7.730,31123972;
sz002689:3.320,3.350,3.430,3.250,12670371;
sz002693:5.700,5.430,5.700,5.410,12315919;
sz002695:15.240,15.470,15.530,15.180,12357491;
sz002698:11.200,11.050,11.440,10.960,12452056;
sz002700:6.450,6.280,6.450,6.210,7835557;
sz002702:4.090,4.130,4.150,4.060,14290288;
sz002703:5.680,5.380,5.860,5.360,52231758;
sz002708:7.300,7.360,7.760,7.150,13409201;
sz002709:29.580,28.130,29.950,27.980,16409556;
sz002712:6.680,6.700,6.850,6.610,10312525;
sz002713:7.640,8.240,8.240,7.510,13298590;
sz002715:21.200,21.200,21.600,20.960,1696815;
sz002717:5.450,5.340,5.670,5.300,59241431;
sz002719:9.090,9.150,9.330,9.030,2047380;
sz002721:5.040,5.030,5.090,4.980,17169903;
sz002722:13.220,13.390,13.520,13.190,2878734;
sz002723:8.530,8.740,8.850,8.530,3424993;
sz002724:7.750,7.850,8.150,7.730,14418798;
sz002725:12.700,11.610,13.230,11.420,33574342;
sz002728:16.980,17.700,16.980,16.600,3156054;
sz002729:44.390,43.990,44.590,43.140,449400;
sz002730:7.880,7.920,8.030,7.730,3623580;
sz002732:19.910,19.900,20.070,19.730,1913448;
sz002734:14.310,14.250,14.760,14.250,5689194;
sz002735:18.310,18.170,18.560,17.900,2047490;
sz002736:12.520,12.600,12.820,12.440,32438684;
sz002737:15.300,15.100,15.360,15.050,10296374;
sz002738:18.000,17.900,18.210,17.380,7571941;
sz002742:6.300,6.210,6.530,6.190,9850450;
sz002748:6.850,6.890,7.030,6.750,1535700;
sz002750:11.460,11.620,11.690,11.360,10470264;
sz002751:27.220,27.400,29.080,27.140,9929507;
sz002753:6.910,7.100,7.060,6.810,3102725;
sz002755:16.300,15.870,16.300,15.760,5047015;
sz002756:22.160,21.620,22.550,21.510,5389832;
sz002758:10.950,10.910,11.120,10.880,5897462;
sz002759:8.950,9.200,9.380,8.850,9668586;
sz002760:17.850,17.960,18.370,17.830,1353900;
sz002761:9.520,9.340,9.700,9.180,14621688;
sz002763:7.950,7.980,8.090,7.950,2558424;
sz002765:4.690,4.790,4.850,4.690,6747806;
sz002767:13.300,13.290,13.650,13.100,1207897;
sz002769:7.780,7.920,8.050,7.710,6374050;
sz002770:2.210,2.290,2.360,2.160,31341281;
sz002771:13.600,13.170,13.850,13.110,9939145;
sz002772:6.840,6.870,6.980,6.840,5862067;
sz002778:22.740,24.040,23.860,22.740,2207396;
sz002780:20.580,20.810,21.040,20.330,5269678;
sz002781:15.500,15.760,15.750,15.500,1930500;
sz002782:10.800,10.590,10.820,10.510,5338308;
sz002783:11.320,11.260,11.690,11.200,14668546;
sz002785:14.100,13.980,14.270,13.910,1912800;
sz002786:9.100,8.880,9.200,8.870,21811562;
sz002787:7.560,7.410,7.560,7.310,3994962;
sz002790:6.120,6.170,6.370,6.060,3669552;
sz002789:14.520,14.840,14.750,14.320,3426540;
sz002792:31.880,32.050,33.290,31.240,25661683;
sz002791:54.560,56.700,57.900,54.510,2220414;
sz002793:14.230,13.880,14.230,13.830,11423735;
sz002795:13.570,13.930,14.890,13.520,8806400;
sz002796:45.880,45.070,48.190,44.030,25168126;
sz002797:7.990,8.190,8.800,7.920,354165764;
sz002800:25.220,25.790,26.170,25.180,4087435;
sz002799:18.600,18.510,19.470,18.460,3691050;
sz002801:36.890,36.080,37.170,35.800,1782000;
sz002802:19.520,19.730,20.200,19.500,830581;
sz002805:15.150,14.860,15.580,14.750,12129108;
sz002803:41.040,40.300,42.850,40.010,5004813;
sz002806:14.970,14.180,15.180,14.180,8522816;
sz002808:9.630,9.350,9.700,9.240,8063648;
sz002809:16.260,16.410,16.720,16.150,2229487;
sz002810:18.680,18.670,19.070,18.600,3603215;
sz002602:14.390,13.820,14.390,13.810,64060116;
sz002807:4.280,4.340,4.430,4.260,25452046;
sz002811:14.200,14.550,14.940,14.200,2266500;
sz002813:31.650,31.650,31.650,30.620,8943137;
sz002816:21.700,21.440,21.770,21.440,828373;
sz002817:24.400,24.290,24.560,23.900,1972240;
sz002819:27.040,26.190,27.410,25.970,6640330;
sz002820:10.480,10.550,10.710,10.450,1744705;
sz002823:14.450,13.640,14.450,13.310,13491158;
sz002825:12.190,12.340,12.600,12.040,1004477;
sz002822:10.350,10.360,10.710,10.280,23693001;
sz002828:9.940,10.040,10.280,10.060,6965850;
sz002826:10.660,10.510,10.720,10.460,2955226;
sz002827:9.990,9.810,10.380,10.030,4126556;
sz002829:32.100,33.050,34.980,31.980,8730634;
sz002830:11.850,12.030,12.290,11.770,2264300;
sz002831:29.000,27.590,29.010,26.860,7764797;
sz002835:12.600,12.520,13.160,12.210,6405464;
sz002833:43.870,44.000,45.360,43.700,1542202;
sz002836:10.730,10.790,11.130,10.580,1635330;
sz002837:47.000,48.070,51.250,46.380,15739942;
sz002838:29.760,29.760,29.760,28.510,60237023;
sz002824:18.580,18.580,18.580,18.580,2056795;
sz002842:10.680,10.750,11.230,10.680,6533449;
sz002843:7.650,7.570,7.680,7.460,2347670;
sz002839:5.360,5.560,5.620,5.330,55185268;
sz002845:20.610,20.600,21.450,20.150,7793111;
sz002846:21.240,20.850,21.480,20.820,2483860;
sz002848:13.790,13.470,14.370,13.230,12710423;
sz002849:14.000,14.250,14.550,13.860,5038188;
sz002868:16.700,16.600,16.890,16.510,1116800;
sz002774:7.410,7.230,7.610,7.210,11912264;
sz002840:14.880,14.880,14.980,14.730,1991581;
sz002858:13.650,13.890,14.180,13.650,1649169;
sz002850:68.000,65.660,71.660,64.750,8029607;
sz002857:11.600,11.590,12.060,11.510,1160360;
sz002855:15.130,14.300,15.390,14.170,9995115;
sz002856:17.820,19.000,19.400,17.820,6454022;
sz002853:16.350,16.780,16.850,16.350,2413401;
sz002863:5.010,5.070,5.180,4.970,5100900;
sz002865:14.390,14.580,14.840,14.210,6027323;
sz002866:17.090,16.390,17.310,16.190,7965520;
sz002861:32.770,32.470,33.720,32.060,3032544;
sz002860:23.690,23.130,24.040,23.020,3961088;
sz002862:21.710,21.830,22.590,21.710,1179116;
sz002859:49.990,48.800,52.280,45.580,6380006;
sz001979:17.300,17.710,18.130,17.300,17002351;
sz002871:17.880,18.160,18.310,17.780,1459370;
sz002870:22.730,22.480,23.380,22.430,2397500;
sz002872:5.300,5.260,5.380,5.250,4190142;
sz002873:17.160,16.930,17.350,16.890,1817500;
sz002876:62.990,58.500,63.980,58.500,5541774;
sz002875:13.780,14.200,14.260,13.780,1809702;
sz002877:8.190,8.290,8.460,8.100,6383058;
sz002878:42.660,40.220,42.980,39.820,2844084;
sz002880:65.130,62.690,65.670,62.560,1905556;
sz002883:18.540,19.430,19.390,18.510,3139824;
sz002881:27.380,26.500,27.730,26.460,4641606;
sz002886:26.850,25.730,28.120,25.590,10541084;
sz002885:18.900,21.410,20.680,18.880,19323379;
sz002879:16.900,16.460,17.250,16.410,3156198;
sz002882:10.130,9.950,10.230,10.020,4433190;
sz002889:27.690,26.810,27.810,26.800,4133100;
sz002887:14.930,15.340,15.990,14.810,3943200;
sz002890:35.660,35.000,37.600,34.990,2116276;
sz002892:26.000,27.000,26.760,25.020,6372039;
sz002891:26.450,25.520,26.800,25.500,2647260;
sz002895:11.980,12.350,12.440,11.980,10567661;
sz002896:23.420,23.910,24.710,23.420,1823800;
sz002897:32.380,30.290,32.920,30.290,11461500;
sz002898:13.550,13.330,13.670,13.300,1597722;
sz002893:10.690,10.650,11.000,10.580,2629525;
sz002906:18.350,18.350,18.350,18.350,1919621;
sz002903:13.590,13.710,13.860,13.400,5422440;
sz002905:14.260,14.420,14.520,14.050,7840083;
sz002907:19.500,18.720,19.670,18.620,7225373;
sz002909:11.490,11.460,11.650,11.360,3619818;
sz002910:10.330,10.510,10.790,10.330,3531632;
sz002864:28.350,27.950,28.650,27.800,1508800;
sz002912:180.000,170.950,182.000,170.000,2322328;
sz002911:14.590,14.380,14.680,14.330,2464170;
sz002915:29.200,27.910,29.570,27.510,8640220;
sz002917:15.270,15.130,15.660,15.000,3542047;
sz002919:14.340,14.250,14.440,14.120,3344114;
sz002920:45.000,43.800,47.500,42.660,11900214;
sz002921:17.910,17.940,18.450,17.800,1502864;
sz002922:14.120,14.200,14.490,14.120,2962520;
sz002923:18.310,17.870,18.370,17.780,4371679;
sz002927:18.190,18.330,18.490,17.810,4470311;
sz002929:30.500,30.510,32.300,30.160,13089348;
sz002930:13.660,13.650,14.100,13.570,5369394;
sz002931:26.300,26.370,27.010,26.270,1364956;
sz002932:39.960,38.620,39.960,38.450,1720953;
sz002935:36.550,34.360,37.180,34.000,7703517;
sz002936:4.150,4.220,4.280,4.140,26503295;
sz002937:15.990,15.630,16.260,15.600,7589867;
sz002940:44.200,41.800,44.400,41.550,2100079;
sz002939:13.690,13.920,14.260,13.650,106659425;
sz002941:15.800,17.790,17.790,15.740,19967100;
sz002943:32.880,32.340,34.550,32.030,16506574;
sz002942:27.000,27.060,27.840,26.900,1680478;
sz002952:31.980,31.140,32.100,30.870,1677648;
sz002948:5.320,5.410,5.530,5.300,24311445;
sz002945:14.800,14.920,15.460,14.710,49212028;
sz002949:18.470,18.910,19.750,18.250,5658305;
sz002958:5.600,5.770,5.970,5.560,56935470;
sz002955:72.550,72.660,76.500,72.270,4831357;
sz002956:46.500,47.140,47.000,46.000,865066;
sz002957:31.760,30.770,32.230,30.600,4349621;
sz002960:24.510,24.580,24.980,24.400,2786578;
