sh600048:15.450,15.900,15.780,15.390,95305965;
sh600053:25.960,27.190,26.170,25.550,10868275;
sh600061:12.940,13.230,13.170,12.930,33210271;
sh600063:3.580,3.540,3.590,3.500,12905699;
sh600071:10.020,9.890,10.140,10.030,2099893;
sh600076:3.840,3.840,3.870,3.820,7441312;
sh600077:2.750,2.770,2.770,2.720,5877325;
sh600078:4.640,4.910,4.690,4.580,50521877;
sh600079:15.550,14.940,15.900,14.810,25424219;
sh600081:10.440,10.540,10.550,10.420,4008106;
sh600082:3.390,3.430,3.420,3.380,2811200;
sh600090:4.420,4.380,4.450,4.350,15374880;
sh600101:6.050,6.170,6.260,6.030,4943230;
sh600111:9.750,9.810,9.840,9.690,35723824;
sh600113:6.250,6.350,6.300,6.240,4704698;
sh600115:4.780,4.840,4.820,4.750,25658349;
sh600120:9.350,9.350,9.400,9.110,21851992;
sh600146:11.030,10.870,11.200,10.790,8173933;
sh600151:4.160,4.150,4.190,4.100,11190388;
sh600156:4.580,4.500,4.660,4.470,10447801;
sh600160:6.550,6.620,6.560,6.460,24918678;
sh600161:39.370,39.370,39.370,38.890,38603641;
sh600162:2.010,2.020,2.030,2.000,11682396;
sh600169:1.900,1.920,1.910,1.890,9686969;
sh600175:1.420,1.430,1.430,1.410,61065406;
sh600197:13.800,13.780,13.880,13.650,3905691;
sh600199:5.250,5.250,5.290,5.210,5258094;
sh600200:10.250,9.560,10.700,10.090,125717767;
sh600203:6.080,6.250,6.230,6.040,11452658;
sh600206:14.100,15.350,15.510,14.020,141914559;
sh600207:4.400,4.310,4.400,4.290,7150042;
sh600208:3.360,3.380,3.410,3.330,102648948;
sh600213:7.700,7.650,7.780,7.560,6344806;
sh600218:10.380,10.340,10.530,10.250,18643160;
sh600221:1.520,1.520,1.530,1.500,56031919;
sh600223:8.950,8.690,8.950,8.530,35528770;
sh600226:2.780,2.800,2.810,2.740,54733818;
sh600227:2.650,2.640,2.670,2.620,7218307;
sh600235:4.520,4.530,4.580,4.490,6560200;
sh600236:4.650,4.660,4.650,4.560,3691175;
sh600242:7.340,7.280,7.400,7.230,11260200;
sh600246:5.090,5.130,5.130,5.060,4053536;
sh600262:16.080,15.900,16.220,15.790,299996;
sh600266:7.180,7.290,7.250,7.180,11215187;
sh600267:14.960,15.610,15.970,14.800,102582428;
sh600268:4.640,4.610,4.700,4.570,6662771;
sh600278:9.720,9.620,9.770,9.600,4788200;
sh600279:3.770,3.770,3.770,3.730,2846364;
sh600283:8.940,8.910,8.970,8.880,825349;
sh600285:9.640,9.450,9.740,9.430,8926800;
sh600288:12.090,12.130,12.190,12.040,4560731;
sh600291:7.280,7.380,7.330,7.240,12066116;
sh600293:2.760,2.740,2.780,2.710,8281084;
sh600300:2.990,3.000,3.000,2.960,17005401;
sh600310:3.890,3.850,3.910,3.840,5117610;
sh600311:2.900,2.880,2.930,2.840,40032967;
sh600313:3.050,3.110,3.090,3.020,55179596;
sh600317:2.180,2.190,2.180,2.170,8274349;
sh600322:2.570,2.600,2.580,2.550,15666547;
sh600323:19.210,19.130,19.360,19.060,6083251;
sh600326:6.630,6.710,6.730,6.610,13232764;
sh600336:4.520,4.590,4.580,4.520,11037100;
sh600337:4.160,4.120,4.170,4.110,11881600;
sh600338:10.850,10.910,10.940,10.770,12604980;
sh600339:2.880,2.870,2.880,2.850,15244087;
sh600351:5.870,5.780,5.990,5.780,15562912;
sh600353:5.110,5.200,5.190,5.080,9228020;
sh600354:5.100,5.120,5.110,4.940,54749454;
sh600355:3.150,3.100,3.190,3.060,28288192;
sh600360:7.540,7.930,8.140,7.540,131553673;
sh600363:14.200,14.360,14.730,14.180,11899203;
sh600366:5.730,5.830,5.870,5.690,24779093;
sh600371:11.600,12.000,11.790,11.440,21144872;
sh600375:4.050,4.050,4.060,4.020,4097061;
sh600381:4.910,4.860,4.920,4.830,3425684;
sh600392:7.530,7.670,7.720,7.520,24965389;
sh600393:2.670,2.700,2.710,2.660,14698756;
sh600398:6.970,7.060,7.170,6.940,8425234;
sh600419:11.280,11.260,11.320,11.190,2517034;
sh600425:3.500,3.580,3.550,3.460,24879620;
sh600429:4.940,4.890,4.960,4.880,2246580;
sh600449:10.000,10.310,10.130,10.070,11861413;
sh600455:26.690,26.740,27.150,26.500,3106666;
sh600463:6.070,6.070,6.110,6.010,1521300;
sh600466:6.890,7.050,7.040,6.820,27569829;
sh600467:2.210,2.200,2.220,2.180,11086701;
sh600476:12.740,12.800,12.910,12.740,2601450;
sh600478:4.400,4.350,4.440,4.300,19166181;
sh600479:9.120,9.020,9.190,8.970,12593454;
sh600480:9.600,9.100,9.720,9.100,27834628;
sh600481:2.970,2.940,2.970,2.940,3038803;
sh600488:4.760,4.650,4.830,4.630,14961445;
sh600495:3.650,3.680,3.690,3.630,7924812;
sh600499:4.470,4.480,4.510,4.410,10823658;
sh600501:8.320,8.370,8.380,8.250,6625549;
sh600503:3.150,3.170,3.180,3.140,21102882;
sh600505:7.930,7.940,8.000,7.890,2592684;
sh600506:8.780,8.900,8.940,8.780,1936301;
sh600517:6.560,6.800,6.940,6.530,30467856;
sh600520:9.520,9.650,10.190,9.500,2664430;
sh600525:5.020,5.010,5.080,4.990,11878323;
sh600526:5.160,5.180,5.220,5.150,2727557;
sh600527:2.760,2.660,2.770,2.620,59835117;
sh600530:4.060,4.050,4.130,4.030,5398950;
sh600533:3.060,3.080,3.070,3.030,13823427;
sh600537:3.200,3.160,3.220,3.090,43513451;
sh600549:13.200,13.060,13.310,12.970,26603225;
sh600559:9.520,9.470,9.590,9.400,12670076;
sh600562:13.910,14.070,14.070,13.850,4512139;
sh600568:1.710,1.700,1.760,1.690,54906740;
sh600573:5.760,5.730,5.790,5.690,2786775;
sh600587:17.280,16.980,17.430,16.930,9445671;
sh600593:38.950,38.730,38.990,38.560,638039;
sh600596:9.340,9.640,9.340,9.120,37754243;
sh600601:3.030,3.070,3.050,3.020,15358433;
sh600602:8.850,9.350,9.250,8.760,51927775;
sh600603:4.810,4.880,4.910,4.810,3791740;
sh600604:7.300,7.320,7.340,7.180,19366917;
sh600613:7.910,7.710,8.000,7.690,10305357;
sh600623:5.840,5.840,5.860,5.780,6918470;
sh600624:10.440,10.270,10.790,10.200,64964518;
sh600626:6.010,6.050,6.140,6.010,11607638;
sh600628:7.670,7.760,7.760,7.630,994257;
sh600630:8.780,8.400,8.780,8.350,23463558;
sh600638:5.390,5.460,5.430,5.350,2846460;
sh600639:12.650,12.690,12.740,12.600,1308233;
sh600640:20.770,20.820,21.150,20.590,13538398;
sh600641:21.000,21.880,22.620,20.950,27723481;
sh600644:4.870,4.890,4.900,4.850,1817313;
sh600645:17.780,17.700,18.290,17.480,8664706;
sh600647:12.130,12.050,12.130,11.860,1151500;
sh600649:4.950,5.130,4.970,4.920,18747889;
sh600651:3.260,3.250,3.280,3.230,8182215;
sh600661:18.980,18.800,19.190,18.720,6867844;
sh600662:3.970,3.960,4.000,3.950,3761542;
sh600668:14.260,14.400,14.380,14.250,7604248;
sh603179:22.660,22.100,22.950,21.640,4045480;
sh600671:12.020,11.980,12.160,11.920,2051100;
sh600677:5.290,5.290,5.390,5.290,30716578;
sh600678:6.910,7.380,7.110,6.800,50607819;
sh600682:9.400,9.320,9.520,9.230,12073340;
sh600683:3.730,3.750,3.770,3.720,2018897;
sh600684:3.150,3.180,3.200,3.130,3745121;
sh600689:8.540,8.430,8.540,8.350,2020200;
sh600693:4.980,4.940,4.980,4.910,2296100;
sh600695:7.380,8.040,7.430,7.310,67562138;
sh600697:15.570,15.530,15.700,15.380,1022526;
sh600706:7.320,7.320,7.350,7.270,1551061;
sh600708:3.020,3.080,3.050,3.010,24010990;
sh600711:5.100,5.190,5.230,5.080,107134911;
sh600712:6.540,6.770,6.830,6.480,49998599;
sh600716:3.750,3.800,3.800,3.750,3497038;
sh600719:4.040,4.060,4.100,4.030,1882760;
sh600724:3.140,3.150,3.170,3.130,2284600;
sh600730:4.520,4.530,4.580,4.510,6787552;
sh600734:4.820,4.720,4.820,4.690,12579638;
sh600736:5.140,5.240,5.200,5.110,20294444;
sh600737:8.180,8.330,8.300,8.180,13652646;
sh600744:2.260,2.250,2.270,2.250,3180300;
sh600746:7.540,7.390,7.560,7.300,9423922;
sh600748:4.880,5.040,4.970,4.880,14092074;
sh603893:22.450,22.450,22.450,22.450,124278;
sh600755:6.740,6.730,6.760,6.700,9098343;
sh600756:20.730,20.750,20.890,20.550,15010681;
sh600764:25.900,26.800,26.920,25.810,4249867;
sh600770:4.900,5.100,5.340,4.870,28861179;
sh600771:14.800,15.030,15.250,14.760,7521481;
sh600773:5.400,5.450,5.470,5.380,6086110;
sh600777:1.910,1.910,1.920,1.890,41073759;
sh600783:13.170,13.280,13.270,13.100,9675075;
sh600784:4.400,4.370,4.410,4.350,2878280;
sh600785:13.700,13.650,13.700,13.450,277101;
sh600796:5.720,5.870,5.730,5.580,16403704;
sh600800:4.890,4.820,4.890,4.790,5796325;
sh600802:9.700,10.150,9.950,9.610,42740435;
sh600808:2.730,2.750,2.740,2.710,13909323;
sh600818:10.990,10.850,10.990,10.670,1307204;
sh600819:4.980,4.900,4.980,4.850,10101300;
sh600821:3.940,3.990,3.970,3.920,2597000;
sh600822:9.440,9.290,9.450,9.260,3377866;
sh600824:3.010,3.000,3.020,2.990,3021558;
sh600825:4.850,4.910,4.910,4.830,7146202;
sh600828:3.910,3.910,3.920,3.880,3894011;
sh600829:8.280,8.040,8.290,8.000,10312453;
sh600830:4.990,5.120,5.100,4.960,10069060;
sh600831:9.000,9.020,9.060,8.890,29586635;
sh600833:10.630,10.500,10.840,10.470,4929253;
sh600834:6.160,6.160,6.190,6.140,788100;
sh600836:4.150,4.130,4.170,4.090,5206838;
sh600838:5.270,5.260,5.300,5.260,1789736;
sh600841:6.410,6.320,6.410,6.290,673387;
sh600843:7.330,7.260,7.370,7.250,1232460;
sh600846:8.730,8.800,8.810,8.690,15894046;
sh600851:8.260,8.020,8.280,7.980,6147200;
sh600853:3.020,3.020,3.050,3.000,3922290;
sh600854:3.280,3.310,3.340,3.280,3046919;
sh600855:11.170,11.080,11.240,10.950,3650169;
sh600857:9.390,9.440,9.420,9.320,609549;
sh600860:4.550,4.550,4.570,4.450,4213900;
sh600861:8.570,8.590,8.620,8.520,960751;
sh600862:12.600,12.500,12.760,12.300,21697314;
sh600864:6.720,6.870,6.840,6.700,39601563;
sh600865:5.870,5.870,5.900,5.830,1475754;
sh600866:5.710,5.590,5.880,5.510,53998222;
sh600867:11.650,11.610,11.770,11.530,22437702;
sh600868:3.170,3.170,3.200,3.160,14383066;
sh600869:4.090,4.080,4.110,4.060,26209736;
sh600871:2.110,2.120,2.130,2.110,14580750;
sh600874:6.920,6.890,6.930,6.820,3824061;
sh600876:15.260,15.190,15.690,14.930,17926996;
sh600879:6.800,6.810,6.880,6.720,96394212;
sh600880:3.610,3.570,3.630,3.560,7267693;
sh600882:17.030,17.160,17.270,16.840,2603513;
sh600885:35.730,35.390,36.180,34.700,7482140;
sh600888:4.120,4.210,4.170,4.110,11202949;
sh600889:4.440,4.390,4.440,4.360,2770532;
sh600894:6.600,6.610,6.630,6.550,4075600;
sh600898:6.460,7.000,6.640,6.400,10452271;
sh600917:6.500,6.500,6.520,6.460,2976649;
sh600959:3.720,3.760,3.740,3.690,18128430;
sh600962:7.040,7.040,7.170,6.990,1682200;
sh600965:7.370,7.420,7.420,7.320,4195539;
sh600966:6.750,6.840,6.800,6.710,14081790;
sh600973:3.900,3.910,3.960,3.840,7259538;
sh600976:16.420,16.270,16.480,16.150,2770398;
sh600980:12.040,12.060,12.160,12.010,2956103;
sh600981:3.320,3.300,3.330,3.270,6851301;
sh600982:2.700,2.710,2.720,2.690,2369450;
sh600983:4.280,4.300,4.280,4.250,957461;
sh600986:4.080,4.100,4.210,4.050,60200717;
sh600988:7.180,7.090,7.350,7.050,136591004;
sh600990:42.450,43.030,43.210,42.350,1836479;
sh600992:6.090,6.130,6.150,6.070,1067298;
sh601002:5.120,5.110,5.150,5.080,4800991;
sh601008:3.420,3.420,3.460,3.400,6142108;
sh601016:2.260,2.260,2.270,2.230,26544571;
sh601069:14.700,14.590,14.890,14.380,16284259;
sh601100:50.420,52.660,52.400,50.420,4916565;
sh601106:2.660,2.650,2.680,2.640,12955995;
sh601118:4.270,4.260,4.320,4.240,17358043;
sh601126:5.150,5.150,5.210,5.110,2480937;
sh601168:6.260,6.610,6.430,6.240,61012842;
sh601199:3.700,3.630,3.710,3.610,6376748;
sh601222:5.100,5.030,5.150,4.990,32449652;
sh601226:3.770,3.750,3.770,3.720,2136250;
sh601233:13.610,13.820,13.870,13.610,15681486;
sh601311:9.410,9.610,9.720,9.360,19971989;
sh601339:3.610,3.590,3.630,3.580,2964593;
sh601388:1.680,1.690,1.700,1.670,15277728;
sh601515:6.140,6.090,6.150,6.030,4402842;
sh601567:7.770,7.700,7.770,7.650,6141627;
sh601608:3.500,3.510,3.660,3.490,24052354;
sh601616:2.730,2.730,2.750,2.720,3872500;
sh601677:10.940,11.000,11.090,10.910,4178105;
sh601689:25.300,24.800,25.530,24.300,17941933;
sh601700:5.380,5.400,5.500,5.330,16251707;
sh601727:4.600,4.610,4.640,4.570,13065322;
sh601789:3.730,3.700,3.740,3.660,16880072;
sh601799:93.780,93.860,95.490,93.000,1103733;
sh601818:3.860,3.890,3.890,3.850,69753787;
sh601866:2.180,2.190,2.190,2.160,13155900;
sh601958:6.900,7.230,7.090,6.860,43464576;
sh601968:4.690,4.680,4.700,4.650,2417800;
sh601996:2.510,2.510,2.520,2.490,6549923;
sh603002:4.640,4.540,4.640,4.510,22504071;
sh603003:7.060,6.900,7.060,6.860,5432801;
sh603006:10.150,10.390,10.350,10.120,2295837;
sh603009:6.370,6.990,6.990,6.350,10165494;
sh603010:13.450,13.390,13.860,13.280,10995572;
sh603015:5.620,5.540,5.620,5.500,1145731;
sh603017:9.730,9.590,9.750,9.540,1445208;
sh603018:9.670,9.680,9.750,9.590,2997903;
sh603020:7.620,7.660,7.700,7.400,2148736;
sh603021:6.670,6.590,6.750,6.560,3770268;
sh603022:17.390,17.250,18.380,17.210,7768950;
sh603023:4.200,4.200,4.260,4.180,3502655;
sh603025:8.210,8.260,8.310,8.160,2164837;
sh603085:6.600,6.540,6.670,6.510,3597770;
sh603088:8.750,8.640,8.750,8.580,1387932;
sh603099:7.920,7.900,7.990,7.800,1202700;
sh603108:10.730,10.790,11.070,10.710,6829658;
sh603111:6.260,6.220,6.480,6.150,21812307;
sh603116:5.750,5.700,5.750,5.680,1734990;
sh603117:3.470,3.500,3.530,3.470,5167360;
sh603123:6.710,6.620,6.750,6.580,2756744;
sh603126:4.270,4.250,4.280,4.230,2268208;
sh603158:26.480,24.990,26.770,24.440,11168470;
sh603168:8.250,8.310,8.390,8.240,2731693;
sh603222:52.890,53.050,53.410,52.630,428500;
sh603227:4.390,4.320,4.390,4.280,8849568;
sh603268:15.150,15.220,15.230,15.040,980859;
sh603299:6.120,6.110,6.140,6.070,4924893;
sh603300:6.680,6.730,6.720,6.610,12345720;
sh603308:17.020,16.810,17.120,16.560,4845318;
sh603318:8.970,8.860,9.000,8.810,10703774;
sh603333:7.120,7.140,7.190,7.080,9296050;
sh603366:6.030,6.060,6.160,6.010,22980299;
sh603456:16.300,16.480,16.700,16.170,35530641;
sh603508:53.300,53.010,53.830,52.660,1580837;
sh603519:13.210,13.300,13.450,13.120,1182286;
sh603566:17.790,17.420,17.790,17.280,2435000;
sh603568:28.000,27.970,28.320,27.800,3161895;
sh603600:11.800,11.750,11.800,11.600,4103513;
sh603601:10.510,10.240,10.740,10.030,62046237;
sh603609:11.250,11.360,11.500,11.170,7932427;
sh603611:18.240,19.880,19.490,18.070,13032116;
sh603616:6.910,6.950,7.030,6.800,2094350;
sh603618:4.780,4.840,4.860,4.780,3336900;
sh603688:24.800,26.250,26.580,24.800,13286179;
sh603703:15.190,15.120,15.270,14.900,1847472;
sh603789:13.760,13.950,13.870,13.730,2276270;
sh603800:11.200,11.180,11.250,11.100,1115900;
sh603808:12.710,12.840,12.770,12.610,4566895;
sh603818:7.000,6.970,7.000,6.940,1649300;
sh603838:7.330,7.410,7.370,7.290,1306948;
sh603918:10.650,10.770,10.880,10.650,2478660;
sh603936:21.780,22.930,22.870,21.500,23367252;
sh603968:14.250,14.200,14.250,14.120,1173100;
sh603989:26.750,28.510,29.100,26.640,5791816;
sh603997:7.480,7.550,7.700,7.470,2248900;
sh603998:7.500,7.430,7.570,7.390,6123153;
sh603999:6.830,6.790,6.830,6.660,9772201;
sh600127:4.330,4.500,4.480,4.300,62361062;
sh603377:16.340,16.450,16.600,16.250,1954127;
sh601900:12.510,12.150,12.960,11.810,28538294;
sh603919:14.340,14.490,14.500,14.260,2873591;
sh603861:7.580,7.530,7.610,7.500,996241;
sh603028:10.620,10.650,10.840,10.560,1107058;
sh603798:10.090,10.160,10.220,10.050,2090400;
sh603701:11.020,11.060,11.150,11.020,4912380;
sh603726:20.660,22.630,21.450,20.370,6839768;
sh603528:6.940,6.960,7.030,6.900,4185725;
sh603339:12.150,12.170,12.400,12.140,992400;
sh603131:21.020,24.750,22.840,21.020,23608294;
sh603016:16.400,16.100,16.400,16.060,1289528;
sh603069:11.950,11.610,12.000,11.500,4851239;
sh600936:3.590,3.590,3.610,3.550,4460424;
sh601997:8.490,8.610,8.570,8.490,13336535;
sh601595:12.680,12.690,12.710,12.370,3003159;
sh603515:25.880,25.980,26.190,25.700,2208544;
sh603843:4.010,4.020,4.010,3.950,6335881;
sh601163:13.920,13.980,14.140,13.920,3653878;
sh603393:28.920,28.960,28.980,28.400,4770194;
sh603738:28.090,28.500,29.260,28.000,12815950;
sh601128:8.210,8.150,8.220,8.120,24860367;
sh603313:22.860,23.170,23.490,22.510,3176427;
sh600926:8.580,8.640,8.620,8.560,16880690;
sh603888:26.870,26.910,27.350,26.660,11615876;
sh603060:21.510,21.160,21.770,20.940,2287760;
sh603633:11.070,11.730,12.090,11.000,9233505;
sh603987:9.380,9.280,9.600,9.160,6394700;
sh603336:14.700,14.720,14.800,14.370,10872049;
sh603660:13.240,13.460,13.530,13.220,22255660;
sh603559:15.850,15.900,15.960,15.790,2645930;
sh603033:17.250,17.240,17.410,17.160,735008;
sh603389:4.570,4.610,4.790,4.570,3570373;
sh603058:6.620,6.660,6.730,6.580,1229900;
sh603886:15.570,15.570,15.790,15.490,1834817;
sh603239:11.460,11.370,11.570,11.110,2919500;
sh601375:5.160,5.240,5.240,5.110,42587854;
sh603035:15.310,15.100,15.620,15.000,8686822;
sh603032:19.700,19.780,19.870,19.500,2843951;
sh603877:15.350,15.070,15.350,15.030,1322483;
sh603689:10.580,10.540,10.650,10.490,1914990;
sh603579:29.430,28.800,29.430,28.510,1480966;
sh603639:25.850,26.650,26.240,25.350,5153032;
sh601858:11.110,10.930,11.270,10.860,3904980;
sh603638:28.510,28.750,28.840,28.290,959021;
sh603429:44.500,44.340,45.460,44.050,3019594;
sh603966:9.400,9.430,9.450,9.330,2129473;
sh603089:12.700,12.680,13.500,12.540,2131912;
sh603360:31.500,31.800,32.220,31.380,2167416;
sh603677:11.060,11.050,11.180,11.010,936908;
sh603637:14.950,14.760,15.050,14.660,968730;
sh601212:3.070,3.060,3.080,3.050,29267222;
sh603603:7.530,7.480,7.560,7.420,3247400;
sh603817:6.060,6.030,6.080,6.010,1436700;
sh603717:7.780,7.740,7.830,7.690,2380841;
sh603656:13.900,13.700,13.970,13.550,763569;
sh603133:23.750,24.000,24.940,23.730,12089199;
sh603811:26.960,26.370,27.300,26.150,3461300;
sh603955:14.590,14.620,14.760,14.500,595759;
sh603908:21.890,22.110,22.300,21.890,439900;
sh603991:15.480,15.580,15.780,15.420,352500;
sh603578:22.300,22.520,22.790,22.180,1170980;
sh601366:5.180,5.180,5.200,5.150,2619800;
sh603787:12.030,12.170,12.140,11.970,2759807;
sh603320:15.140,15.510,15.400,15.140,1013865;
sh603906:9.480,9.450,9.600,9.400,2929060;
sh603586:18.000,17.860,18.000,17.620,1957242;
sh603538:23.680,23.680,23.850,23.550,4379194;
sh603385:10.100,10.010,10.160,10.010,5503838;
sh603178:9.920,9.790,10.130,9.750,3729900;
sh603238:24.010,22.900,24.390,22.810,5135209;
sh603229:28.940,27.920,28.950,27.020,4268736;
sh603728:11.140,11.150,11.220,11.060,1301690;
sh603896:29.330,29.300,29.400,29.070,609800;
sh603488:7.860,7.850,7.890,7.730,1137300;
sh603197:33.040,32.820,33.330,32.050,4913240;
sh603580:11.070,11.080,11.230,10.970,1012472;
sh603200:22.400,22.180,22.720,21.930,2118014;
sh603042:14.130,14.210,14.330,14.060,3325300;
sh603536:13.140,12.860,13.270,12.720,7629156;
sh603326:16.460,16.500,16.500,16.350,714696;
sh603316:7.930,7.990,8.060,7.900,1043573;
sh603335:4.270,4.290,4.290,4.200,4884568;
sh603380:15.640,15.880,15.710,15.490,2277987;
sh603286:15.410,15.690,15.710,15.400,2421400;
sh603938:26.600,26.320,27.430,25.500,4471965;
sh603331:15.250,15.110,15.250,15.000,561162;
sh603933:13.400,14.010,13.900,13.310,6657096;
sh603595:27.460,27.360,27.840,26.920,3462692;
sh603612:11.350,11.680,11.550,11.350,4200435;
sh603676:10.230,10.370,10.360,10.200,1687200;
sh603063:8.710,8.560,8.730,8.500,2659600;
sh603233:55.430,55.000,55.950,54.600,2424295;
sh603357:9.390,9.360,9.410,9.320,2172040;
sh603860:24.280,24.350,24.480,24.150,254200;
sh603880:15.650,14.940,15.860,14.680,11688628;
sh603776:18.790,19.000,18.990,18.730,4085859;
sh603976:15.650,15.800,16.060,15.600,1677126;
sh603079:40.300,40.610,41.050,37.800,4552320;
sh603725:6.140,6.180,6.210,6.130,1426697;
sh603813:16.870,16.850,17.200,16.750,1034659;
sh603136:23.100,22.550,23.100,22.400,1135802;
sh603378:25.300,24.400,25.300,24.210,1812752;
sh603367:18.030,17.750,18.160,17.560,8899858;
sh603103:15.400,15.210,15.590,15.080,5312474;
sh603110:14.550,14.560,14.650,14.460,1604180;
sh603499:14.290,14.070,14.290,14.010,559888;
sh603829:9.350,9.300,9.390,9.250,767200;
sh603722:34.600,33.860,34.600,33.600,2375296;
sh603659:100.880,98.180,102.970,100.010,3691099;
sh603076:19.850,19.920,20.090,19.820,430700;
sh603661:38.990,38.700,39.060,38.510,740600;
sh601019:6.490,6.470,6.510,6.430,3960874;
sh603890:10.100,10.150,10.210,10.080,4709516;
sh603477:10.400,10.620,10.660,10.310,8783300;
sh603895:19.290,19.270,19.290,19.090,779160;
sh603516:50.010,49.230,50.640,48.500,3383281;
sh603871:28.970,28.950,29.180,28.810,961550;
sh603709:22.110,22.220,22.480,22.090,380454;
sh603712:24.400,24.830,25.110,24.210,6039536;
sh603059:23.930,23.860,24.050,23.750,934446;
sh600929:6.020,6.010,6.060,5.990,3950241;
sh603897:16.670,16.710,16.800,16.630,1117500;
sh603301:37.260,35.560,37.800,34.810,15273841;
sh603773:33.780,33.700,34.180,33.430,2415937;
sh603666:86.850,85.640,87.470,85.330,1225790;
sh601990:13.400,13.630,13.640,13.270,216754740;
sh603713:38.130,37.910,38.500,37.260,1488676;
sh601606:10.000,9.960,10.000,9.900,7156333;
sh603590:35.390,35.240,35.840,35.140,1971329;
sh603192:24.190,24.870,24.410,24.060,1790373;
sh601068:4.460,4.510,4.480,4.430,9726244;
sh603297:34.070,34.480,34.780,34.030,1211097;
sh603790:13.880,13.820,13.970,13.620,2928920;
