sh600048:14.850,15.120,15.090,14.820,60870443;
sh600053:24.260,23.900,24.380,23.860,2989338;
sh600061:12.580,12.500,12.740,12.480,12551310;
sh600063:3.950,3.860,3.950,3.850,18227792;
sh600071:8.980,8.880,8.980,8.850,1280535;
sh600076:3.830,3.850,3.900,3.810,10878294;
sh600077:2.860,2.840,2.860,2.790,6634648;
sh600078:5.170,5.130,5.220,5.020,30369856;
sh600081:10.930,11.000,11.320,10.890,5029309;
sh600082:3.560,3.490,3.580,3.480,6463100;
sh600090:4.110,4.090,4.140,4.070,11396863;
sh600101:6.060,6.050,6.110,6.030,1464237;
sh600111:8.770,8.860,9.000,8.700,32063147;
sh600113:6.210,6.160,6.220,6.120,3743611;
sh600115:4.280,4.270,4.280,4.230,36736105;
sh600120:8.860,8.650,8.890,8.640,11438087;
sh600146:10.990,10.680,11.160,10.590,11024800;
sh600151:4.390,4.450,4.470,4.360,9413620;
sh600156:4.720,4.620,4.800,4.580,12674601;
sh600160:7.200,7.100,7.220,7.080,32223554;
sh600161:35.500,36.350,36.700,35.440,13306725;
sh600162:2.090,2.070,2.100,2.060,7794517;
sh600169:2.100,2.060,2.100,2.050,18710800;
sh600175:1.330,1.360,1.420,1.320,66600108;
sh600197:12.910,13.040,13.140,12.810,5311646;
sh600199:5.140,5.120,5.220,5.110,5879630;
sh600200:7.060,7.270,7.270,7.010,42644263;
sh600203:10.050,9.800,10.180,10.000,31467607;
sh600206:12.960,13.180,13.530,12.820,37506556;
sh600207:4.320,4.260,4.330,4.260,4275910;
sh600208:3.140,3.090,3.150,3.080,63119438;
sh600213:7.500,7.340,7.550,7.340,4461130;
sh600218:8.660,8.670,8.800,8.570,6404017;
sh600221:1.640,1.640,1.690,1.630,98891390;
sh600223:7.180,6.840,7.180,6.800,31570980;
sh600226:2.310,2.360,2.400,2.300,57877740;
sh600227:2.850,3.060,3.000,2.850,31804547;
sh600235:4.540,4.510,4.550,4.480,5853500;
sh600236:4.510,4.540,4.540,4.500,2514892;
sh600242:8.390,9.500,9.430,8.380,88898795;
sh600246:6.000,6.160,6.170,5.870,31634952;
sh600262:14.830,14.920,14.880,14.700,496531;
sh600266:6.980,6.900,7.000,6.880,8354832;
sh600267:14.620,15.960,15.860,14.380,113836693;
sh600268:6.240,5.870,6.250,5.850,32106532;
sh600278:9.800,9.950,10.240,9.770,9608600;
sh600279:3.780,3.750,3.790,3.750,3001900;
sh600283:8.900,8.740,8.900,8.730,933811;
sh600285:8.520,8.630,8.740,8.500,7198816;
sh600288:11.440,11.240,11.480,11.220,2534495;
sh600291:7.370,7.230,7.390,7.220,7848932;
sh600293:2.870,2.890,2.870,2.820,19600173;
sh600300:3.030,3.120,3.200,2.990,87134170;
sh600310:3.790,3.700,3.790,3.700,5510146;
sh600311:2.890,2.870,2.900,2.800,24161078;
sh600313:3.360,3.760,3.760,3.340,112130315;
sh600317:2.210,2.170,2.210,2.170,8052700;
sh600322:2.650,2.610,2.660,2.610,19192294;
sh600323:21.100,20.850,21.100,20.720,5223715;
sh600326:6.720,6.560,6.720,6.540,11651126;
sh600336:4.990,4.970,5.080,4.900,16339765;
sh600337:4.290,4.300,4.320,4.210,23357638;
sh600338:8.150,8.190,8.320,8.020,10105380;
sh600339:2.670,2.650,2.680,2.650,15078210;
sh600351:5.090,5.080,5.180,5.070,5802401;
sh600353:5.890,6.200,6.120,5.830,26525501;
sh600354:3.240,3.410,3.340,3.240,62172785;
sh600355:3.350,3.340,3.360,3.270,26568300;
sh600360:8.220,8.330,8.700,8.110,80977507;
sh600363:13.510,13.660,13.660,13.370,7146289;
sh600366:5.380,5.580,5.640,5.310,42986314;
sh600371:11.520,12.900,12.900,11.520,42640698;
sh600375:4.330,4.290,4.370,4.240,7274108;
sh600381:4.710,4.720,4.790,4.710,2999192;
sh600392:6.480,6.540,6.680,6.440,17602288;
sh600393:2.620,2.640,2.620,2.590,16361400;
sh600398:6.210,6.240,6.270,6.190,6718384;
sh600419:11.760,11.850,12.100,11.720,5316570;
sh600425:3.950,3.820,4.010,3.800,39934606;
sh600429:5.100,5.180,5.190,5.050,5333681;
sh600449:11.740,11.710,11.850,11.550,15785093;
sh600455:24.310,24.410,24.560,24.110,1535701;
sh600463:6.230,6.150,6.230,6.150,1674660;
sh600466:6.130,6.140,6.170,6.080,11405680;
sh600467:2.390,2.440,2.520,2.340,80579939;
sh600476:13.100,12.810,13.100,12.790,1828231;
sh600478:3.980,3.930,4.010,3.910,9224200;
sh600479:8.660,8.680,8.780,8.620,5725601;
sh600480:9.310,9.090,9.320,9.090,5058467;
sh600481:3.040,2.990,3.040,2.990,3099102;
sh600488:4.560,4.600,4.650,4.500,9868762;
sh600495:4.700,4.610,4.770,4.600,72220023;
sh600499:4.450,4.370,4.450,4.350,5712677;
sh600501:8.260,8.120,8.270,8.110,4924079;
sh600503:3.140,3.090,3.140,3.080,15933342;
sh600505:9.500,9.380,9.550,9.380,2458201;
sh600506:8.510,8.740,8.960,8.460,5846292;
sh600517:6.710,6.780,6.940,6.690,13904580;
sh600520:9.280,9.390,9.360,9.160,3994504;
sh600525:5.390,5.320,5.420,5.310,9579037;
sh600526:5.430,5.680,5.760,5.430,14483300;
sh600527:2.460,2.420,2.460,2.410,35168931;
sh600530:3.560,3.550,3.670,3.520,8322803;
sh600533:3.250,3.250,3.270,3.210,25509952;
sh600537:3.240,3.170,3.240,3.160,7075300;
sh600549:11.290,11.260,11.480,11.160,6240775;
sh600559:8.610,8.670,8.830,8.610,10253085;
sh600562:14.010,13.950,14.350,13.800,4971915;
sh600568:1.630,1.610,1.640,1.600,25956900;
sh600573:6.030,6.020,6.050,5.980,2284251;
sh600587:16.800,17.400,17.480,16.500,15958695;
sh600593:38.720,38.680,38.830,38.450,867923;
sh600596:8.500,8.640,8.680,8.480,11846588;
sh600601:3.340,3.280,3.350,3.270,13296207;
sh600602:7.470,7.410,7.520,7.380,7355535;
sh600603:5.940,5.930,6.010,5.900,9017784;
sh600604:7.260,7.180,7.300,7.160,14088562;
sh600613:7.070,7.090,7.210,7.020,4401100;
sh600623:5.470,5.430,5.480,5.430,6139431;
sh600624:8.590,8.610,8.870,8.560,16476794;
sh600626:5.700,5.620,5.730,5.600,7123148;
sh600628:11.030,10.800,11.160,10.800,4814433;
sh600630:7.410,7.390,7.410,7.330,8391302;
sh600638:5.340,5.230,5.340,5.230,1865237;
sh600639:12.070,12.020,12.140,11.960,1148979;
sh600640:18.550,17.950,18.700,17.750,16828480;
sh600641:20.420,20.540,21.100,20.140,15166147;
sh600644:5.030,4.930,5.030,4.930,1363457;
sh600645:18.650,19.550,19.320,18.580,15329294;
sh600647:13.050,12.850,13.080,12.840,1598018;
sh600649:5.330,5.260,5.350,5.210,6193523;
sh600651:3.800,3.770,3.870,3.760,16189068;
sh600661:16.270,16.570,16.870,16.110,3062338;
sh600662:3.930,3.860,3.930,3.840,5148727;
sh600668:14.240,14.100,14.240,14.040,5172829;
sh603179:20.500,20.000,20.550,19.600,1711608;
sh600671:10.960,11.020,11.110,10.900,1247400;
sh600677:4.520,4.410,4.520,4.410,13946900;
sh600678:7.680,7.560,7.830,7.520,22692318;
sh600682:8.750,8.580,8.760,8.580,7863712;
sh600683:3.920,3.870,3.940,3.810,15828653;
sh600684:3.160,3.110,3.170,3.100,3987180;
sh600689:8.380,8.310,8.390,8.230,1300100;
sh600693:4.920,4.880,4.920,4.830,5217506;
sh600695:8.150,8.230,8.380,7.850,39694081;
sh600697:15.080,15.110,15.080,15.000,972085;
sh600706:7.650,7.560,7.790,7.540,3165640;
sh600708:3.060,3.020,3.070,3.010,14181639;
sh600711:4.220,4.140,4.220,4.130,17433654;
sh600712:5.690,5.780,5.840,5.590,44430435;
sh600716:3.910,3.910,3.990,3.880,3409500;
sh600719:3.970,3.940,3.990,3.910,2087828;
sh600724:3.840,3.830,4.010,3.810,15690834;
sh600730:4.470,4.430,4.480,4.420,3420500;
sh600734:4.600,4.570,4.700,4.530,10393814;
sh600736:5.300,5.370,5.320,5.200,18630101;
sh600737:8.100,8.380,8.570,8.070,40484351;
sh600744:2.270,2.250,2.270,2.250,3116152;
sh600746:6.300,6.170,6.320,6.150,2969056;
sh600748:5.180,5.170,5.290,5.110,19832880;
sh603893:57.000,58.580,62.550,55.880,7206300;
sh600755:6.420,6.330,6.430,6.330,8136000;
sh600756:19.320,19.420,19.740,19.090,8032930;
sh600764:27.850,26.950,27.930,26.890,2201576;
sh600770:4.840,4.710,4.850,4.680,11228109;
sh600771:13.990,13.950,14.330,13.920,3436932;
sh600773:5.620,5.490,5.620,5.480,6144600;
sh600777:1.810,1.790,1.810,1.780,47533516;
sh600783:13.390,13.190,13.470,13.100,5883150;
sh600784:4.360,4.430,4.540,4.360,3645270;
sh600785:14.330,14.260,14.400,14.200,587701;
sh600796:5.830,5.770,5.920,5.710,5546490;
sh600800:5.310,5.710,5.970,5.300,46500718;
sh600802:11.520,11.190,11.660,11.160,19830106;
sh600808:2.590,2.580,2.600,2.560,22329120;
sh600818:9.970,9.900,9.980,9.810,530181;
sh600819:4.730,4.650,4.730,4.640,2407300;
sh600821:4.120,4.090,4.140,4.090,2707543;
sh600822:8.560,8.720,8.570,8.460,4387938;
sh600824:3.400,3.290,3.500,3.290,40480352;
sh600825:4.730,4.750,4.780,4.700,3490153;
sh600828:4.120,4.080,4.210,4.070,10477388;
sh600829:7.410,7.480,7.560,7.340,6328629;
sh600830:5.550,5.450,5.580,5.420,21272524;
sh600831:8.500,8.520,8.570,8.460,11051737;
sh600833:9.390,9.400,9.450,9.300,1581322;
sh600834:6.370,6.380,6.400,6.330,1239317;
sh600836:5.210,5.200,5.390,4.980,23051971;
sh600838:5.820,5.660,5.850,5.650,14561865;
sh600841:6.600,6.550,6.650,6.540,1046400;
sh600843:6.690,6.570,6.750,6.550,4115800;
sh600846:8.500,8.370,8.530,8.350,7254273;
sh600851:7.760,7.980,8.130,7.650,6046920;
sh600853:3.730,3.600,3.730,3.600,24854740;
sh600854:3.620,3.670,3.780,3.610,6467282;
sh600855:14.960,14.960,14.960,14.960,10053607;
sh600857:10.230,10.220,10.530,10.150,2929240;
sh600860:4.080,3.980,4.080,3.960,3810763;
sh600861:9.710,9.660,9.970,9.570,3514900;
sh600862:13.250,13.130,13.560,13.060,20928878;
sh600864:6.730,6.650,6.760,6.620,18497323;
sh600865:6.120,5.990,6.230,5.970,7933971;
sh600866:5.210,5.360,5.450,5.180,29996601;
sh600867:10.700,10.820,11.070,10.620,30924040;
sh600868:3.310,3.240,3.310,3.230,29530536;
sh600869:4.650,4.500,4.650,4.470,48827788;
sh600871:2.060,2.030,2.060,2.030,27956172;
sh600874:7.210,7.130,7.250,7.070,15156100;
sh600876:13.660,13.880,14.170,13.660,6740113;
sh600879:6.580,6.480,6.620,6.450,33294589;
sh600880:4.130,4.370,4.370,4.080,59513083;
sh600882:21.500,22.520,23.000,21.180,10987707;
sh600885:28.140,27.590,28.140,27.380,8346151;
sh600888:4.470,4.350,4.470,4.310,11642943;
sh600889:5.050,5.220,5.100,4.980,9416805;
sh600894:6.580,6.610,6.620,6.550,3718939;
sh600898:6.280,6.470,6.850,6.240,4988221;
sh600917:6.450,6.380,6.450,6.360,2396960;
sh600959:3.760,3.700,3.760,3.700,10670730;
sh600962:7.360,7.610,7.660,7.300,6601982;
sh600965:8.020,8.300,8.440,8.020,17325868;
sh600966:7.740,8.220,8.350,7.670,31949770;
sh600973:4.420,4.240,4.420,4.230,33592144;
sh600976:15.830,15.910,16.130,15.710,1669200;
sh600980:11.860,12.070,12.320,11.800,2200202;
sh600981:3.320,3.420,3.360,3.300,14787104;
sh600982:2.760,2.720,2.760,2.710,2787560;
sh600983:4.430,4.730,4.730,4.430,7097126;
sh600986:3.760,3.720,3.780,3.710,20021560;
sh600988:8.320,8.470,8.570,8.250,140196505;
sh600990:37.620,38.000,38.720,37.280,1561430;
sh600992:6.310,6.260,6.320,6.220,1245301;
sh601002:5.700,5.730,5.780,5.650,10797386;
sh601008:3.500,3.480,3.550,3.460,8636850;
sh601016:2.270,2.240,2.280,2.240,12439342;
sh601069:14.350,14.410,14.570,14.240,15155772;
sh601100:58.530,57.570,59.200,57.570,2921663;
sh601106:2.680,2.640,2.680,2.640,14445560;
sh601118:4.990,5.370,5.540,4.960,131589686;
sh601126:6.350,6.090,6.350,6.070,13948525;
sh601168:5.730,5.670,5.740,5.630,12147025;
sh601199:3.710,3.730,3.720,3.650,15570233;
sh601222:5.460,5.280,5.470,5.100,44247503;
sh601226:3.950,3.900,3.960,3.890,2444300;
sh601233:12.380,12.230,12.380,12.060,17904432;
sh601311:8.990,8.810,8.990,8.800,6752995;
sh601339:3.970,4.100,4.370,3.970,63171582;
sh601388:1.720,1.690,1.730,1.680,27402226;
sh601515:6.270,6.250,6.300,6.220,5386580;
sh601567:7.660,7.540,7.660,7.520,4372950;
sh601608:3.430,3.380,3.440,3.380,11963103;
sh601616:3.120,3.050,3.140,3.040,28773862;
sh601677:10.180,10.060,10.180,10.050,3999714;
sh601689:17.060,16.400,17.140,16.350,20284863;
sh601700:6.600,6.150,6.600,6.100,61053322;
sh601727:4.700,4.600,4.700,4.600,19745415;
sh601789:4.700,4.430,4.710,4.420,72397501;
sh601799:84.740,84.600,85.360,83.120,2029635;
sh601818:3.610,3.670,3.630,3.610,87195842;
sh601866:2.010,1.990,2.020,1.990,29162001;
sh601958:6.150,6.100,6.190,6.080,9650527;
sh601968:4.510,4.450,4.530,4.450,1838178;
sh601996:2.710,2.680,2.740,2.680,11838649;
sh603002:4.440,4.310,4.470,4.310,21421517;
sh603003:7.810,7.390,7.850,7.360,18470304;
sh603006:10.330,10.480,10.440,10.310,1527651;
sh603009:7.300,7.170,7.520,7.110,18132003;
sh603010:13.300,12.970,13.370,12.960,5301440;
sh603015:6.740,6.550,6.810,6.500,5257907;
sh603017:10.540,10.630,10.790,10.440,3104700;
sh603018:12.300,11.990,12.300,11.810,23455306;
sh603020:8.430,8.920,9.250,8.400,18635780;
sh603021:5.980,5.880,6.010,5.840,1571283;
sh603022:15.690,16.610,16.560,15.630,4680574;
sh603023:5.070,5.020,5.180,4.980,13493486;
sh603025:7.920,7.790,7.920,7.730,5371147;
sh603085:6.450,6.350,6.540,6.350,3078537;
sh603088:9.900,9.730,10.080,9.650,5604082;
sh603099:8.210,8.190,8.350,8.170,1042800;
sh603108:10.100,10.340,10.410,10.030,8526179;
sh603111:6.420,6.410,6.550,6.370,16663597;
sh603116:7.990,7.840,8.100,7.730,9387234;
sh603117:3.640,3.600,3.640,3.590,3901380;
sh603123:9.100,9.050,9.100,8.870,2863800;
sh603126:4.830,4.700,4.870,4.660,10584200;
sh603158:19.430,19.150,19.430,18.760,2801051;
sh603168:8.180,8.070,8.250,7.910,3724344;
sh603222:55.000,55.460,55.700,54.500,7560125;
sh603227:4.200,4.130,4.200,4.120,4206900;
sh603268:14.280,14.140,14.280,13.950,851740;
sh603299:5.860,6.000,6.150,5.810,9661696;
sh603300:7.300,7.150,7.300,7.050,9908920;
sh603308:14.500,14.130,14.500,14.080,5468499;
sh603318:7.680,7.460,7.790,7.400,10589528;
sh603333:7.480,7.260,7.600,7.250,13264900;
sh603366:5.570,5.510,5.590,5.490,9777500;
sh603456:20.350,19.920,21.040,19.830,10033141;
sh603508:56.100,54.680,56.480,54.670,1738314;
sh603519:13.250,13.070,13.440,12.970,2331620;
sh603566:17.880,18.520,18.490,17.640,4812834;
sh603568:28.600,28.560,28.750,28.350,1618365;
sh603600:14.060,14.000,14.290,13.670,9571904;
sh603601:11.100,10.930,11.100,10.620,60960870;
sh603609:11.300,11.630,11.680,11.230,10258935;
sh603611:17.420,17.220,17.660,17.120,2137374;
sh603616:7.560,7.700,7.890,7.550,7392563;
sh603618:6.500,6.220,6.520,6.160,31034986;
sh603688:23.010,22.520,23.020,22.410,5826715;
sh603703:17.980,18.400,18.180,17.960,3662153;
sh603789:13.100,13.190,13.250,13.000,2396010;
sh603800:11.530,11.520,11.690,11.450,2094725;
sh603808:11.310,11.340,11.430,11.290,2413286;
sh603818:6.910,7.030,6.910,6.780,3021479;
sh603838:7.620,7.700,7.650,7.540,1300051;
sh603918:11.050,12.030,12.030,11.020,12020592;
sh603936:18.260,18.510,18.750,18.150,6208651;
sh603968:12.970,13.030,13.030,12.910,1143100;
sh603989:23.830,23.260,23.880,23.200,1673628;
sh603997:6.800,6.750,6.820,6.720,1844400;
sh603998:6.920,7.040,7.090,6.810,6701558;
sh603999:5.980,6.000,6.110,5.930,4963340;
sh600127:5.500,6.130,6.130,5.410,107662867;
sh603377:14.490,14.140,14.490,13.960,4042685;
sh601900:10.020,9.910,10.110,9.830,6728151;
sh603919:12.620,12.880,13.060,12.570,3998410;
sh603861:9.060,8.790,9.060,8.770,4447100;
sh603028:11.510,12.140,11.670,11.380,6165820;
sh603798:10.590,10.040,10.600,10.040,3443362;
sh603701:11.240,11.460,11.770,11.010,6705597;
sh603726:25.150,25.820,25.880,25.000,3242201;
sh603528:7.650,7.930,7.890,7.530,10806367;
sh603339:12.330,12.310,12.370,12.210,921320;
sh603131:16.290,15.980,16.390,15.980,3011515;
sh603016:19.900,20.960,21.000,19.830,4578268;
sh603069:11.700,11.730,12.200,11.490,7786300;
sh600936:3.800,3.780,3.840,3.760,4350437;
sh601997:7.770,7.830,7.790,7.730,22562898;
sh601595:12.760,13.110,12.950,12.670,7398900;
sh603515:24.580,24.250,24.850,24.160,2575424;
sh603843:4.640,4.480,4.660,4.460,15919051;
sh601163:13.040,12.940,13.070,12.910,2451937;
sh603393:35.580,37.030,37.180,35.330,5819366;
sh603738:26.600,27.870,28.180,26.070,18230701;
sh601128:6.970,7.130,7.020,6.910,35576037;
sh603313:19.400,18.770,19.400,18.600,4322571;
sh600926:7.690,7.730,7.730,7.650,20873425;
sh603888:23.400,23.940,24.480,23.290,12663126;
sh603060:19.110,19.110,19.340,19.010,1102365;
sh603633:11.850,11.490,11.860,11.330,6190038;
sh603987:11.270,11.660,11.740,11.140,13457484;
sh603336:16.950,18.110,17.880,16.780,32648752;
sh603660:11.760,11.480,11.760,11.420,5301717;
sh603559:24.720,24.550,24.910,23.690,25898370;
sh603033:25.050,25.210,25.500,24.810,2839195;
sh603389:4.470,4.430,4.540,4.430,2165220;
sh603058:6.690,6.690,6.730,6.650,1282076;
sh603886:16.210,16.900,16.940,16.140,7269788;
sh603239:12.600,12.390,12.600,12.350,1935574;
sh601375:5.070,5.020,5.090,5.010,23716947;
sh603035:12.510,12.890,12.860,12.300,11407300;
sh603032:17.160,17.100,17.380,17.000,1582561;
sh603877:15.180,14.830,15.180,14.820,871448;
sh603689:10.560,10.440,10.560,10.420,1899200;
sh603579:26.380,26.890,26.960,26.180,996400;
sh603639:26.280,26.550,26.750,26.060,1302600;
sh601858:9.980,9.800,9.980,9.780,2757251;
sh603638:30.020,30.190,30.360,29.830,979811;
sh603429:33.280,34.720,34.260,32.690,3763846;
sh603966:9.720,9.580,9.750,9.550,1349220;
sh603089:11.970,11.830,12.010,11.830,879745;
sh603360:25.190,24.830,25.190,24.660,2214210;
sh603677:10.810,10.560,10.810,10.520,525816;
sh603637:13.500,13.400,13.650,13.270,649497;
sh601212:2.950,2.920,2.950,2.900,24076000;
sh603603:7.040,7.000,7.140,7.000,2290600;
sh603817:5.830,5.800,5.840,5.790,2075800;
sh603717:7.740,7.730,7.860,7.730,1596040;
sh603656:14.180,14.050,14.260,14.000,607886;
sh603133:19.230,18.770,19.230,18.700,3639519;
sh603811:24.000,24.170,24.580,23.800,1816396;
sh603955:16.950,16.420,16.950,16.270,1736610;
sh603908:23.790,23.240,23.790,23.150,1068700;
sh603991:19.670,20.090,20.290,18.500,3044451;
sh603578:20.010,20.350,20.880,20.010,592400;
sh601366:6.780,6.990,6.780,6.600,27181690;
sh603787:11.920,11.720,11.990,11.670,2838400;
sh603320:15.520,15.050,15.530,15.050,981500;
sh603906:9.290,9.180,9.330,9.170,1471776;
sh603586:17.150,17.010,17.150,16.850,832124;
sh603538:29.310,29.790,30.170,29.020,8115482;
sh603385:10.300,10.050,10.360,10.030,3211940;
sh603178:8.280,8.260,8.380,8.200,3845300;
sh603238:24.020,24.440,24.300,23.810,2365500;
sh603229:26.200,27.620,27.300,26.080,2963608;
sh603728:11.480,11.260,11.540,11.200,2250390;
sh603896:26.500,26.730,27.120,26.320,815133;
sh603488:8.190,8.230,8.290,8.170,953062;
sh603197:26.370,26.180,27.050,26.050,3669220;
sh603580:11.370,11.750,11.980,11.370,2462093;
sh603200:49.310,49.000,51.000,47.150,3924506;
sh603042:19.540,20.320,19.590,18.880,14302387;
sh603536:12.650,13.090,13.080,12.450,9150197;
sh603326:17.860,17.680,17.860,17.470,1487620;
sh603316:11.850,12.020,11.850,11.630,4612560;
sh603335:4.160,4.100,4.210,4.070,7315840;
sh603380:18.300,17.400,18.350,17.000,5211450;
sh603286:15.910,15.610,16.000,15.600,1709040;
sh603938:27.280,26.400,27.300,26.300,1716000;
sh603331:17.630,17.400,17.920,17.170,1570906;
sh603933:13.210,13.140,13.290,13.010,1733800;
sh603595:29.700,28.240,29.700,27.890,3536780;
sh603612:11.300,11.030,11.300,11.000,3212499;
sh603676:10.220,10.220,10.440,10.200,2418600;
sh603063:8.520,8.430,8.610,8.380,2139700;
sh603233:59.920,61.300,61.500,59.380,2440711;
sh603357:9.920,9.760,9.930,9.730,2841761;
sh603860:25.380,25.400,25.530,25.150,251700;
sh603880:13.930,14.140,14.250,13.510,9207061;
sh603776:18.740,18.310,18.760,18.300,2516035;
sh603976:16.000,16.400,16.350,15.880,2767372;
sh603079:41.180,40.200,41.190,39.860,2780333;
sh603725:6.390,6.430,6.440,6.370,1343070;
sh603813:17.100,17.450,17.700,17.100,774100;
sh603136:22.600,22.630,22.880,22.310,1031710;
sh603378:28.840,29.700,29.280,28.530,1544400;
sh603367:16.330,16.610,16.720,16.320,4903700;
sh603103:15.770,15.780,15.900,15.690,5429260;
sh603110:15.010,14.900,15.100,14.810,1421420;
sh603499:15.310,15.540,15.550,15.310,1405297;
sh603829:10.610,10.290,10.740,10.250,2654974;
sh603722:27.900,27.250,27.900,26.770,1028500;
sh603659:64.420,64.300,65.280,63.240,4283614;
sh603076:20.450,20.350,20.450,20.240,228000;
sh603661:35.700,35.490,35.900,35.320,445500;
sh601019:6.580,6.550,6.590,6.520,1980634;
sh603890:13.560,13.460,13.580,12.800,15600551;
sh603477:11.250,11.390,11.540,11.220,3307167;
sh603895:19.780,20.420,19.930,19.380,3229452;
sh603516:44.660,45.190,45.550,44.550,1467120;
sh603871:27.270,27.550,27.980,27.270,1210776;
sh603709:25.990,25.400,26.000,25.010,649200;
sh603712:27.600,26.650,27.610,26.300,16316610;
sh603059:24.530,24.860,24.790,24.300,1636018;
sh600929:5.580,5.820,6.080,5.560,12430783;
sh603897:18.560,18.180,18.560,17.910,4381900;
sh603301:41.400,41.330,42.200,40.310,18033169;
sh603773:32.670,33.000,32.670,32.180,2111601;
sh603666:90.300,90.760,90.300,87.880,652480;
sh601990:15.000,15.070,15.460,14.910,109788012;
sh603713:51.150,50.830,51.500,50.390,1938768;
sh601606:8.660,8.650,8.720,8.610,4871300;
sh603590:38.450,38.080,38.940,37.800,2842000;
sh603192:27.260,26.680,27.260,26.680,1743100;
sh601068:4.430,4.380,4.470,4.360,6746844;
sh603297:33.860,33.080,34.230,32.990,1046749;
sh603790:13.300,13.450,13.530,13.210,6330522;
sh603583:41.200,41.660,41.400,40.780,3717896;
sh601975:2.460,2.430,2.500,2.430,39282300;
sh603629:22.700,23.120,22.880,22.560,1617907;
sh603185:35.700,35.650,36.050,34.810,3349148;
sh601298:5.690,5.710,5.780,5.670,5144907;
sh603700:32.700,32.700,32.780,32.120,1292100;
sh601615:10.060,10.070,10.170,10.020,5511957;
sh601865:10.850,10.610,10.850,10.580,6304188;
sh603317:45.200,48.980,48.290,45.000,3677706;
sh603697:12.900,13.240,13.430,12.750,9249450;
sh603982:15.370,15.190,15.740,15.100,3725199;
sh603327:26.510,26.200,26.800,26.170,2236167;
sh603915:13.150,12.780,13.160,12.700,3142509;
sh601236:21.760,21.670,22.100,21.600,30955236;
sh603530:21.650,20.820,21.680,20.650,9229082;
sh603115:18.000,17.720,18.000,17.650,1452700;
sh603992:20.000,21.450,20.490,19.500,16765686;
sh603755:45.800,47.900,46.960,45.200,945028;
sh600000:10.100,10.230,10.180,10.080,30921803;
sh600004:13.780,13.550,13.870,13.490,10560687;
sh600006:4.110,4.060,4.160,4.060,15990453;
sh600007:13.260,13.280,13.330,13.200,1161265;
sh600008:3.060,3.020,3.060,3.010,13526506;
sh600009:64.000,64.000,64.700,63.600,10581086;
sh600011:4.590,4.560,4.600,4.540,14060250;
sh600012:5.310,5.220,5.310,5.210,3029001;
sh600015:6.530,6.550,6.540,6.490,19222994;
sh600016:5.640,5.670,5.650,5.610,81823753;
sh600017:2.520,2.490,2.520,2.490,8788601;
sh600018:4.450,4.470,4.510,4.420,27861723;
sh600019:4.770,4.720,4.770,4.720,32528708;
sh600020:3.810,3.770,3.820,3.760,10897900;
sh600021:7.250,7.110,7.250,7.060,6966494;
sh600023:3.420,3.400,3.420,3.400,9295990;
sh600026:6.320,6.570,6.850,6.260,68530562;
sh600027:3.170,3.160,3.170,3.130,32238500;
sh600028:4.520,4.490,4.520,4.480,69709901;
sh600029:5.400,5.370,5.400,5.340,32807165;
sh600030:22.500,22.480,22.720,22.470,69784943;
sh600031:16.800,16.800,17.300,16.640,55346330;
sh600033:2.760,2.750,2.760,2.740,4256200;
sh600035:3.390,3.530,3.390,3.350,53453016;
sh600036:32.100,32.720,32.770,32.060,69463585;
sh600037:8.950,8.870,9.010,8.860,8222341;
sh600038:41.300,40.930,41.660,40.830,2400362;
sh600050:5.310,5.280,5.330,5.270,72339856;
sh600054:8.550,8.380,8.570,8.350,5419196;
sh600055:14.460,14.800,15.040,14.150,25624322;
sh600056:15.900,16.190,16.300,15.650,58281904;
sh600057:4.550,4.760,4.790,4.500,34488709;
sh600059:7.290,7.200,7.290,7.200,3226016;
sh600060:10.180,9.970,10.180,10.000,8736752;
sh600062:12.650,12.800,12.900,12.560,10326431;
sh600064:8.570,8.480,8.570,8.470,6278687;
sh600066:13.180,13.150,13.290,12.910,16481782;
sh600068:6.690,6.490,6.710,6.480,40326429;
sh600072:10.700,10.470,10.710,10.450,6370208;
sh600073:8.550,8.660,8.910,8.500,40721694;
sh600075:4.880,4.770,4.890,4.770,4676219;
sh600085:24.620,25.130,25.290,24.580,8346083;
sh600089:7.350,7.180,7.380,7.160,72909078;
sh600093:12.520,12.860,13.000,12.410,17982961;
sh600097:9.160,9.550,9.530,9.130,4677685;
sh600098:5.900,5.850,5.910,5.850,1617877;
sh600100:8.250,8.170,8.280,8.140,17842523;
sh600104:20.180,20.090,20.450,19.880,24049734;
sh600105:5.100,4.940,5.150,4.900,42121437;
sh600106:2.730,2.730,2.750,2.710,4663945;
sh600109:9.310,9.190,9.340,9.170,37386068;
sh600114:9.520,9.250,9.520,9.190,17704741;
sh600116:7.820,7.780,7.900,7.770,5252378;
sh600118:29.670,29.300,30.200,29.290,18324730;
sh600125:4.960,4.930,4.970,4.910,8139000;
sh600126:6.250,6.120,6.270,6.100,26546392;
sh600129:11.370,11.650,11.680,11.310,4966049;
sh600131:19.380,19.010,19.540,18.900,9259528;
sh600132:44.850,45.560,45.650,44.180,3626715;
sh600133:5.510,5.920,5.610,5.500,54465838;
sh600138:10.400,10.250,10.440,10.210,14406403;
sh600141:9.910,10.070,10.010,10.020,23314503;
sh600143:8.000,8.300,8.410,7.950,88812908;
sh600150:18.130,17.900,18.150,17.840,5818264;
sh600153:7.480,7.350,7.480,7.350,8383006;
sh600158:8.700,8.790,8.930,8.660,10508932;
sh600170:3.210,3.170,3.220,3.170,24079768;
sh600171:17.920,17.650,18.200,17.600,20892083;
sh600176:8.180,8.140,8.290,8.120,25445765;
sh600177:6.540,6.500,6.550,6.470,7183409;
sh600183:28.140,27.700,28.620,27.490,31152632;
sh600195:13.620,13.860,14.050,13.560,27436548;
sh600196:30.490,34.000,31.660,30.350,104254791;
sh600216:18.120,18.580,18.400,17.910,33972643;
sh600217:5.270,5.210,5.290,5.200,6900401;
sh600219:2.090,2.080,2.100,2.070,37414632;
sh600233:11.220,11.060,11.320,11.040,13330959;
sh600252:3.340,3.360,3.480,3.310,54693763;
sh600256:2.650,2.610,2.660,2.600,23060326;
sh600258:14.560,14.560,14.730,14.450,8732940;
sh600260:14.900,14.560,15.100,14.450,57752025;
sh600261:3.740,3.730,3.760,3.720,6092900;
sh600269:3.550,3.520,3.560,3.500,7105900;
sh600271:20.500,20.440,20.760,20.400,7460060;
sh600276:88.900,90.280,91.240,88.150,31770356;
sh600284:6.370,6.340,6.430,6.310,19036274;
sh601658:5.170,5.280,5.300,5.150,64845855;
sh600969:6.490,6.290,6.490,6.240,12050482;
sh600297:4.270,4.130,4.290,4.060,49395687;
sh600298:31.760,32.670,32.580,31.600,8091419;
sh600299:11.580,11.300,11.580,11.260,15478716;
sh600305:18.760,18.980,19.500,18.650,12229483;
sh600309:40.900,41.120,41.470,40.520,14603080;
sh600312:8.290,8.160,8.420,8.100,39985574;
sh600315:25.610,25.400,25.750,25.400,3585242;
sh600316:12.230,12.000,12.290,11.960,7570902;
sh600320:3.280,3.260,3.280,3.250,5974014;
sh600325:6.350,6.400,6.470,6.330,26767569;
sh600332:30.980,31.690,32.110,30.810,15252301;
sh600340:21.440,21.400,21.450,21.200,8617740;
sh600343:8.380,8.350,8.500,8.320,4900663;
sh600345:23.530,23.100,23.790,23.020,9104500;
sh600350:4.180,4.140,4.200,4.130,5070515;
sh600352:12.470,12.270,12.470,12.250,44182906;
sh600361:3.970,3.810,3.970,3.780,25893630;
sh600362:12.740,12.680,12.810,12.610,13673758;
sh600369:4.700,4.670,4.730,4.650,17329452;
sh600372:13.060,12.970,13.150,12.910,4418711;
sh600376:6.610,6.560,6.620,6.530,6741085;
sh600377:9.990,9.830,10.070,9.770,9196980;
sh600380:11.280,11.670,11.580,11.230,25008993;
sh600383:13.410,13.530,13.570,13.330,31324208;
sh600388:9.390,9.340,9.460,9.270,7884981;
sh600390:7.700,7.600,7.730,7.590,10370714;
sh600391:17.700,17.330,17.950,17.320,11316496;
sh600406:20.460,20.000,20.480,19.910,26658559;
sh600410:12.200,12.630,12.380,12.080,102650884;
sh600418:5.120,5.000,5.130,5.000,23522688;
sh600420:9.670,9.810,9.980,9.600,15488294;
sh600422:10.020,10.140,10.290,10.060,14907873;
sh600428:3.230,3.200,3.280,3.200,8810100;
sh600435:7.460,7.340,7.460,7.340,7055416;
sh600436:121.110,124.550,124.280,120.700,4718501;
sh600439:2.960,2.850,2.960,2.810,25460687;
sh600446:17.660,17.520,17.800,17.460,10541224;
sh600452:16.960,16.720,16.960,16.690,1229687;
sh600460:15.500,15.290,15.760,15.290,23379525;
sh600477:3.860,3.840,3.940,3.810,20397172;
sh600482:16.280,16.040,16.280,16.020,2249733;
sh600483:8.170,8.150,8.200,8.100,3977259;
sh600486:64.850,66.000,66.660,63.750,2942025;
sh600487:18.000,17.990,18.250,17.650,72074136;
sh600489:8.250,8.310,8.360,8.120,42941966;
sh600496:3.700,3.810,3.780,3.660,53143575;
sh600497:3.510,3.610,3.540,3.470,65041891;
sh600498:38.000,37.060,38.410,36.780,62099614;
sh600500:5.350,5.210,5.350,5.150,19676431;
sh600507:8.040,8.000,8.040,7.960,6408600;
sh600511:26.860,26.960,27.360,26.770,3719412;
sh600516:9.260,9.130,9.260,9.130,25055490;
sh600519:1073.330,1064.920,1091.200,1062.000,3004856;
sh600522:10.800,11.180,10.870,10.480,176262482;
sh600529:32.530,33.250,33.730,32.310,4253107;
sh600535:14.050,14.230,14.340,13.970,13122353;
sh600536:79.620,81.660,83.830,79.200,26432584;
sh600545:5.450,5.380,5.460,5.350,5411292;
sh600547:33.700,34.410,34.500,33.170,63914826;
sh600548:8.870,8.770,8.870,8.770,2768933;
sh600557:13.330,13.680,13.710,13.170,8894672;
sh600563:45.850,44.920,45.860,44.610,1631384;
sh600565:2.910,2.840,2.910,2.830,14271100;
sh600566:21.380,21.850,22.220,21.200,8061065;
sh600570:88.600,89.480,90.660,88.330,11488570;
sh600571:9.550,9.370,9.560,9.340,9692925;
sh600572:5.400,5.420,5.550,5.370,36412055;
sh600577:2.820,2.760,2.820,2.750,13309900;
sh600578:2.840,2.780,2.840,2.780,4547404;
sh600580:10.890,10.910,11.030,10.700,21073228;
sh600582:3.090,3.050,3.110,3.030,14813954;
sh600583:5.120,5.010,5.150,4.990,31864300;
sh600584:21.980,21.900,22.680,21.800,45843030;
sh600585:54.310,54.330,56.230,54.240,23976392;
sh600588:42.410,43.160,44.160,41.610,36818702;
sh600590:6.370,6.090,6.380,6.050,31231857;
sh600597:10.960,11.130,11.220,10.900,13458712;
sh600598:15.180,16.440,16.670,15.180,119380670;
sh600600:44.480,44.110,45.380,43.900,8824933;
sh600606:5.410,5.460,5.530,5.400,45853828;
sh600611:3.500,3.490,3.510,3.480,3402500;
sh600612:39.300,39.680,39.600,39.100,1991161;
sh600616:4.470,4.460,4.490,4.440,2610259;
sh600618:7.580,7.550,7.680,7.540,4035037;
sh600619:8.110,8.140,8.250,8.080,1860195;
sh600622:3.710,3.730,3.750,3.660,17274493;
sh600633:9.300,9.820,10.100,9.270,26965713;
sh600635:4.090,4.040,4.090,4.040,11782108;
sh600637:9.200,9.160,9.240,9.130,8683472;
sh600642:5.230,5.210,5.230,5.190,7582103;
sh600643:8.020,7.980,8.060,7.950,7725674;
sh600648:14.580,14.770,14.660,14.500,6314489;
sh600650:8.840,8.850,8.890,8.780,1167744;
sh600655:7.550,7.590,7.630,7.520,9102923;
sh600657:3.510,3.470,3.520,3.460,5833510;
sh600658:4.340,4.310,4.380,4.300,1573280;
sh600660:20.390,19.720,20.390,19.650,20868495;
sh600663:10.980,11.050,11.020,10.910,2437540;
sh600667:10.990,10.960,11.390,10.790,65109086;
sh600674:9.130,9.240,9.250,9.080,6808244;
sh600685:12.300,12.240,12.380,12.190,2992643;
sh600686:6.320,6.310,6.400,6.290,2280200;
sh600688:4.010,4.010,4.020,3.950,29311910;
sh600690:14.910,14.630,14.990,14.570,33149814;
sh600699:20.470,20.360,21.140,20.340,32811652;
sh600702:22.480,22.600,23.090,22.310,6710575;
sh600703:21.700,21.700,22.150,21.300,78480156;
sh600704:4.750,4.690,4.760,4.680,18176802;
sh600705:4.040,4.000,4.040,3.990,19577705;
sh600713:4.510,4.550,4.590,4.490,8547631;
sh600717:5.500,5.470,5.530,5.460,5034499;
sh600718:12.180,12.410,12.500,12.140,19866975;
sh600720:13.010,12.900,13.240,12.810,23649681;
sh600723:5.400,5.380,5.400,5.350,3136811;
sh600728:10.140,9.860,10.170,9.810,55774895;
sh600729:26.280,25.890,26.280,25.710,5606322;
sh600733:5.520,5.470,5.550,5.370,24752781;
sh600741:21.800,21.480,22.090,21.400,26751134;
sh600743:2.220,2.200,2.230,2.190,5657920;
sh600745:108.270,108.270,110.950,108.270,40431664;
sh600749:8.400,8.490,8.550,8.370,1681018;
sh600750:11.600,11.780,11.920,11.560,6921547;
sh600754:25.650,25.250,25.690,24.910,3491983;
sh600760:27.510,27.560,27.900,27.350,7016310;
sh600761:9.190,9.100,9.200,9.020,5664575;
sh600763:101.110,102.030,102.360,100.130,2375447;
sh600765:8.850,8.720,8.860,8.650,7191786;
sh600775:9.110,8.970,9.190,8.970,18963131;
sh600776:18.200,17.670,18.200,17.650,12820549;
sh600779:41.600,42.050,42.940,41.350,3150442;
sh600787:4.500,4.490,4.590,4.460,26634402;
sh600789:9.940,10.480,10.260,10.200,101044883;
sh600790:3.130,3.120,3.140,3.100,5587757;
sh600794:3.350,3.350,3.460,3.330,17232000;
sh600795:2.020,2.020,2.030,2.010,41990761;
sh600797:9.290,9.610,9.650,9.250,43312271;
sh600798:3.180,3.290,3.300,3.170,19268109;
sh600801:23.450,23.240,23.750,23.020,19655023;
sh600803:8.370,8.510,8.450,8.260,10942932;
sh600804:6.960,6.770,7.020,6.750,56295121;
sh600805:4.570,4.540,4.570,4.530,3267960;
sh600809:86.440,88.720,89.500,86.010,5480904;
sh600812:7.350,7.620,7.510,7.270,32076959;
sh600814:4.790,4.790,4.860,4.740,5695006;
sh600820:5.670,5.630,5.680,5.610,9667601;
sh600823:3.980,3.960,4.010,3.930,11897726;
sh600826:10.240,10.570,10.500,10.140,3482136;
sh600827:7.630,7.610,7.660,7.560,4892128;
sh600835:14.170,14.030,14.170,13.960,2693143;
sh600837:12.870,12.850,12.930,12.830,39351621;
sh600839:2.850,2.920,2.900,2.820,105918966;
sh600845:44.000,43.320,45.250,43.000,8188438;
sh600848:19.170,18.910,19.190,18.870,3469161;
sh600850:24.080,23.620,24.190,23.570,4694667;
sh600859:12.150,12.070,12.170,12.050,2814838;
sh600872:43.060,44.280,44.670,42.900,8817460;
sh600873:4.280,4.330,4.370,4.260,21502588;
sh600875:8.940,8.780,8.940,8.750,10153602;
sh600884:10.860,10.650,10.860,10.610,10379763;
sh600886:7.780,7.860,7.880,7.780,16525042;
sh600887:28.210,28.380,28.700,28.130,31351275;
sh603551:16.350,18.080,17.370,16.170,8271979;
sh600893:22.620,22.290,22.710,22.150,9617577;
sh600895:12.600,12.420,12.610,12.390,8197883;
sh600897:17.790,17.740,17.840,17.680,816217;
sh600900:16.890,16.830,17.010,16.730,22871426;
sh600958:9.330,9.200,9.360,9.190,21523662;
sh600967:9.680,9.440,9.680,9.370,12296669;
sh600970:6.100,6.020,6.100,6.000,14340966;
sh600975:7.740,8.250,8.440,7.700,35572010;
sh600987:5.540,5.470,5.540,5.460,4226463;
sh600993:15.210,15.370,15.540,15.180,3052761;
sh600995:7.670,7.540,7.700,7.530,6412900;
sh600998:17.290,17.540,17.580,17.090,6493594;
sh600999:16.690,16.640,16.710,16.600,8693836;
sh601003:5.010,4.990,5.030,4.980,3513110;
sh601006:6.860,6.790,6.880,6.770,25986580;
sh601007:8.840,8.800,9.150,8.750,6597843;
sh601009:7.300,7.370,7.340,7.260,43423075;
sh601010:3.230,3.250,3.280,3.200,11707700;
sh601012:23.700,23.610,24.180,23.220,65182718;
sh601018:3.540,3.650,3.740,3.530,95620971;
sh601021:32.900,33.400,33.600,32.620,7334386;
sh601038:5.810,5.990,6.090,5.790,16188092;
sh601088:15.610,15.940,15.890,15.570,27091553;
sh601099:3.450,3.410,3.470,3.410,86151959;
sh601107:3.500,3.500,3.510,3.480,3499601;
sh601111:6.860,6.880,6.960,6.810,41675410;
sh601116:11.900,12.130,12.460,11.860,7196669;
sh601117:6.010,5.900,6.020,5.880,35851638;
sh601137:12.660,12.700,12.710,12.400,6414651;
sh601139:7.390,7.180,7.390,7.150,17023757;
sh601158:5.260,5.230,5.270,5.220,4333300;
sh601166:15.800,16.190,16.060,15.720,117356964;
sh601169:4.830,4.850,4.840,4.800,57912124;
sh601186:9.540,9.370,9.550,9.360,85314787;
sh601198:11.220,11.140,11.240,11.120,9434305;
sh601211:16.550,16.300,16.550,16.270,23976417;
sh601216:2.510,2.500,2.520,2.490,23303158;
sh601238:11.010,10.920,11.150,10.900,9919243;
sh601288:3.350,3.370,3.360,3.340,135757601;
sh601360:19.700,19.620,19.850,19.550,16976092;
sh601318:69.480,70.190,70.230,69.350,54986973;
sh601328:5.110,5.120,5.120,5.080,64291124;
sh601333:2.410,2.390,2.420,2.380,18258761;
sh601336:40.880,40.520,40.990,40.400,13087181;
sh601377:6.420,6.380,6.430,6.360,23919041;
sh601390:5.270,5.180,5.270,5.140,74786773;
sh601398:5.130,5.180,5.170,5.110,155612848;
sh601519:7.630,7.530,7.700,7.500,27537030;
sh601555:8.140,8.230,8.290,8.120,31071909;
sh601579:7.680,7.700,7.780,7.630,761600;
sh601588:2.700,2.670,2.700,2.650,14236627;
sh601600:2.960,2.920,2.960,2.920,28939638;
sh601601:28.880,28.580,29.100,28.400,23940747;
sh601607:18.610,19.290,19.090,18.510,44027791;
sh601618:2.620,2.580,2.620,2.570,42712940;
sh601628:27.000,26.980,27.640,26.650,21752606;
sh601633:9.000,8.900,9.000,8.750,22837893;
sh601636:5.160,5.000,5.200,4.980,25625799;
sh601668:5.230,5.190,5.240,5.170,110846209;
sh601669:3.990,3.900,3.990,3.890,35317230;
sh601688:17.400,17.320,17.470,17.310,30855571;
sh601717:5.750,5.720,5.750,5.690,11233352;
sh601718:4.150,4.180,4.170,4.050,87571024;
sh601766:6.320,6.280,6.330,6.260,34577829;
sh601788:11.370,11.250,11.410,11.240,13211470;
sh601800:8.250,8.150,8.270,8.120,55930687;
sh601801:4.890,4.850,4.890,4.840,3362886;
sh601808:12.730,12.000,12.730,11.930,21861114;
sh601857:4.850,4.790,4.850,4.780,155892679;
sh601872:5.480,5.550,5.800,5.420,126230167;
sh601877:23.930,23.800,24.240,23.690,7564139;
sh600663:10.980,11.050,11.020,10.910,2437540;
sh600667:10.990,10.960,11.390,10.790,65109086;
sh600674:9.130,9.240,9.250,9.080,6808244;
sh600685:12.300,12.240,12.380,12.190,2992643;
sh600686:6.320,6.310,6.400,6.290,2280200;
sh600688:4.010,4.010,4.020,3.950,29311910;
sh600690:14.910,14.630,14.990,14.570,33149814;
sh600699:20.470,20.360,21.140,20.340,32811652;
sh600702:22.480,22.600,23.090,22.310,6710575;
sh600703:21.700,21.700,22.150,21.300,78480156;
sh600704:4.750,4.690,4.760,4.680,18176802;
sh600705:4.040,4.000,4.040,3.990,19577705;
sh600713:4.510,4.550,4.590,4.490,8547631;
sh600717:5.500,5.470,5.530,5.460,5034499;
sh600718:12.180,12.410,12.500,12.140,19866975;
sh600720:13.010,12.900,13.240,12.810,23649681;
sh600723:5.400,5.380,5.400,5.350,3136811;
sh600728:10.140,9.860,10.170,9.810,55774895;
sh600729:26.280,25.890,26.280,25.710,5606322;
