sh600048:15.600,15.330,15.640,15.200,83326792;
sh600053:30.000,29.190,30.140,29.160,11524408;
sh600061:14.390,14.260,14.480,14.050,54608131;
sh600063:3.800,3.800,3.810,3.730,27909001;
sh600071:10.770,10.830,10.850,10.690,3133966;
sh600076:4.000,4.010,4.010,3.970,17003010;
sh600077:2.800,2.880,2.920,2.800,9728834;
sh600078:5.100,5.080,5.220,5.050,34200385;
sh600079:14.450,14.570,14.450,14.310,20793634;
sh600081:12.040,12.600,12.240,11.990,14805800;
sh600082:3.610,3.650,3.660,3.610,4794688;
sh600090:4.460,4.480,4.490,4.420,22241101;
sh600101:6.400,6.460,6.520,6.390,7232551;
sh600111:10.070,10.200,10.280,10.010,62838440;
sh600113:6.730,6.690,6.840,6.670,7502040;
sh600115:5.030,5.020,5.030,4.980,61504687;
sh600120:10.580,10.580,10.580,10.310,58750945;
sh600146:12.190,12.750,13.400,12.010,15320134;
sh600151:4.520,4.720,4.560,4.490,41891406;
sh600156:4.590,5.060,5.060,4.590,14396522;
sh600160:7.480,7.950,7.890,7.430,123195920;
sh600161:35.280,35.360,35.290,34.710,11201297;
sh600162:2.120,2.120,2.130,2.100,17883101;
sh600169:2.060,2.060,2.070,2.050,14392479;
sh600175:1.540,1.570,1.600,1.530,107218277;
sh600197:14.490,14.450,14.590,14.420,5953174;
sh600199:5.510,5.560,5.590,5.500,11853624;
sh600200:8.430,8.680,8.590,8.310,82517728;
sh600203:6.840,6.960,7.090,6.830,15518378;
sh600206:15.660,16.300,16.300,15.610,95213846;
sh600207:4.750,4.860,4.910,4.740,17646375;
sh600208:3.500,3.560,3.600,3.470,155377218;
sh600213:8.200,8.530,8.470,8.170,15359635;
sh600218:10.930,11.190,11.180,10.820,36536474;
sh600221:1.800,1.810,1.900,1.770,536435084;
sh600223:8.960,8.990,9.050,8.800,45554763;
sh600226:2.940,2.970,3.020,2.920,75202948;
sh600227:2.670,2.680,2.680,2.650,8311807;
sh600235:4.850,4.840,4.900,4.820,11133201;
sh600236:4.570,4.610,4.590,4.560,4000495;
sh600242:7.850,8.160,8.270,7.820,30388976;
sh600246:5.720,5.670,5.720,5.580,7355013;
sh600262:16.610,16.620,16.670,16.510,616612;
sh600266:7.420,7.520,7.490,7.390,16153432;
sh600267:15.450,15.880,15.660,14.810,89957716;
sh600268:5.100,5.200,5.340,5.030,22172005;
sh600278:10.290,10.400,10.370,10.240,7174011;
sh600279:3.970,4.010,3.990,3.940,5682770;
sh600283:9.250,9.270,9.310,9.200,1738430;
sh600285:9.580,9.660,9.630,9.490,9403645;
sh600288:13.150,13.300,13.370,13.140,10219930;
sh600291:8.200,8.350,8.430,8.130,25496743;
sh600293:2.950,2.980,3.000,2.930,20215408;
sh600300:3.010,3.010,3.020,2.990,14984556;
sh600310:4.190,4.140,4.190,4.120,9373500;
sh600311:3.210,3.330,3.340,3.190,62617499;
sh600313:3.090,3.100,3.140,3.070,29947900;
sh600317:2.290,2.310,2.300,2.270,14664281;
sh600322:2.660,2.660,2.670,2.650,14469335;
sh600323:19.800,20.280,19.800,19.550,9091827;
sh600326:6.900,6.970,7.080,6.900,19153308;
sh600336:5.070,4.980,5.110,4.920,24447853;
sh600337:4.460,4.580,4.520,4.420,27985525;
sh600338:11.130,11.020,11.130,10.950,9592095;
sh600339:3.000,3.010,3.030,2.990,29895511;
sh600351:5.740,5.710,5.770,5.630,13114693;
sh600353:5.680,5.840,5.820,5.620,18130830;
sh600354:5.090,5.100,5.200,5.030,28035730;
sh600355:3.370,3.520,3.470,3.340,38441823;
sh600360:8.910,9.890,9.780,8.870,156211073;
sh600363:15.260,15.460,15.660,15.200,15563192;
sh600366:6.270,6.490,6.440,6.230,44326826;
sh600371:12.700,12.550,12.790,12.400,16367188;
sh600375:4.300,4.410,4.390,4.280,10846647;
sh600381:5.130,5.180,5.200,5.100,5016990;
sh600392:7.910,8.190,8.270,7.890,37443088;
sh600393:2.780,2.770,2.810,2.750,22883626;
sh600398:7.230,7.190,7.280,7.180,8190163;
sh600419:11.880,11.960,12.050,11.800,3680138;
sh600425:3.740,3.750,3.790,3.700,25880579;
sh600429:5.100,5.080,5.120,5.050,4785106;
sh600449:10.650,10.750,10.890,10.650,11820340;
sh600455:29.530,29.570,29.980,29.300,6389952;
sh600463:6.430,6.530,6.540,6.430,2884289;
sh600466:6.830,6.770,6.840,6.750,20191427;
sh600467:2.290,2.320,2.340,2.290,19160002;
sh600476:15.300,14.940,15.770,14.760,14900254;
sh600478:4.620,4.610,4.690,4.540,38090947;
sh600479:9.420,9.420,9.460,9.370,15467143;
sh600480:9.310,9.990,9.490,9.190,27689875;
sh600481:3.100,3.100,3.120,3.070,7736002;
sh600488:4.630,4.660,4.680,4.580,11653343;
sh600495:3.960,4.000,3.980,3.940,19912303;
sh600499:5.550,5.390,5.770,5.310,57450694;
sh600501:8.930,9.070,9.080,8.840,17028866;
sh600503:3.420,3.440,3.520,3.390,48972074;
sh600505:9.270,9.340,9.580,9.240,7864340;
sh600506:9.220,9.200,9.260,9.160,2832000;
sh600517:7.530,7.700,7.590,7.410,39592510;
sh600520:10.800,11.150,11.490,10.600,6039836;
sh600525:5.540,5.680,5.620,5.530,31430824;
sh600526:5.200,5.230,5.240,5.170,6166195;
sh600527:2.680,2.680,2.730,2.670,59206500;
sh600530:4.150,4.290,4.370,4.140,15668042;
sh600533:3.130,3.130,3.140,3.120,11443500;
sh600537:3.250,3.240,3.300,3.210,24176623;
sh600549:12.930,12.970,13.270,12.900,23022019;
sh600559:10.120,10.030,10.120,9.960,19888557;
sh600562:15.230,15.710,15.490,15.150,11502054;
sh600568:1.750,1.750,1.750,1.730,49858999;
sh600573:6.070,6.110,6.110,6.040,3510149;
sh600587:17.360,17.840,17.420,17.120,11623506;
sh600593:40.000,40.080,40.160,39.560,1110800;
sh600596:9.650,9.570,9.650,9.540,16456530;
sh600601:3.380,3.460,3.440,3.360,44638646;
sh600602:9.280,9.330,9.460,9.200,28585164;
sh600603:5.340,5.290,5.430,5.220,11968068;
sh600604:8.000,8.070,8.160,7.790,42055919;
sh600613:7.770,7.830,7.850,7.660,10771585;
sh600623:6.140,6.140,6.160,6.110,11734406;
sh600624:10.490,10.580,10.580,10.350,68629653;
sh600626:6.530,6.530,6.630,6.480,31205332;
sh600628:8.410,8.560,8.460,8.300,2186273;
sh600630:8.530,8.600,8.670,8.490,18452803;
sh600638:5.920,6.060,5.920,5.850,6725107;
sh600639:13.170,13.210,13.260,13.120,1557707;
sh600640:20.800,22.850,22.720,20.770,27493941;
sh600641:25.900,26.870,26.970,25.800,29831924;
sh600644:5.260,5.290,5.270,5.220,3727308;
sh600645:17.900,17.860,17.970,17.600,8669466;
sh600647:12.930,13.190,13.110,12.800,2130731;
sh600649:5.250,5.350,5.300,5.210,15567763;
sh600651:4.070,4.100,4.190,4.020,38076258;
sh600661:19.600,19.870,20.190,19.410,8528931;
sh600662:4.260,4.240,4.320,4.220,10033777;
sh600668:14.760,14.820,14.910,14.630,14804302;
sh603179:23.430,23.500,23.800,23.210,2542950;
sh600671:12.540,12.580,12.690,12.490,3103908;
sh600677:5.150,5.090,5.150,5.070,28336938;
sh600678:7.390,7.410,7.580,7.220,32205528;
sh600682:9.710,9.700,9.830,9.640,13937389;
sh600683:4.000,4.080,4.070,4.000,7711659;
sh600684:3.300,3.340,3.320,3.270,7393215;
sh600689:8.830,8.830,8.890,8.730,3321776;
sh600693:5.080,5.040,5.080,5.000,4838577;
sh600695:10.200,9.840,10.870,10.120,100660859;
sh600697:16.020,16.000,16.080,15.910,3824118;
sh600706:7.940,7.820,7.940,7.780,3504660;
sh600708:3.110,3.110,3.140,3.100,16216098;
sh600711:4.970,5.020,5.040,4.940,54192831;
sh600712:7.020,7.210,7.180,6.970,59477481;
sh600716:4.010,3.970,4.010,3.950,8985063;
sh600719:4.310,4.280,4.350,4.240,3450800;
sh600724:3.280,3.290,3.310,3.270,3455359;
sh600730:4.920,4.970,4.980,4.890,16761404;
sh600734:5.290,5.740,5.690,5.280,49724120;
sh600736:5.440,5.540,5.530,5.420,21014683;
sh600737:9.060,8.890,9.150,8.870,34824586;
sh600744:2.350,2.370,2.370,2.330,9025360;
sh600746:7.490,7.570,7.550,7.470,8141121;
sh600748:5.230,5.200,5.270,5.170,12305773;
sh603893:36.170,36.170,36.170,36.170,206720;
sh600755:6.980,6.990,7.010,6.940,22310458;
sh600756:22.110,22.830,23.220,22.110,30537692;
sh600764:30.360,30.300,31.300,30.000,7587616;
sh600770:5.560,5.860,5.750,5.510,57308035;
sh600771:15.810,15.970,16.060,15.580,8210396;
sh600773:5.780,5.810,5.830,5.720,11259191;
sh600777:1.990,2.020,2.040,1.980,102946980;
sh600783:14.770,14.760,14.970,14.610,15356602;
sh600784:4.600,4.700,4.680,4.600,4934497;
sh600785:14.480,14.530,14.620,14.300,904265;
sh600796:5.580,5.520,5.590,5.500,7224100;
sh600800:5.150,5.180,5.170,5.100,8697941;
sh600802:10.000,10.040,10.290,10.030,25385034;
sh600808:2.810,2.790,2.810,2.770,19214490;
sh600818:11.280,11.600,11.500,11.250,2253889;
sh600819:5.100,5.190,5.290,5.050,14392080;
sh600821:4.230,4.240,4.280,4.210,3125213;
sh600822:9.710,9.850,9.760,9.670,7099302;
sh600824:3.180,3.160,3.180,3.150,6325983;
sh600825:5.140,5.270,5.200,5.080,14246845;
sh600828:4.110,4.180,4.220,4.080,7183313;
sh600829:8.030,8.150,8.040,7.920,11236125;
sh600830:5.370,5.240,5.370,5.240,10577257;
sh600831:10.700,10.280,11.500,10.100,101220243;
sh600833:10.370,10.340,10.370,10.230,2886100;
sh600834:6.550,6.530,6.560,6.460,2569359;
sh600836:4.530,4.510,4.530,4.470,10040406;
sh600838:5.600,5.600,5.740,5.580,3830703;
sh600841:6.590,6.640,6.650,6.550,1355302;
sh600843:7.470,7.450,7.500,7.430,1331520;
sh600846:9.200,9.330,9.330,9.170,19784272;
sh600851:8.090,8.190,8.170,8.020,4765080;
sh600853:3.150,3.170,3.190,3.140,7049171;
sh600854:3.550,3.610,3.560,3.520,9636486;
sh600855:11.740,12.000,12.050,11.740,7019177;
sh600857:9.600,9.620,9.660,9.480,727336;
sh600860:5.030,5.060,5.090,4.970,5238820;
sh600861:8.920,9.320,9.100,8.880,3697337;
sh600862:12.950,13.390,13.040,12.790,32834030;
sh600864:7.650,7.710,7.800,7.570,81835540;
sh600865:6.200,6.180,6.240,6.150,2569400;
sh600866:5.380,5.600,5.540,5.350,57093494;
sh600867:12.040,12.160,12.240,11.920,38196906;
sh600868:3.330,3.350,3.340,3.310,28789875;
sh600869:4.310,4.360,4.370,4.300,40898465;
sh600871:2.200,2.270,2.210,2.190,44719186;
sh600874:7.080,7.140,7.130,7.070,8755903;
sh600876:15.800,16.010,16.260,15.700,15979140;
sh600879:6.870,7.140,7.020,6.830,139163118;
sh600880:3.790,3.820,3.850,3.760,10352721;
sh600882:18.850,18.730,19.170,18.520,3317469;
sh600885:35.780,36.730,36.330,35.460,9812147;
sh600888:4.680,4.620,4.680,4.560,17721040;
sh600889:4.780,4.730,4.930,4.720,4365706;
sh600894:7.030,7.130,7.190,7.000,7726166;
sh600898:7.020,7.310,7.470,6.910,8549056;
sh600917:6.710,6.770,6.800,6.700,4209745;
sh600959:3.990,3.970,4.090,3.950,25377576;
sh600962:7.470,7.550,7.580,7.440,3383721;
sh600965:7.880,7.790,7.880,7.720,7977324;
sh600966:7.250,7.370,7.440,7.210,19236090;
sh600973:4.070,4.420,4.420,4.040,49542439;
sh600976:17.080,17.940,17.080,16.880,5368811;
sh600980:13.200,13.550,13.280,13.100,7228029;
sh600981:3.440,3.440,3.510,3.420,10013195;
sh600982:2.820,2.810,2.830,2.790,5532353;
sh600983:4.480,4.590,4.520,4.460,3090484;
sh600986:4.480,4.530,4.580,4.430,77578433;
sh600988:8.170,8.730,8.500,8.120,164531014;
sh600990:47.690,48.190,48.110,47.200,4386432;
sh600992:6.430,6.440,6.480,6.400,1475393;
sh601002:5.670,5.780,5.740,5.600,19946961;
sh601008:3.630,3.640,3.650,3.600,8371475;
sh601016:2.330,2.360,2.370,2.320,31224048;
sh601069:15.820,16.100,16.100,15.700,35457559;
sh601100:54.350,54.350,54.350,52.660,3043084;
sh601106:2.770,2.830,2.810,2.760,27839033;
sh601118:4.560,4.600,4.640,4.510,37001281;
sh601126:5.380,5.470,5.480,5.350,6496238;
sh601168:6.650,6.680,6.790,6.600,39377065;
sh601199:3.950,4.040,4.070,3.940,10654062;
sh601222:5.550,5.730,5.750,5.510,44621955;
sh601226:4.000,3.990,4.010,3.960,3399157;
sh601233:14.200,14.060,14.290,13.970,31143040;
sh601311:10.370,10.280,10.470,10.180,25829545;
sh601339:3.800,3.780,3.810,3.780,3995600;
sh601388:1.750,1.770,1.780,1.740,23566463;
sh601515:6.380,6.460,6.440,6.340,8864379;
sh601567:8.360,8.380,8.480,8.320,9797794;
sh601608:3.770,3.770,3.840,3.740,28888135;
sh601616:2.930,2.950,2.970,2.910,10611897;
sh601677:11.620,11.620,11.730,11.490,8511236;
sh601689:24.880,25.170,25.390,24.730,22128798;
sh601700:5.820,5.870,5.850,5.750,29264531;
sh601727:4.820,4.820,4.850,4.800,24405685;
sh601789:3.920,3.950,4.220,3.920,33600684;
sh601799:96.800,98.330,97.990,94.000,2107356;
sh601818:3.940,3.930,3.950,3.900,111514661;
sh601866:2.280,2.330,2.290,2.270,52213889;
sh601958:6.960,7.050,7.090,6.950,22224848;
sh601968:4.830,4.890,4.920,4.830,3536700;
sh601996:2.700,2.670,2.700,2.660,11268174;
sh603002:4.790,4.960,4.880,4.750,30285337;
sh603003:7.600,7.550,7.740,7.500,7584886;
sh603006:11.400,11.500,11.650,11.320,3821998;
sh603009:8.840,8.910,9.440,8.610,62418669;
sh603010:17.170,17.230,17.950,16.660,36230300;
sh603015:6.140,6.100,6.140,6.010,3134200;
sh603017:9.990,9.920,9.990,9.870,1917508;
sh603018:10.060,10.000,10.170,10.010,4995850;
sh603020:7.990,8.130,8.170,7.960,3652831;
sh603021:6.890,7.000,7.030,6.830,4432524;
sh603022:17.130,17.490,17.690,16.850,4945941;
sh603023:4.530,4.610,4.600,4.510,7251340;
sh603025:9.020,9.050,9.180,8.950,5206672;
sh603085:7.240,7.210,7.330,7.160,4906904;
sh603088:9.150,9.180,9.250,9.090,2155522;
sh603099:8.380,9.150,8.640,8.350,7222603;
sh603108:10.990,10.970,11.020,10.870,8615762;
sh603111:6.400,6.310,6.540,6.290,24110200;
sh603116:6.090,6.060,6.110,6.050,3037580;
sh603117:3.750,3.790,3.790,3.720,9571544;
sh603123:7.090,7.030,7.140,6.940,6583430;
sh603126:4.520,4.480,4.530,4.480,5461028;
sh603158:26.400,27.800,26.950,25.920,10214190;
sh603168:8.450,9.040,8.550,8.400,12504235;
sh603222:52.700,52.720,52.870,52.300,566448;
sh603227:4.490,4.520,4.560,4.480,12174149;
sh603268:15.380,15.490,15.600,15.370,1001380;
sh603299:6.440,6.430,6.490,6.420,9907879;
sh603300:7.580,7.590,7.650,7.520,17785328;
sh603308:20.090,21.220,20.700,19.910,20310875;
sh603318:9.550,9.660,9.620,9.480,13528562;
sh603333:7.730,7.750,7.860,7.650,14068287;
sh603366:7.790,7.440,8.290,7.330,94709777;
sh603456:17.420,17.620,17.460,16.770,26841692;
sh603508:58.200,59.260,59.600,57.600,3359775;
sh603519:13.500,13.400,13.570,13.230,3347643;
sh603566:16.570,16.520,16.640,16.350,2387700;
sh603568:28.670,29.250,28.690,28.200,5108659;
sh603600:12.410,12.670,12.850,12.330,6142768;
sh603601:10.380,10.700,10.850,10.320,53077865;
sh603609:11.770,11.790,11.970,11.650,8793069;
sh603611:20.230,22.230,20.950,19.930,13763780;
sh603616:7.390,7.370,7.430,7.330,2941600;
sh603618:5.170,5.310,5.260,5.170,9810503;
sh603688:31.230,32.320,31.830,30.800,15290398;
sh603703:16.500,16.270,17.140,16.050,6484045;
sh603789:14.500,14.300,14.620,14.260,6505600;
sh603800:11.870,11.780,11.870,11.730,2190051;
sh603808:13.750,13.610,13.830,13.550,6340110;
sh603818:7.440,7.420,7.440,7.320,2920547;
sh603838:8.750,8.430,9.050,8.420,6898996;
sh603918:11.460,11.900,11.880,11.400,9760622;
sh603936:23.620,23.860,24.430,23.530,18538179;
sh603968:15.090,14.750,15.130,14.680,3216326;
sh603989:29.000,28.940,29.190,28.280,4277680;
sh603997:8.380,8.480,8.560,8.270,8797902;
sh603998:7.480,7.580,7.520,7.440,7535857;
sh603999:7.320,7.460,7.460,7.290,17067804;
sh600127:4.550,4.720,4.810,4.550,44935035;
sh603377:16.990,17.050,16.990,16.790,2784957;
sh601900:11.150,10.930,11.190,10.880,22415383;
sh603919:15.570,15.590,15.670,15.390,5313915;
sh603861:7.800,7.980,7.980,7.800,1972694;
sh603028:10.800,11.110,10.800,10.560,3825600;
sh603798:10.800,10.820,10.840,10.730,2910200;
sh603701:12.920,13.060,13.240,12.850,12032632;
sh603726:19.800,20.740,20.010,19.510,5946564;
sh603528:8.400,7.840,8.520,7.820,33681958;
sh603339:12.850,12.870,13.040,12.760,2101500;
sh603131:24.700,24.860,24.930,24.000,14373126;
sh603016:17.280,17.010,17.500,16.930,2471492;
sh603069:12.900,13.480,13.510,12.900,10974090;
sh600936:4.000,3.980,4.160,3.950,22116789;
sh601997:8.850,8.830,8.920,8.810,18220990;
sh601595:13.630,13.550,13.750,13.450,3574800;
sh603515:26.920,26.870,26.920,26.630,4316515;
sh603843:4.270,4.270,4.290,4.230,8480352;
sh601163:14.890,14.820,14.960,14.750,7489738;
sh603393:33.000,35.600,34.340,32.850,9471717;
sh603738:32.720,33.190,34.300,32.400,15009627;
sh601128:8.280,8.240,8.310,8.160,31424909;
sh603313:27.520,27.500,28.170,27.000,5104891;
sh600926:8.920,8.950,8.950,8.890,24295835;
sh603888:28.500,29.880,29.600,28.410,25037897;
sh603060:21.710,21.570,21.740,21.340,2156960;
sh603633:12.240,12.300,12.250,12.040,6076514;
sh603987:10.600,10.720,10.730,10.350,14964604;
sh603336:14.500,14.680,14.690,14.330,8596970;
sh603660:13.860,14.310,14.600,13.850,37166585;
sh603559:17.370,17.550,17.670,17.310,5136539;
sh603033:20.400,20.290,20.500,19.600,3539128;
sh603389:5.090,5.140,5.130,5.040,2748058;
sh603058:7.010,7.010,7.070,6.960,2486585;
sh603886:16.900,16.820,17.020,16.710,3361202;
sh603239:11.400,11.780,11.570,11.340,3715142;
sh601375:5.650,5.640,5.720,5.560,88799141;
sh603035:15.530,15.790,15.630,15.340,11246005;
sh603032:20.500,20.520,20.500,20.180,4264065;
sh603877:15.730,15.750,15.900,15.650,1486244;
sh603689:10.810,10.870,10.910,10.760,4152700;
sh603579:30.400,29.960,30.580,29.900,1947888;
sh603639:25.560,25.700,25.750,25.390,2577558;
sh601858:11.680,11.580,11.780,11.530,6791769;
sh603638:31.200,31.420,31.870,30.920,1414358;
sh603429:46.500,50.120,50.600,46.270,4385375;
sh603966:10.200,10.180,10.320,10.090,2915171;
sh603089:13.690,13.660,13.880,13.470,2276350;
sh603360:33.710,33.610,33.800,33.300,1600733;
sh603677:12.330,12.880,12.770,12.080,3616217;
sh603637:15.100,14.930,15.100,14.890,1172823;
sh601212:3.370,3.550,3.540,3.370,71641894;
sh603603:7.920,7.980,8.060,7.920,4414400;
sh603817:6.300,6.270,6.350,6.240,3100316;
sh603717:8.170,8.260,8.240,8.130,4185396;
sh603656:14.940,14.690,14.940,14.520,1772024;
sh603133:24.620,24.900,25.030,24.390,8339460;
sh603811:26.000,26.320,26.140,25.610,2683734;
sh603955:15.450,15.780,15.920,15.450,1331020;
sh603908:23.480,23.820,23.960,23.480,466000;
sh603991:16.520,16.680,16.810,16.520,525686;
sh603578:22.650,22.750,22.940,22.280,1262650;
sh601366:5.430,5.460,5.550,5.430,9738024;
sh603787:15.690,16.020,15.980,15.300,13106004;
sh603320:16.470,16.530,16.880,16.410,1200915;
sh603906:10.290,10.500,10.450,10.260,6916748;
sh603586:18.550,18.500,18.750,18.360,3175054;
sh603538:24.290,24.730,24.340,24.130,5051130;
sh603385:10.320,10.280,10.430,10.220,6178170;
sh603178:10.460,10.630,11.020,10.450,10280688;
sh603238:22.000,23.100,23.000,22.000,4829153;
sh603229:24.800,25.050,25.000,24.550,2044693;
sh603728:12.490,12.580,12.880,12.370,8229554;
sh603896:30.750,30.470,30.780,30.430,1327100;
sh603488:8.270,8.390,8.370,8.180,1938606;
sh603197:33.800,34.690,35.250,33.780,8240052;
sh603580:11.960,11.940,12.030,11.810,969324;
sh603200:28.490,28.950,28.950,26.850,8087483;
sh603042:15.630,15.670,15.790,15.510,5748263;
sh603536:16.830,16.920,17.690,15.600,29315474;
sh603326:17.900,17.690,17.980,17.530,2565836;
sh603316:8.450,8.420,8.530,8.370,1497225;
sh603335:4.550,4.580,4.600,4.520,6230186;
sh603380:17.000,17.080,17.070,16.810,3296701;
sh603286:16.860,16.990,17.060,16.680,3526100;
sh603938:32.300,35.560,33.800,31.880,8714563;
sh603331:15.950,15.970,15.990,15.840,516500;
sh603933:15.830,15.410,16.080,15.380,8276770;
sh603595:30.220,30.450,30.700,29.710,5839540;
sh603612:12.880,12.410,12.880,12.260,4942540;
sh603676:10.530,10.590,10.600,10.490,2540300;
sh603063:9.020,9.030,9.080,8.930,2683590;
sh603233:54.020,54.710,54.880,53.750,3741878;
sh603357:9.900,9.800,9.940,9.780,4526340;
sh603860:25.990,26.260,26.350,25.810,327228;
sh603880:14.690,14.920,15.150,14.630,8605982;
sh603776:20.700,21.320,21.260,20.700,6380344;
sh603976:16.760,17.000,16.850,16.670,3738619;
sh603079:55.880,55.880,55.880,53.300,3596467;
sh603725:6.680,6.650,6.740,6.610,2287442;
sh603813:17.890,18.010,18.070,17.760,938116;
sh603136:24.250,24.900,24.560,24.070,2007591;
sh603378:25.880,27.000,26.660,25.710,3484223;
sh603367:17.300,17.340,17.340,17.130,6724433;
sh603103:16.540,16.550,17.050,16.410,8376356;
sh603110:16.260,16.380,16.430,16.110,4289960;
sh603499:15.190,15.230,15.320,15.080,1019266;
sh603829:9.850,9.920,9.860,9.760,1505566;
sh603722:37.990,38.080,38.230,37.460,2242688;
sh603659:97.900,98.600,97.900,93.190,6749600;
sh603076:22.370,22.370,22.490,22.170,434800;
sh603661:40.250,40.130,40.460,40.020,1054554;
sh601019:6.610,6.680,6.680,6.590,6730772;
sh603890:11.490,11.620,11.520,11.310,11972238;
sh603477:11.550,11.680,11.750,11.450,6389825;
sh603895:20.640,20.530,20.740,20.400,1251589;
sh603516:50.310,51.260,51.990,50.310,3347529;
sh603871:31.070,30.900,31.240,30.730,1176084;
sh603709:23.510,23.700,23.750,23.370,740677;
sh603712:26.500,26.820,26.930,26.350,9742874;
sh603059:25.400,25.750,25.650,25.230,1785053;
sh600929:6.300,6.320,6.370,6.260,6811810;
sh603897:17.700,18.120,18.370,17.700,2399004;
sh603301:33.640,34.990,34.850,33.640,13142062;
sh603773:39.880,39.750,41.860,39.340,6642928;
sh603666:101.150,99.630,103.400,100.330,1052570;
sh601990:14.700,14.620,14.940,14.420,319997716;
sh603713:43.940,44.890,45.660,43.520,2681702;
sh601606:10.500,10.660,10.650,10.420,12530734;
sh603590:37.220,37.940,37.220,36.910,3975926;
sh603192:26.480,26.210,26.480,26.010,1301000;
sh601068:4.720,4.780,4.780,4.720,9993125;
sh603297:36.110,39.210,37.890,35.970,5543524;
sh603790:14.650,14.510,14.690,14.470,3376990;
