sh600048:15.500,15.300,15.610,15.210,44248546;
sh600053:25.000,24.730,25.180,24.710,2992136;
sh600061:12.380,12.180,12.410,12.180,13437337;
sh600063:3.780,3.690,3.780,3.660,26635962;
sh600071:9.050,9.190,9.430,8.920,3760120;
sh600076:3.820,3.760,3.820,3.760,6428600;
sh600077:2.900,2.900,2.910,2.870,5466900;
sh600078:5.240,5.320,5.240,5.060,41300180;
sh600079:20.710,21.160,21.710,20.710,47212351;
sh600081:10.800,10.650,10.910,10.630,2772701;
sh600082:3.480,3.410,3.480,3.400,3762400;
sh600090:4.080,4.180,4.150,4.060,20472516;
sh600101:5.960,5.950,5.980,5.940,1445010;
sh600111:9.290,9.130,9.290,9.100,25877962;
sh600113:6.280,6.210,6.310,6.200,3775871;
sh600115:4.210,4.250,4.290,4.180,42668852;
sh600120:8.910,8.740,8.920,8.730,6920654;
sh600146:13.320,13.270,13.580,12.910,12141970;
sh600151:4.460,4.420,4.460,4.400,3481235;
sh600156:4.600,4.570,4.690,4.560,7114400;
sh600160:7.120,7.030,7.170,7.020,22691264;
sh600161:36.140,35.850,36.860,35.470,9105197;
sh600162:2.040,2.020,2.040,2.010,4748300;
sh600169:2.050,2.020,2.050,2.020,6677810;
sh600175:1.250,1.180,1.250,1.140,135122934;
sh600197:12.900,12.900,13.040,12.870,4350117;
sh600199:5.090,5.030,5.100,5.010,4377370;
sh600200:7.230,7.700,7.600,7.190,70883644;
sh600203:9.300,9.090,9.300,9.030,12930181;
sh600206:12.410,12.370,12.530,12.320,26385142;
sh600207:4.160,4.130,4.180,4.130,1931300;
sh600208:3.080,3.050,3.120,3.040,43406500;
sh600213:7.570,7.550,7.610,7.450,4022440;
sh600218:8.620,9.110,8.720,8.580,20332532;
sh600221:1.570,1.560,1.570,1.550,64577958;
sh600223:6.840,6.690,6.860,6.680,15103005;
sh600226:2.470,2.400,2.490,2.380,39242229;
sh600227:3.070,3.030,3.080,3.000,18590347;
sh600235:4.760,4.660,4.770,4.630,8542701;
sh600236:4.440,4.440,4.450,4.420,1650728;
sh600242:7.370,7.210,7.460,7.200,15490700;
sh600246:7.470,7.340,7.560,7.250,25149528;
sh600262:15.550,15.480,15.630,15.300,942800;
sh600266:6.900,6.870,6.930,6.870,10077978;
sh600267:16.310,17.780,17.280,16.200,120635761;
sh600268:7.490,7.720,7.720,7.260,66538865;
sh600278:9.120,9.020,9.120,9.020,1793900;
sh600279:3.740,3.740,3.770,3.720,3382390;
sh600283:10.300,10.900,10.410,10.050,11912073;
sh600285:8.920,8.990,9.240,8.910,12815946;
sh600288:11.290,11.110,11.290,11.070,1976900;
sh600291:7.210,7.140,7.320,7.140,9010404;
sh600293:2.800,2.770,2.820,2.760,8662674;
sh600300:3.440,3.390,3.440,3.390,76867409;
sh600310:3.840,3.800,3.870,3.800,4087816;
sh600311:2.600,2.550,2.610,2.550,18923211;
sh600313:3.910,4.060,3.980,3.860,107935005;
sh600317:2.170,2.160,2.170,2.140,6058800;
sh600322:2.560,2.520,2.560,2.520,10032500;
sh600323:19.600,19.800,20.330,19.570,11780512;
sh600326:6.980,6.870,6.990,6.830,11785064;
sh600336:5.390,5.290,5.420,5.180,20997619;
sh600337:4.400,4.410,4.410,4.290,16803415;
sh600338:8.220,8.150,8.220,8.100,5903020;
sh600339:2.740,2.720,2.750,2.710,17732767;
sh600351:5.210,5.430,5.380,5.180,24745783;
sh600353:5.340,5.220,5.340,5.200,6784398;
sh600355:3.250,3.200,3.260,3.200,9753922;
sh600360:7.730,7.660,7.840,7.620,56809176;
sh600363:14.500,14.100,14.500,13.990,5711567;
sh600366:5.670,5.590,5.780,5.590,28740937;
sh600371:12.890,13.740,13.490,12.770,43847765;
sh600375:4.450,4.500,4.720,4.450,11410816;
sh600381:4.960,4.900,4.980,4.810,9972223;
sh600392:7.440,7.280,7.580,7.260,44199604;
sh600393:2.930,2.900,2.960,2.880,17615940;
sh600398:6.300,6.380,6.360,6.280,7334628;
sh600419:12.260,11.850,12.260,11.850,8248880;
sh600425:3.810,3.770,3.810,3.750,22049380;
sh600429:5.380,5.320,5.400,5.310,3934080;
sh600449:13.980,13.540,14.060,13.500,17731033;
sh600455:24.620,24.290,24.750,24.290,1616300;
sh600463:6.130,5.990,6.130,5.980,1509200;
sh600466:6.250,6.170,6.270,6.130,12765558;
sh600467:2.690,2.680,2.690,2.620,75808938;
sh600476:12.560,12.540,12.700,12.490,1490160;
sh600478:4.010,3.900,4.010,3.880,12831680;
sh600479:9.290,9.400,9.450,9.210,16662303;
sh600480:9.420,9.490,9.750,9.260,13479109;
sh600481:2.960,2.950,2.990,2.940,2773192;
sh600488:4.780,5.100,5.100,4.730,32786964;
sh600495:4.340,4.220,4.370,4.210,20914390;
sh600499:4.340,4.270,4.340,4.270,4762950;
sh600501:9.530,9.300,9.670,9.250,20139083;
sh600503:3.100,3.070,3.130,3.070,9817418;
sh600505:9.590,9.560,9.680,9.490,2296400;
sh600506:9.030,9.170,9.100,8.960,4621622;
sh600517:6.950,6.930,7.040,6.890,11420303;
sh600520:8.370,8.090,8.370,8.070,5208801;
sh600525:5.080,5.090,5.160,5.060,6901968;
sh600526:6.420,6.740,6.540,6.380,11042900;
sh600527:4.350,4.440,4.440,4.240,104180800;
sh600530:3.570,3.580,3.700,3.570,13925039;
sh600533:3.220,3.160,3.240,3.150,13011900;
sh600537:3.000,2.980,3.050,2.970,5106000;
sh600549:11.610,11.480,11.740,11.460,8909354;
sh600559:8.750,8.680,8.840,8.670,7618361;
sh600562:14.360,14.480,14.570,14.220,6266980;
sh600568:1.510,1.500,1.560,1.500,57483588;
sh600573:6.240,6.130,6.320,6.120,3247072;
sh600587:17.560,17.910,18.210,17.550,13002048;
sh600593:40.780,40.820,41.010,40.490,649100;
sh600596:8.670,8.550,8.670,8.510,9755782;
sh600601:3.370,3.320,3.380,3.300,19079676;
sh600602:7.340,7.240,7.380,7.230,5192730;
sh600603:5.940,5.840,5.940,5.800,6978106;
sh600604:7.150,7.080,7.190,7.070,9017436;
sh600613:7.190,7.480,7.450,7.170,14578560;
sh600623:5.430,5.380,5.430,5.370,5120406;
sh600624:8.570,8.690,8.720,8.520,17088920;
sh600626:5.070,5.010,5.130,5.000,7660697;
sh600628:11.730,11.980,12.080,11.730,2437191;
sh600630:7.630,7.650,7.840,7.600,9155603;
sh600638:5.160,5.110,5.190,5.090,1746893;
sh600639:13.030,12.920,13.100,12.860,1786335;
sh600640:18.500,18.270,18.980,18.240,11312371;
sh600641:18.510,18.730,19.210,18.490,10837946;
sh600644:4.880,4.870,4.900,4.860,992358;
sh600645:20.400,20.500,21.300,20.040,16269286;
sh600647:12.960,13.000,12.980,12.840,1286214;
sh600649:5.260,5.260,5.300,5.240,4300763;
sh600651:3.560,3.540,3.570,3.520,5384103;
sh600661:15.990,15.950,16.300,15.930,1084320;
sh600662:3.840,3.870,3.860,3.810,4619789;
sh600668:15.050,14.850,15.100,14.810,8443501;
sh603179:22.090,22.410,23.160,21.860,2221091;
sh600671:12.080,12.000,12.380,12.000,2183507;
sh600677:3.990,4.040,4.120,3.980,13144046;
sh600678:7.000,6.830,7.050,6.800,12115554;
sh600682:8.330,8.250,8.370,8.230,6275670;
sh600683:4.050,3.980,4.170,3.970,15711669;
sh600684:3.220,3.160,3.230,3.160,2237493;
sh600689:8.160,8.110,8.200,8.070,1936901;
sh600693:4.930,4.790,4.930,4.780,6172355;
sh600695:7.740,7.590,7.790,7.590,12594491;
sh600697:14.980,14.980,15.060,14.920,577000;
sh600706:8.340,8.400,8.530,8.340,11526441;
sh600708:3.060,3.040,3.070,3.030,6338159;
sh600711:4.200,4.150,4.210,4.150,12176269;
sh600712:5.620,5.440,5.640,5.430,27788847;
sh600716:3.810,3.800,3.810,3.780,1779764;
sh600719:4.370,4.310,4.370,4.280,2014361;
sh600724:3.830,3.730,3.830,3.730,7235400;
sh600730:4.430,4.370,4.450,4.370,2674800;
sh600734:3.600,3.510,3.610,3.510,11296041;
sh600736:5.250,5.200,5.260,5.200,6917220;
sh600737:8.710,8.610,8.750,8.590,31687279;
sh600744:2.380,2.380,2.450,2.360,10688909;
sh600746:5.990,5.890,6.050,5.890,2674216;
sh600748:5.510,5.370,5.530,5.370,16594763;
sh603893:52.200,52.300,53.120,51.560,3729403;
sh600755:6.340,6.310,6.400,6.310,9774124;
sh600756:18.720,18.380,18.730,18.360,4014253;
sh600764:28.340,27.740,28.530,27.570,2035163;
sh600770:4.660,4.580,4.660,4.560,6134924;
sh600771:13.470,13.450,13.960,13.280,8849359;
sh600773:5.580,5.440,5.590,5.430,5145802;
sh600777:1.780,1.760,1.790,1.750,42594879;
sh600783:13.780,13.500,13.810,13.490,5758754;
sh600784:4.340,4.280,4.340,4.280,1370102;
sh600785:14.950,14.710,15.060,14.680,709208;
sh600796:6.000,5.930,6.080,5.880,6768348;
sh600800:5.130,5.070,5.140,5.040,5869701;
sh600802:11.170,11.010,11.290,10.960,12490743;
sh600808:2.570,2.580,2.600,2.570,18112050;
sh600818:9.550,9.390,9.660,9.350,785871;
sh600819:4.910,4.930,4.910,4.820,6326961;
sh600821:3.940,3.950,3.970,3.880,2956800;
sh600822:8.530,8.420,8.590,8.420,1464203;
sh600824:3.320,3.440,3.450,3.320,21782131;
sh600825:5.710,5.610,5.800,5.590,6633780;
sh600828:4.070,4.020,4.070,4.010,3273510;
sh600829:8.670,9.740,9.260,8.400,44888560;
sh600830:5.780,5.810,5.970,5.720,23570757;
sh600831:8.310,8.180,8.350,8.160,9065582;
sh600833:10.090,10.540,10.570,10.290,14723143;
sh600834:6.440,6.350,6.440,6.340,899500;
sh600836:5.900,6.220,6.160,5.840,30263826;
sh600838:6.580,6.520,6.660,6.480,14867521;
sh600841:6.840,6.880,6.880,6.770,1655038;
sh600843:7.050,6.960,7.050,6.870,3729500;
sh600846:8.490,8.400,8.570,8.390,5497347;
sh600851:8.260,8.290,8.600,8.240,5794872;
sh600853:3.610,3.520,3.620,3.510,14198700;
sh600854:3.900,3.780,3.920,3.780,7903109;
sh600855:22.600,24.840,24.770,22.600,91990795;
sh600857:9.540,9.490,9.600,9.460,695398;
sh600860:3.570,3.420,3.570,3.410,5791594;
sh600861:10.640,10.550,10.690,10.400,1521200;
sh600862:13.390,13.720,13.880,13.230,23891839;
sh600864:6.490,6.380,6.500,6.380,18990610;
sh600865:6.300,6.340,6.330,6.270,3660100;
sh600866:5.430,5.460,5.600,5.400,29862133;
sh600867:11.960,11.760,12.220,11.740,36293562;
sh600868:3.220,3.180,3.230,3.180,15420100;
sh600869:4.290,4.260,4.310,4.250,21835254;
sh600871:2.070,2.060,2.070,2.050,20485111;
sh600874:6.930,6.890,6.930,6.860,4660252;
sh600876:13.120,13.480,13.230,13.090,6174860;
sh600879:6.920,6.720,6.920,6.700,47386509;
sh600880:3.890,3.820,3.940,3.820,12934453;
sh600882:24.390,25.000,24.500,24.000,3316230;
sh600885:31.000,29.920,31.480,29.720,6619120;
sh600888:4.320,4.290,4.330,4.280,5286648;
sh600889:6.000,5.860,6.000,5.830,6394005;
sh600894:7.350,7.100,7.470,7.050,13953877;
sh600898:6.050,5.960,6.090,5.920,2137502;
sh600917:6.360,6.400,6.520,6.340,4508622;
sh600959:3.690,3.660,3.710,3.650,7335314;
sh600962:8.000,8.140,8.000,7.730,8658184;
sh600965:7.610,7.540,7.710,7.510,5521932;
sh600966:7.510,7.560,7.740,7.460,11488424;
sh600973:4.030,4.020,4.040,3.980,13740442;
sh600976:16.210,16.250,16.680,16.150,2038665;
sh600980:12.270,12.230,12.490,12.180,1701712;
sh600981:3.640,3.550,3.640,3.540,9760954;
sh600982:2.740,2.750,2.760,2.730,2588150;
sh600983:5.520,5.350,5.540,5.350,17757470;
sh600986:3.780,3.740,3.870,3.740,32549500;
sh600988:9.040,8.740,9.120,8.730,95208500;
sh600990:38.690,38.290,38.890,38.200,835769;
sh600992:6.430,6.320,6.470,6.300,1686300;
sh601002:6.020,5.870,6.110,5.860,11750341;
sh601008:3.480,3.500,3.480,3.430,11635213;
sh601016:2.200,2.180,2.200,2.180,13712304;
sh601069:14.560,15.020,15.270,14.480,33047403;
sh601100:70.700,69.390,70.700,68.210,3073184;
sh601106:2.630,2.620,2.640,2.610,8915805;
sh601118:5.100,5.130,5.110,4.950,49321488;
sh601126:6.120,6.150,6.170,6.080,7725280;
sh601168:5.850,5.820,5.910,5.810,12228182;
sh601199:3.970,3.920,4.010,3.920,12979537;
sh601222:5.120,5.070,5.140,5.070,9372424;
sh601226:3.930,3.930,3.970,3.910,2000800;
sh601233:11.800,11.980,11.960,11.700,22118474;
sh601311:8.780,8.730,8.840,8.720,6428998;
sh601339:3.450,3.420,3.460,3.410,3014700;
sh601388:1.680,1.650,1.690,1.650,10368828;
sh601515:6.290,6.160,6.350,6.110,5346091;
sh601567:8.110,7.910,8.150,7.880,30023146;
sh601608:3.400,3.350,3.410,3.350,11180550;
sh601616:3.010,3.020,3.040,3.000,14275900;
sh601677:10.310,10.240,10.380,10.170,3186017;
sh601689:18.980,19.690,20.250,18.890,33645234;
sh601700:5.810,5.850,5.930,5.810,26712346;
sh601727:4.650,4.600,4.650,4.600,8531285;
sh601789:4.290,4.190,4.300,4.170,26514754;
sh601799:86.720,85.800,88.880,85.150,1902144;
sh601818:3.620,3.600,3.630,3.600,50676336;
sh601866:2.020,2.000,2.020,2.000,14518723;
sh601958:6.330,6.210,6.330,6.190,11025412;
sh601968:4.500,4.460,4.500,4.460,1567800;
sh601996:2.800,2.740,2.810,2.740,9659500;
sh603002:4.400,4.350,4.440,4.330,9394750;
sh603003:8.900,8.600,9.010,8.330,51727062;
sh603006:10.390,10.350,10.500,10.330,1211700;
sh603009:7.710,7.500,7.720,7.500,15437372;
sh603010:12.110,12.270,12.280,12.070,6919608;
sh603015:5.860,5.800,5.880,5.770,1299900;
sh603017:10.400,10.180,10.400,10.180,1550800;
sh603018:13.780,13.200,13.790,13.100,6752387;
sh603020:8.680,8.530,8.710,8.530,5110606;
sh603021:5.960,5.860,5.990,5.840,1979957;
sh603022:18.300,18.180,18.800,18.060,3081504;
sh603023:5.240,5.090,5.240,5.080,10247597;
sh603025:7.820,7.790,7.870,7.740,2068274;
sh603085:6.400,6.280,6.420,6.250,2309070;
sh603088:9.760,9.690,9.760,9.540,3301748;
sh603099:8.100,7.990,8.150,7.950,1119300;
sh603108:10.460,10.560,10.780,10.460,6883338;
sh603111:7.320,7.120,7.390,7.090,15147888;
sh603116:7.240,7.120,7.310,7.100,2533835;
sh603117:3.560,3.520,3.590,3.520,3521720;
sh603123:9.350,9.390,9.370,8.890,10079128;
sh603126:4.400,4.350,4.410,4.330,2673300;
sh603158:17.030,18.250,17.110,16.520,9265343;
sh603168:8.330,8.520,8.480,8.290,3410457;
sh603222:46.410,46.560,46.520,46.270,1726900;
sh603227:4.090,4.090,4.100,4.060,2726500;
sh603268:14.280,14.110,14.350,14.000,1307320;
sh603299:6.380,6.280,6.390,6.280,5206157;
sh603300:7.030,6.950,7.060,6.940,5576380;
sh603308:14.110,14.100,14.250,13.910,4804622;
sh603318:7.740,7.580,7.760,7.560,8176621;
sh603333:8.400,7.960,8.400,7.960,26704629;
sh603366:5.390,5.320,5.420,5.320,7056400;
sh603456:20.810,20.900,21.350,20.660,8887902;
sh603508:52.000,52.050,52.600,51.990,1154733;
sh603519:12.260,12.090,12.330,12.040,1064270;
sh603566:17.980,18.200,18.400,17.680,4917704;
sh603568:30.480,30.120,30.720,30.100,2116244;
sh603600:12.380,12.260,12.380,12.150,2609183;
sh603601:11.770,12.540,12.990,11.640,80769577;
sh603609:13.670,13.300,13.780,13.300,16446565;
sh603611:16.750,17.130,16.850,16.410,3388685;
sh603616:7.460,7.250,7.490,7.230,3873200;
sh603618:5.850,5.750,5.920,5.740,9935395;
sh603688:21.170,21.250,21.630,21.120,5309774;
sh603703:17.780,17.800,17.900,17.700,3444601;
sh603789:13.710,13.630,14.090,13.600,9647805;
sh603800:11.080,10.930,11.100,10.880,1523263;
sh603808:11.160,11.050,11.290,10.990,2715233;
sh603818:6.670,6.560,6.690,6.510,980582;
sh603838:7.800,7.750,7.840,7.700,721800;
sh603918:12.500,12.240,12.630,12.230,9192708;
sh603936:18.360,18.180,18.480,18.160,4615027;
sh603968:13.200,13.260,13.260,13.180,1151822;
sh603989:24.510,24.110,24.630,24.110,1461964;
sh603997:9.280,8.840,9.340,8.800,35670106;
sh603998:6.990,7.250,7.200,6.920,19490519;
sh603999:5.820,5.760,5.880,5.740,4040700;
sh600127:9.790,9.670,10.060,9.500,210454597;
sh603377:14.550,14.310,14.570,14.250,823162;
sh601900:9.840,9.790,9.950,9.770,2494496;
sh603919:14.300,14.160,14.420,14.160,2129430;
sh603861:8.230,8.150,8.270,8.150,1433740;
sh603028:11.900,11.710,12.020,11.700,3145083;
sh603798:9.980,10.110,10.020,10.030,1968500;
sh603701:10.900,10.650,11.000,10.630,3082920;
sh603726:13.500,13.210,13.530,13.150,7114232;
sh603528:8.220,7.970,8.230,7.770,8272705;
sh603339:12.170,12.040,12.260,12.020,1032200;
sh603131:16.010,15.840,16.080,15.820,3316880;
sh603016:22.750,22.370,23.080,22.360,1867100;
sh603069:9.630,9.390,9.690,9.380,5270600;
sh600936:3.760,3.770,3.810,3.760,2830000;
sh601997:7.700,7.610,7.710,7.600,12428360;
sh601595:12.200,12.260,12.420,12.140,2828800;
sh603515:24.030,23.710,24.150,23.690,1893470;
sh603843:4.600,4.390,4.600,4.380,15064000;
sh601163:13.200,13.220,13.370,13.160,3219000;
sh603393:45.090,43.120,45.090,43.100,6414671;
sh603738:23.390,23.450,23.500,23.110,5919829;
sh601128:6.800,6.740,6.860,6.720,16952356;
sh603313:17.770,18.900,19.070,17.770,14905416;
sh600926:7.750,7.720,7.770,7.710,7949786;
sh603888:24.200,23.600,24.450,23.600,9837262;
sh603060:21.910,21.830,21.980,21.580,1330378;
sh603633:11.130,11.060,11.250,11.040,1917392;
sh603987:11.800,12.190,12.150,11.700,19884149;
sh603336:17.440,16.900,17.550,16.850,13659161;
sh603660:11.170,10.920,11.240,10.880,6894640;
sh603559:23.810,23.460,24.100,23.350,18797919;
sh603033:28.700,27.860,28.960,27.710,1532444;
sh603389:4.330,4.200,4.330,4.200,1441454;
sh603058:6.890,7.000,7.000,6.830,3283515;
sh603886:18.190,17.390,18.190,17.380,6221000;
sh603239:12.140,11.920,12.350,11.910,1765206;
sh601375:4.970,4.900,4.990,4.900,19005860;
sh603035:12.150,11.840,12.400,11.830,6748000;
sh603032:20.800,20.800,20.800,20.800,1195402;
sh603877:15.020,15.070,15.220,15.000,748400;
sh603689:10.710,10.550,10.710,10.520,1818300;
sh603579:28.020,29.110,29.300,27.950,2571390;
sh603639:27.890,27.620,28.060,27.400,1985760;
sh601858:9.550,9.450,9.760,9.430,3141859;
sh603638:39.520,38.410,39.890,38.050,2958566;
sh603429:33.170,33.200,33.800,33.000,2132327;
sh603966:9.830,9.770,9.950,9.760,1340639;
sh603089:11.730,11.610,11.850,11.560,631000;
sh603360:30.680,29.600,30.860,29.600,4927566;
sh603677:10.220,10.200,10.360,10.150,838968;
sh603637:13.680,13.720,13.890,13.650,531457;
sh601212:3.000,2.950,3.010,2.930,62462595;
sh603603:6.790,6.640,6.830,6.600,5470774;
sh603817:5.970,5.940,5.990,5.910,1564936;
sh603717:7.820,7.740,7.820,7.700,1308900;
sh603656:13.390,13.210,13.430,13.110,480374;
sh603133:18.010,17.680,18.250,17.400,4152923;
sh603811:26.700,26.700,27.290,26.310,2857607;
sh603955:17.600,17.290,17.600,17.180,1983250;
sh603908:22.770,22.910,22.950,22.670,543814;
sh603991:28.010,27.250,30.880,27.200,8050281;
sh603578:19.510,19.260,19.630,19.230,400340;
sh601366:6.120,6.280,6.200,6.080,12448150;
sh603787:12.080,11.920,12.200,11.850,2307200;
sh603320:17.030,16.310,17.050,16.030,4694645;
sh603906:9.350,9.430,9.440,9.320,2169176;
sh603586:16.590,16.460,16.630,16.400,531864;
sh603538:36.800,37.930,38.300,36.330,11460937;
sh603385:10.490,10.220,10.490,10.120,5408820;
sh603178:8.140,8.020,8.270,7.970,2299300;
sh603238:33.180,32.720,33.590,32.200,2231800;
sh603229:30.510,30.900,31.240,30.030,2173900;
sh603728:12.080,11.990,12.280,11.880,4550300;
sh603896:29.030,29.080,29.600,28.830,972779;
sh603488:8.530,8.350,8.530,8.300,1082326;
sh603197:26.380,26.020,26.600,26.010,2635217;
sh603580:12.310,12.070,12.450,12.060,1303975;
sh603200:61.000,61.770,62.550,60.500,2045493;
sh603042:18.790,18.430,18.850,18.200,7661502;
sh603536:14.170,13.740,14.170,13.730,6483128;
sh603326:18.730,19.160,19.000,18.700,1039740;
sh603316:13.400,11.750,13.500,11.580,11701517;
sh603335:4.530,4.400,4.560,4.400,14548786;
sh603380:15.940,16.140,16.060,15.830,1646900;
sh603286:15.500,15.400,15.670,15.340,805600;
sh603938:22.780,22.880,23.040,22.600,2364300;
sh603331:16.890,16.490,17.000,16.430,1036900;
sh603933:13.560,13.330,13.710,13.280,3534560;
sh603595:27.050,26.980,27.640,26.830,2541472;
sh603612:10.600,10.540,10.710,10.510,1865381;
sh603676:12.400,13.220,13.140,12.210,22261556;
sh603063:8.360,8.270,8.430,8.240,1914200;
sh603233:64.490,63.300,65.000,62.090,2991795;
sh603357:9.820,9.720,9.860,9.700,1756360;
sh603860:26.370,26.020,26.430,25.820,477579;
sh603880:14.650,14.730,15.150,14.600,4420666;
sh603776:18.900,18.830,19.090,18.810,1728773;
sh603976:15.720,15.920,16.100,15.720,1401840;
sh603079:46.420,44.750,47.990,44.660,4038223;
sh603725:6.820,6.740,6.860,6.710,2234419;
sh603813:17.700,17.450,17.700,17.280,490900;
sh603136:24.010,23.700,24.100,23.490,1012048;
sh603378:29.760,29.900,29.800,29.310,1287493;
sh603367:17.700,17.580,18.200,17.560,7684188;
sh603103:14.100,14.040,14.340,14.010,1683430;
sh603110:15.070,15.040,15.250,14.800,2048620;
sh603499:15.830,15.400,15.840,15.250,2083620;
sh603829:10.020,10.060,10.170,9.930,1947900;
sh603722:27.910,27.640,28.170,27.550,1655000;
sh603659:69.200,70.060,71.880,69.200,7844111;
sh603076:20.970,20.920,21.250,20.840,377688;
sh603661:34.900,35.020,35.200,34.810,484573;
sh601019:6.450,6.430,6.510,6.420,2653700;
sh603890:16.490,16.860,17.060,16.000,15055389;
sh603477:12.410,12.040,12.410,12.010,3332572;
sh603895:19.340,19.180,19.390,19.060,565540;
sh603516:39.400,38.500,39.760,38.500,1512227;
sh603871:27.220,27.000,27.310,26.920,317724;
sh603709:27.360,29.400,27.480,27.080,2029280;
sh603712:26.990,28.120,27.090,26.420,11973272;
sh603059:28.500,31.300,29.380,27.400,7698341;
sh600929:6.330,6.120,6.340,6.120,15128588;
sh603897:16.710,16.630,16.880,16.600,1682100;
sh603301:40.180,40.420,41.450,39.880,6142989;
sh603773:31.420,31.230,31.680,31.130,942812;
sh603666:96.270,99.180,98.500,95.590,927418;
sh601990:14.990,14.790,15.100,14.780,101754003;
sh603713:62.200,59.440,62.600,59.000,2303637;
sh601606:9.740,9.630,9.790,9.610,11055920;
sh603590:40.500,40.250,41.560,39.800,3948057;
sh603192:25.650,25.460,25.870,25.290,727014;
sh601068:4.280,4.260,4.310,4.230,4890400;
sh603297:31.530,31.140,31.530,31.040,532009;
sh603790:13.700,13.370,13.700,13.360,3372360;
