sh600048:15.630,16.110,15.920,15.400,91747112;
sh600053:25.530,25.980,26.000,25.000,7872413;
sh600061:12.810,13.390,13.120,12.650,42445731;
sh600063:3.850,3.920,3.900,3.780,46257267;
sh600071:9.390,9.530,9.390,9.050,3573602;
sh600076:3.790,4.130,3.860,3.730,31041571;
sh600077:2.860,3.000,2.870,2.770,11926218;
sh600078:4.510,4.680,4.690,4.500,23321564;
sh600079:13.410,13.820,13.560,13.150,16215100;
sh600081:10.950,11.280,11.090,10.720,6502268;
sh600082:3.400,3.550,3.490,3.380,6440800;
sh600090:4.170,4.270,4.300,4.110,24076858;
sh600101:5.950,6.180,6.160,5.950,4079252;
sh600111:8.800,9.030,8.900,8.700,35907410;
sh600113:6.780,7.160,7.130,6.750,27447427;
sh600115:4.490,4.620,4.550,4.410,64481884;
sh600120:9.350,9.530,9.440,9.190,19218275;
sh600146:12.550,13.220,13.340,12.550,13688495;
sh600151:4.500,4.780,4.640,4.410,18798244;
sh600156:5.500,6.390,6.290,5.500,51133020;
sh600160:7.130,7.410,7.450,7.110,74773081;
sh600161:31.000,32.160,31.720,30.740,8931794;
sh600162:2.160,2.230,2.170,2.120,23970976;
sh600169:2.020,2.130,2.170,2.020,54146894;
sh600175:1.340,1.390,1.380,1.320,54396585;
sh600197:12.930,13.080,12.950,12.670,6233346;
sh600199:5.020,5.100,5.050,4.920,9324180;
sh600200:7.290,7.240,7.300,7.050,38814058;
sh600203:11.680,11.680,12.020,11.680,83043632;
sh600206:13.650,15.100,14.860,13.650,91833841;
sh600207:4.370,4.530,4.760,4.370,15603001;
sh600208:3.050,3.180,3.120,3.030,112352347;
sh600213:7.650,7.810,7.770,7.480,6104064;
sh600218:8.700,9.330,9.140,8.700,12294430;
sh600221:1.690,1.780,1.780,1.680,239736553;
sh600223:7.000,7.330,7.280,7.000,26320346;
sh600226:2.590,2.680,2.650,2.510,44621921;
sh600227:2.800,2.900,2.930,2.760,22632746;
sh600235:4.570,4.760,4.660,4.530,15211000;
sh600236:4.440,4.510,4.550,4.410,7986473;
sh600242:7.010,7.190,7.100,6.910,13955204;
sh600246:5.250,5.680,5.480,5.060,15681652;
sh600262:15.710,15.800,15.710,14.870,645634;
sh600266:7.000,7.150,7.080,6.930,14434023;
sh600267:12.480,13.470,12.950,12.300,56824881;
sh600268:5.530,6.280,6.110,5.500,49234234;
sh600278:9.850,10.060,10.010,10.020,9292777;
sh600279:3.730,3.870,3.850,3.730,6613368;
sh600283:8.760,8.900,8.760,8.430,1815498;
sh600285:8.510,8.940,8.750,8.500,7426699;
sh600288:11.130,11.730,11.570,10.820,7597374;
sh600291:7.220,7.580,7.450,7.220,15318905;
sh600293:3.040,3.190,3.170,3.040,87953634;
sh600300:3.040,3.220,3.130,3.020,48117484;
sh600311:2.660,2.780,2.720,2.590,23102151;
sh600313:2.950,3.390,3.090,2.900,107026126;
sh600317:2.200,2.250,2.210,2.170,14298357;
sh600322:2.630,2.740,2.690,2.600,32414159;
sh600323:18.890,19.760,19.600,18.890,8157100;
sh600326:6.410,6.630,6.610,6.320,16164760;
sh600336:5.240,5.490,5.460,5.180,26459860;
sh600337:4.000,4.220,4.080,3.920,17561679;
sh600338:8.800,9.360,9.220,8.800,16956157;
sh600339:2.740,2.830,2.780,2.710,41590680;
sh600351:5.060,5.190,5.100,4.850,9095282;
sh600353:5.470,5.990,5.770,5.460,26917653;
sh600354:4.230,4.590,4.460,4.110,24964902;
sh600355:3.760,3.890,3.920,3.760,85149868;
sh600360:9.800,10.900,10.610,10.470,234377626;
sh600363:15.020,15.490,15.550,15.020,14763018;
sh600366:5.390,5.490,5.430,5.310,26925220;
sh600371:10.840,11.700,11.330,10.760,11071011;
sh600375:4.440,4.800,4.600,4.380,17069932;
sh600381:4.880,4.970,4.930,4.790,4969055;
sh600392:6.730,6.910,6.780,6.600,24974778;
sh600393:2.580,2.740,2.620,2.570,42575220;
sh600398:6.600,6.640,6.640,6.520,13376458;
sh600419:11.000,11.300,11.200,10.890,4058564;
sh600425:3.790,3.930,3.920,3.750,35250863;
sh600429:4.870,5.000,4.920,4.790,4644927;
sh600449:10.200,10.590,10.390,10.010,11785935;
sh600455:24.920,25.510,25.350,24.680,3109965;
sh600463:6.350,6.580,6.350,6.160,3527384;
sh600466:6.230,6.390,6.250,6.120,20829017;
sh600467:2.300,2.410,2.360,2.300,29351715;
sh600476:12.970,13.320,12.990,12.630,3315110;
sh600478:4.070,4.240,4.190,4.030,23535417;
sh600479:8.500,8.690,8.590,8.410,8324009;
sh600480:9.500,10.210,9.850,9.440,12283166;
sh600481:3.000,3.110,3.080,2.980,8332000;
sh600488:4.410,4.510,4.480,4.330,10476232;
sh600495:4.270,4.700,4.650,4.270,75005872;
sh600499:4.700,4.820,4.780,4.630,16389272;
sh600501:8.250,8.680,8.470,8.200,10070505;
sh600503:3.200,3.300,3.240,3.150,28157024;
sh600505:9.680,10.080,10.090,9.680,5931903;
sh600506:8.360,9.580,8.670,8.350,14546808;
sh600517:7.590,8.170,8.180,7.520,62087839;
sh600520:9.360,9.620,9.490,9.230,2133653;
sh600525:5.280,5.460,5.420,5.170,19597158;
sh600526:5.100,5.280,5.220,5.100,6550800;
sh600527:2.670,2.710,2.750,2.660,87099652;
sh600530:3.700,3.760,3.720,3.620,7920683;
sh600533:3.350,3.490,3.450,3.310,36807633;
sh600537:3.130,3.250,3.210,3.130,19032087;
sh600549:11.450,12.100,11.450,11.230,14917114;
sh600559:8.820,9.060,8.960,8.740,13948724;
sh600562:14.980,15.170,15.320,14.880,19529199;
sh600568:1.670,1.680,1.700,1.610,44543680;
sh600573:5.740,5.940,5.830,5.600,3637682;
sh600587:16.680,17.240,17.630,16.670,15228780;
sh600593:39.140,39.140,39.150,38.380,986082;
sh600596:8.450,8.740,8.750,8.400,12029751;
sh600601:3.260,3.370,3.330,3.210,22230099;
sh600602:7.840,8.040,7.980,7.700,14083726;
sh600603:5.770,6.210,5.890,5.710,39845062;
sh600604:7.400,7.710,7.640,7.390,37871869;
sh600613:7.030,7.110,7.080,6.830,6431540;
sh600623:5.640,5.750,5.700,5.590,15203298;
sh600624:9.030,9.330,9.350,9.030,30149911;
sh600626:6.000,6.270,6.180,5.920,20691883;
sh600628:9.720,10.160,10.020,10.010,4850904;
sh600630:8.080,8.110,8.160,7.950,21080051;
sh600638:5.440,5.630,5.500,5.270,4636287;
sh600639:12.510,12.530,12.510,12.180,3351115;
sh600640:17.370,18.600,18.420,17.370,10991126;
sh600641:19.700,21.340,21.270,19.700,24347727;
sh600644:4.830,5.000,4.960,4.830,2390300;
sh600645:20.600,20.390,21.380,20.260,31250502;
sh600647:14.860,15.980,15.640,14.120,10363194;
sh600649:5.590,5.740,5.660,5.530,18104334;
sh600651:3.440,3.560,3.510,3.390,12150654;
sh600661:16.450,17.020,16.700,16.020,2816528;
sh600662:3.950,4.240,4.010,3.880,19642997;
sh600668:13.900,14.300,14.150,13.750,9893953;
sh603179:23.300,23.940,23.330,22.800,3061592;
sh600671:10.800,11.380,11.590,10.800,2077515;
sh600677:5.320,5.880,5.880,5.320,48336270;
sh600678:7.600,7.810,7.800,7.520,29969340;
sh600682:9.390,9.620,9.670,9.350,21816957;
sh600683:3.850,4.460,4.260,3.850,13669256;
sh600684:3.250,3.510,3.330,3.200,17791993;
sh600689:8.310,8.390,8.310,7.980,3609590;
sh600693:4.800,4.940,4.910,4.710,4029907;
sh600695:8.230,8.610,8.510,8.230,32742194;
sh600697:15.150,15.310,15.200,15.010,1562069;
sh600706:7.800,8.390,8.150,7.790,6366058;
sh600708:3.050,3.280,3.100,2.970,44971746;
sh600711:4.300,4.460,4.380,4.200,30250918;
sh600712:5.610,5.950,5.780,5.600,35212937;
sh600716:3.920,4.120,4.020,3.920,8002840;
sh600719:3.920,4.010,3.950,3.900,3607472;
sh600724:3.960,4.080,4.110,3.930,21962815;
sh600730:4.590,4.790,4.690,4.510,8273207;
sh600734:4.880,5.050,5.000,4.850,14221066;
sh600736:5.480,5.730,5.740,5.460,34248402;
sh600737:8.100,8.370,8.350,8.090,20247996;
sh600744:2.270,2.350,2.320,2.230,9213126;
sh600746:6.670,6.800,6.680,6.410,4485761;
sh600748:6.000,6.200,6.200,5.750,61697233;
sh603893:68.500,70.540,71.990,67.660,10158063;
sh600755:6.480,6.590,6.480,6.330,20978141;
sh600756:18.660,19.300,19.130,18.000,11357534;
sh600764:26.900,27.810,27.670,26.880,4284711;
sh600770:4.850,5.160,5.030,4.840,19272926;
sh600771:14.470,15.090,14.800,14.250,8869434;
sh600773:5.700,5.860,5.760,5.500,15742451;
sh600777:1.840,1.870,1.840,1.790,86462234;
sh600783:14.200,14.750,14.720,14.130,16664651;
sh600784:4.540,4.660,4.640,4.540,4505067;
sh600785:13.620,13.990,13.890,13.570,461703;
sh600796:5.350,5.530,5.410,5.280,5502661;
sh600800:4.660,4.830,4.760,4.600,10953201;
sh600802:11.120,11.500,11.670,10.900,26377368;
sh600808:2.800,2.830,2.890,2.740,126134556;
sh600818:9.830,10.010,9.860,9.580,1240914;
sh600819:4.600,4.750,4.790,4.600,6534881;
sh600821:4.440,4.570,4.540,4.330,8486133;
sh600822:8.850,8.960,9.090,8.780,6684481;
sh600824:3.050,3.120,3.070,3.020,6599716;
sh600825:4.700,4.770,4.730,4.600,5988100;
sh600828:3.830,3.960,3.890,3.770,5857460;
sh600829:7.080,7.270,7.270,7.080,8678633;
sh600830:8.000,7.560,8.400,7.450,109988582;
sh600831:8.540,9.020,8.890,8.510,25704287;
sh600833:9.370,9.370,9.370,9.190,2100095;
sh600834:6.320,6.410,6.410,6.220,2643625;
sh600836:4.420,4.500,4.490,4.400,6697199;
sh600838:5.290,5.530,5.380,5.210,4252191;
sh600841:6.650,6.670,6.690,6.550,2877037;
sh600843:7.340,7.340,7.380,7.140,11694691;
sh600846:8.230,8.540,8.500,8.230,17204851;
sh600851:7.830,8.000,7.900,7.520,9989549;
sh600853:3.550,3.730,3.690,3.500,44530004;
sh600854:3.680,3.810,3.750,3.570,7114199;
sh600855:10.970,11.250,11.090,10.800,6384305;
sh600857:10.200,10.090,10.200,10.040,2613257;
sh600860:4.300,4.570,4.680,4.300,5398600;
sh600861:10.210,10.620,10.650,10.210,3603457;
sh600862:11.800,12.370,12.200,11.750,18453778;
sh600864:7.300,7.690,7.410,7.220,57847848;
sh600865:5.860,6.010,5.980,5.820,4666491;
sh600866:5.930,6.480,6.630,5.750,111127370;
sh600867:11.000,11.190,11.100,10.850,32058091;
sh600868:3.270,3.310,3.310,3.210,65771596;
sh600869:4.320,4.900,4.690,4.160,148113711;
sh600871:2.000,2.090,2.050,1.980,52650216;
sh600874:6.680,7.060,7.020,6.630,12210365;
sh600876:13.850,14.180,14.340,13.780,8953844;
sh600879:6.580,7.080,6.920,6.490,81353064;
sh600880:3.710,3.790,3.790,3.700,14037281;
sh600882:18.860,19.160,19.290,18.230,7043245;
sh600885:31.600,31.930,32.220,30.480,13290243;
sh600888:4.580,4.800,4.660,4.480,22410340;
sh600889:4.880,4.910,4.950,4.790,9967844;
sh600894:6.540,6.750,6.660,6.520,8420915;
sh600898:6.600,6.800,6.840,6.550,3019801;
sh600917:6.420,6.440,6.420,6.290,4659300;
sh600959:3.670,3.790,3.710,3.630,23850141;
sh600962:7.750,8.010,8.050,7.550,14357751;
sh600965:7.290,7.450,7.450,7.240,7151031;
sh600966:7.700,8.380,8.280,7.600,33226807;
sh600973:4.130,4.580,4.440,4.080,52960431;
sh600976:16.260,16.430,16.380,15.980,2787873;
sh600980:11.980,12.300,12.300,11.790,2154145;
sh600981:4.070,3.960,4.380,3.940,80537275;
sh600982:2.780,2.840,2.790,2.720,5243950;
sh600983:4.230,4.360,4.240,4.150,2504830;
sh600986:3.830,3.980,3.900,3.790,44593113;
sh600988:6.630,7.000,6.860,6.630,124833192;
sh600990:40.000,41.590,40.950,39.810,2495677;
sh600992:6.100,6.420,6.250,6.100,2451801;
sh601002:5.800,6.090,6.070,5.750,23670748;
sh601008:3.660,3.850,3.680,3.510,26366984;
sh601016:2.260,2.350,2.310,2.230,31625656;
sh601069:13.170,13.830,13.490,13.090,18583013;
sh601100:50.350,53.770,53.350,50.350,3871320;
sh601106:2.650,2.720,2.680,2.580,45226408;
sh601118:4.520,5.240,5.150,4.510,127960884;
sh601126:5.900,6.850,6.630,5.820,32265071;
sh601168:5.890,6.080,5.960,5.810,30665932;
sh601199:4.400,4.630,4.630,4.380,45267863;
sh601222:5.480,5.890,5.830,5.410,43179611;
sh601226:3.880,3.980,3.890,3.800,6254210;
sh601233:13.010,13.190,13.340,13.000,36264320;
sh601311:8.880,9.450,9.340,8.880,18118934;
sh601339:3.580,3.490,3.600,3.390,27191900;
sh601388:1.790,1.860,1.820,1.750,44528521;
sh601515:6.420,6.620,6.500,6.250,15243825;
sh601567:7.630,8.080,8.000,7.610,11415981;
sh601608:3.490,3.570,3.500,3.400,33482863;
sh601616:3.100,3.620,3.620,3.090,59257087;
sh601677:10.550,10.730,10.750,10.410,8207253;
sh601689:20.400,21.400,20.500,19.800,16721897;
sh601700:6.400,7.050,7.150,6.220,98857609;
sh601727:4.740,5.070,4.940,4.660,67972999;
sh601789:4.180,4.230,4.260,4.060,65157447;
sh601799:94.040,98.800,96.760,92.050,1385881;
sh601818:3.720,3.770,3.730,3.690,158095858;
sh601866:2.100,2.120,2.130,2.060,92515858;
sh601958:6.140,6.280,6.210,6.090,18249900;
sh601968:4.400,4.580,4.540,4.400,3483912;
sh601996:2.660,3.110,2.960,2.640,41147932;
sh603003:8.500,9.100,9.020,8.480,10080801;
sh603006:10.720,10.960,10.880,10.580,2542700;
sh603009:6.880,7.440,7.160,6.880,12472250;
sh603010:13.100,13.580,13.300,12.800,10780400;
sh603015:6.130,6.640,6.580,6.130,5684680;
sh603017:9.700,9.990,9.900,9.520,2122900;
sh603018:10.740,11.440,11.300,10.740,13260170;
sh603020:7.640,7.820,7.740,7.500,3411925;
sh603021:6.160,6.340,6.160,6.000,2972546;
sh603022:15.540,16.660,17.000,15.540,4305195;
sh603023:6.550,6.210,7.300,6.210,77539384;
sh603025:9.170,9.290,9.270,8.990,11079116;
sh603085:6.590,6.850,6.800,6.530,5482975;
sh603088:8.730,9.190,9.080,8.610,1906511;
sh603099:8.050,8.310,8.240,7.910,2146227;
sh603108:10.330,10.450,10.450,10.150,10275042;
sh603111:6.960,7.160,7.340,6.960,38951924;
sh603116:6.490,6.520,6.490,6.240,6738390;
sh603117:3.800,3.840,3.850,3.660,16283535;
sh603123:8.370,8.790,8.690,8.200,6666420;
sh603126:4.300,4.520,4.470,4.280,9267400;
sh603158:20.870,21.510,21.700,20.250,4345069;
sh603168:8.220,8.520,8.480,8.200,5115748;
sh603222:53.010,53.370,53.880,52.700,1325515;
sh603227:4.280,4.350,4.350,4.190,11091249;
sh603268:14.300,14.850,14.650,14.030,704557;
sh603299:5.890,6.070,6.010,5.850,6606839;
sh603300:8.360,8.430,8.540,7.850,42747830;
sh603308:16.250,17.040,16.870,16.200,10852405;
sh603318:8.300,8.450,8.400,8.110,15347584;
sh603333:6.800,7.120,6.970,6.650,11455457;
sh603366:5.720,5.900,5.780,5.580,19813651;
sh603456:18.430,19.720,18.990,18.170,12722899;
sh603508:54.890,55.790,55.320,53.500,3157882;
sh603519:12.700,13.350,13.010,12.560,1988040;
sh603566:17.450,17.770,17.870,17.140,4776150;
sh603568:26.350,26.800,26.960,26.150,3694639;
sh603600:10.870,10.900,11.200,10.630,7854555;
sh603601:15.900,15.230,16.560,15.230,90343789;
sh603609:10.700,11.310,11.130,10.680,10696756;
sh603611:18.410,19.960,19.450,18.000,5623036;
sh603616:7.020,7.310,7.230,7.000,4041646;
sh603618:5.900,6.820,6.820,5.860,65045570;
sh603688:22.870,24.660,24.550,22.850,9974502;
sh603703:18.180,19.200,20.340,17.800,12082982;
sh603789:12.980,13.220,13.200,12.930,2638993;
sh603800:10.690,11.090,10.950,10.500,2053237;
sh603808:12.300,12.370,12.300,12.020,5524028;
sh603818:7.010,7.180,7.050,6.840,2061530;
sh603838:7.210,7.580,7.500,7.210,1134285;
sh603918:11.490,12.110,11.850,11.300,6061380;
sh603936:19.400,20.200,20.150,19.370,9011307;
sh603968:12.790,13.150,12.800,12.500,2342876;
sh603989:23.180,24.700,24.390,23.060,1894477;
sh603997:7.040,7.220,7.190,6.980,4683310;
sh603998:6.700,6.770,6.700,6.550,5914306;
sh603999:5.880,6.040,5.950,5.800,11277040;
sh600127:4.300,4.530,4.450,4.260,24327301;
sh603377:15.000,14.940,15.000,14.200,2866467;
sh601900:9.460,9.700,9.580,9.380,7380738;
sh603919:13.850,13.790,13.850,13.450,4213200;
sh603861:8.200,8.980,8.710,8.100,5977415;
sh603028:10.050,10.260,10.290,10.070,2023200;
sh603798:9.550,9.880,9.800,9.510,2540479;
sh603701:11.330,11.520,11.470,11.040,4189104;
sh603726:24.800,26.080,25.880,24.800,2137012;
sh603528:7.800,8.480,8.330,7.650,21282302;
sh603339:12.130,12.400,12.490,12.080,2066152;
sh603131:18.300,18.900,18.590,17.320,7314384;
sh603016:18.100,21.000,21.400,18.100,6414034;
sh603069:11.960,12.870,13.600,11.960,10752530;
sh600936:3.750,3.980,3.820,3.700,17147200;
sh601997:8.000,8.210,8.050,7.950,30064009;
sh601595:12.760,13.160,12.980,12.310,4176374;
sh603515:23.450,24.230,24.160,23.380,4259683;
sh603843:4.100,4.430,4.220,4.100,18273931;
sh601163:13.540,13.610,13.540,13.260,6272785;
sh603393:36.700,38.400,38.430,36.330,6267235;
sh603738:24.960,25.930,25.920,24.600,8526333;
sh601128:7.580,7.990,7.740,7.500,40277506;
sh603313:23.500,22.770,23.500,22.400,9650398;
sh600926:8.220,8.420,8.240,8.080,28561664;
sh603888:22.540,23.720,22.860,21.570,10621806;
sh603060:19.070,19.860,19.850,19.060,2361528;
sh603633:11.110,11.390,11.370,10.850,5967878;
sh603987:10.110,11.180,10.830,10.110,19306287;
sh603336:13.650,14.610,14.750,13.460,8259660;
sh603660:12.600,12.780,12.860,12.410,12100985;
sh603559:30.690,30.690,34.990,30.690,65232887;
sh603033:20.810,22.130,21.710,20.050,2703392;
sh603389:4.720,4.840,4.740,4.620,3285853;
sh603058:6.600,6.770,6.610,6.500,2659400;
sh603886:15.990,16.330,16.350,15.800,3310364;
sh603239:12.350,12.860,12.740,12.240,4598039;
sh601375:5.500,5.820,5.700,5.320,78468170;
sh603035:15.000,15.720,15.600,15.000,10329654;
sh603032:18.280,19.020,18.880,18.180,2445700;
sh603877:14.600,15.310,14.950,14.100,1250960;
sh603689:10.500,10.690,10.610,10.450,2656800;
sh603579:27.000,27.290,27.000,26.310,1138217;
sh603639:24.100,24.600,24.260,23.730,1845427;
sh601858:9.990,10.170,10.010,10.080,4191792;
sh603638:29.500,30.070,29.500,28.310,1832761;
sh603429:32.400,35.200,35.190,32.400,3721857;
sh603966:9.530,9.870,9.730,9.460,3827733;
sh603089:12.200,12.310,12.200,11.780,1416892;
sh603360:27.320,27.950,27.450,26.630,2683081;
sh603677:11.500,12.090,11.850,11.320,2274262;
sh603637:13.300,13.340,13.450,12.890,1310010;
sh601212:2.880,2.990,2.940,2.800,28905669;
sh603603:7.480,7.840,7.710,7.430,6688417;
sh603817:6.350,6.470,6.360,6.010,4839200;
sh603717:7.600,7.820,7.670,7.500,3316240;
sh603656:14.020,14.420,14.140,13.800,995940;
sh603133:20.120,20.690,20.300,19.870,7377497;
sh603811:22.620,23.290,23.050,22.360,1787212;
sh603955:15.780,16.460,15.780,15.070,2017412;
sh603908:22.920,23.290,22.920,22.500,579300;
sh603991:21.600,23.550,25.980,21.600,9379571;
sh603578:21.200,20.990,21.480,20.990,1669548;
sh601366:5.900,6.250,6.090,5.780,21813524;
sh603787:12.860,12.920,12.990,12.610,6177865;
sh603320:15.500,16.400,16.160,15.280,2351428;
sh603906:9.470,9.510,9.470,9.230,4299684;
sh603586:16.600,16.880,16.760,16.350,1455335;
sh603538:28.340,29.260,28.880,27.260,9307476;
sh603385:9.790,10.050,9.930,9.690,4682908;
sh603178:9.000,9.090,9.000,8.750,4113500;
sh603238:23.980,23.910,25.000,23.540,4512870;
sh603229:21.650,21.580,21.650,20.850,1122700;
sh603728:12.000,12.660,12.700,12.000,4553292;
sh603896:27.500,27.850,27.500,26.580,1155800;
sh603488:8.090,8.260,8.200,8.000,2365523;
sh603197:29.000,29.770,29.380,28.000,4057963;
sh603580:11.300,11.550,11.470,11.000,1328940;
sh603200:41.110,40.000,41.800,39.250,4485674;
sh603042:25.200,26.980,26.980,25.200,16427172;
sh603536:12.660,12.690,12.660,12.230,7205640;
sh603326:17.860,18.060,17.860,17.670,2637932;
sh603316:9.900,10.300,10.240,10.000,5656804;
sh603335:4.210,4.300,4.220,4.060,8737569;
sh603380:17.100,17.500,17.210,16.700,3456547;
sh603286:16.300,16.940,16.490,15.910,2855132;
sh603938:29.770,32.220,31.490,28.800,5142325;
sh603331:16.490,17.550,16.710,16.330,2384873;
sh603933:13.830,14.110,14.010,13.550,2792951;
sh603595:31.000,33.380,32.970,30.910,3793383;
sh603612:12.020,12.330,12.220,11.830,5893304;
sh603676:10.600,10.560,10.790,10.390,7247761;
sh603063:8.500,8.860,8.650,8.340,3531600;
sh603233:54.000,54.900,54.000,52.910,3835771;
sh603357:10.130,10.430,10.440,10.100,5214687;
sh603860:25.790,26.160,25.880,25.400,548520;
sh603880:16.050,15.950,16.960,15.950,12908172;
sh603776:18.500,19.000,18.860,18.330,4739420;
sh603976:15.820,16.080,15.930,15.600,2263739;
sh603079:43.510,45.880,44.880,42.550,3162598;
sh603725:6.300,6.490,6.300,6.160,2670200;
sh603813:17.000,17.900,17.450,16.750,1088876;
sh603136:21.680,22.710,22.180,21.400,1561227;
sh603378:26.960,28.010,27.890,26.600,1870900;
sh603367:16.200,16.540,16.520,16.080,5767800;
sh603103:15.600,16.680,16.980,15.570,7320665;
sh603110:15.000,15.150,15.520,14.520,4345150;
sh603499:14.820,15.080,14.870,14.040,1684240;
sh603829:9.400,10.230,9.880,10.020,4375100;
sh603722:29.170,29.230,30.480,28.300,4755783;
sh603659:74.280,75.910,75.760,72.750,4009010;
sh603076:20.720,21.530,20.720,20.310,622730;
sh603661:36.010,36.830,36.200,35.010,1064569;
sh601019:6.400,6.630,6.440,6.300,6390651;
sh603890:10.720,11.130,10.970,10.610,6748680;
sh603477:10.900,11.360,11.300,10.850,7130376;
sh603895:18.800,19.900,18.800,18.180,1902760;
sh603516:40.900,43.500,42.880,40.600,2036906;
sh603871:26.990,28.150,27.250,26.450,1069127;
sh603709:23.230,24.720,23.490,22.880,1516839;
sh603712:24.680,26.590,26.190,24.680,7039036;
sh603059:25.110,25.960,27.750,25.110,2209380;
sh600929:5.600,5.760,5.660,5.530,6968800;
sh603897:16.910,17.540,17.000,16.550,2164412;
sh603301:49.700,49.500,55.600,46.100,30017983;
sh603773:34.760,36.270,35.430,34.000,2706698;
sh603666:86.660,90.680,89.940,86.450,570880;
sh601990:17.500,19.050,18.000,17.000,289822769;
sh603713:50.250,53.090,54.300,50.240,2078023;
sh601606:9.000,9.290,9.210,9.000,9210116;
sh603590:37.600,38.920,39.200,37.580,3577641;
sh603192:25.060,26.100,25.600,24.590,1250606;
sh601068:4.500,4.580,4.550,4.400,14071838;
sh603297:35.000,38.080,36.900,35.000,2474881;
sh603790:12.770,12.980,12.820,12.570,2600450;
