sh600010:1.210,1.210,1.220,1.200,254792013;
sh600010:1.210,1.210,1.220,1.200,254792013;
sh600048:15.280,15.090,15.310,14.850,84236573;
sh600053:28.670,28.620,28.990,28.210,7943241;
sh600061:14.200,14.350,14.370,14.120,39194162;
sh600063:4.030,4.180,4.180,3.950,108762458;
sh600071:10.830,11.010,10.850,10.530,4300603;
sh600076:4.000,4.040,4.000,3.950,21701533;
sh600077:2.900,2.890,2.960,2.850,8642417;
sh600078:5.020,5.200,5.060,4.940,43521707;
sh600079:14.570,14.590,14.830,14.470,19420337;
sh600081:12.380,12.330,12.390,12.110,12521164;
sh600082:3.650,3.610,3.650,3.580,5100545;
sh600090:4.460,4.500,4.550,4.440,25914805;
sh600101:6.430,6.370,6.460,6.310,5901813;
sh600111:10.140,10.040,10.140,9.930,66126988;
sh600113:6.670,6.620,6.720,6.560,8366245;
sh600115:4.990,4.850,4.990,4.800,98446541;
sh600120:10.560,10.850,10.960,10.430,88854453;
sh600146:12.810,13.210,13.060,12.580,11591331;
sh600151:4.740,4.760,4.920,4.680,29721556;
sh600156:5.570,5.570,5.570,5.570,8478708;
sh600160:8.680,8.740,8.700,8.280,216767265;
sh600161:35.690,35.430,36.290,35.200,12698553;
sh600162:2.120,2.090,2.120,2.070,15521950;
sh600169:2.060,2.030,2.060,2.020,14112758;
sh600175:1.590,1.630,1.620,1.550,127366624;
sh600197:14.450,14.240,14.450,14.150,6946636;
sh600199:5.550,5.500,5.550,5.430,10172671;
sh600200:8.640,8.770,9.140,8.580,81491396;
sh600203:7.000,7.440,7.110,6.920,23062985;
sh600206:16.030,16.700,16.530,16.000,91962822;
sh600207:4.820,4.830,4.850,4.750,12394624;
sh600208:3.540,3.500,3.540,3.460,132686645;
sh600213:8.390,8.700,8.710,8.370,15645044;
sh600218:11.050,11.280,11.420,10.960,27737310;
sh600221:1.770,1.720,1.770,1.700,256335113;
sh600223:8.890,9.110,9.060,8.750,50489393;
sh600226:2.940,2.970,3.020,2.930,64234084;
sh600227:2.710,2.750,2.790,2.690,18861265;
sh600235:4.840,4.900,4.840,4.770,12756001;
sh600236:4.580,4.560,4.600,4.540,4748169;
sh600242:8.030,8.360,8.140,7.940,28905303;
sh600246:5.650,5.570,5.650,5.410,12637782;
sh600262:16.700,16.400,16.770,16.230,798102;
sh600266:7.450,7.410,7.510,7.370,14610570;
sh600267:16.330,15.930,16.680,15.890,84521396;
sh600268:5.120,5.210,5.180,5.070,16654164;
sh600278:10.330,10.340,10.480,10.260,6720692;
sh600279:3.980,3.960,3.990,3.910,6360686;
sh600283:9.260,9.310,9.330,9.150,1883323;
sh600285:9.620,9.800,9.850,9.620,9818219;
sh600288:13.320,13.470,13.390,13.050,11779624;
sh600291:8.280,8.280,8.430,8.230,18030760;
sh600293:2.960,3.130,2.980,2.920,31265365;
sh600300:3.000,3.040,3.010,2.970,23105714;
sh600310:4.120,4.090,4.120,4.040,8462300;
sh600311:3.500,3.410,3.570,3.370,66638369;
sh600313:3.090,3.170,3.110,3.060,51801043;
sh600317:2.300,2.270,2.300,2.250,14602638;
sh600322:2.660,2.620,2.660,2.600,15965390;
sh600323:20.700,19.290,20.700,19.260,23143606;
sh600326:6.950,7.060,7.050,6.920,19773820;
sh600336:4.950,5.130,5.070,4.930,23553712;
sh600337:4.510,4.450,4.530,4.370,28803715;
sh600338:10.900,11.030,10.910,10.560,18679812;
sh600339:2.970,2.930,2.980,2.900,37145330;
sh600351:5.700,5.720,5.770,5.670,10522483;
sh600353:5.830,6.100,5.990,5.760,21799376;
sh600354:5.000,5.210,5.090,4.800,58336354;
sh600355:3.490,3.630,3.660,3.450,34454245;
sh600360:10.000,10.700,10.260,10.180,174318702;
sh600363:15.410,15.980,15.770,15.350,24263646;
sh600366:6.440,6.530,6.490,6.330,42217936;
sh600371:12.460,13.050,12.670,12.410,26979016;
sh600375:4.390,4.390,4.390,4.300,10633588;
sh600381:5.170,5.150,5.180,5.080,4581344;
sh600392:8.130,8.070,8.130,7.880,37172911;
sh600393:2.780,2.720,2.780,2.700,27599500;
sh600398:7.180,7.080,7.190,7.040,12951601;
sh600419:11.980,11.810,11.980,11.710,4512807;
sh600425:3.760,3.830,3.840,3.740,31061475;
sh600429:5.080,5.020,5.080,4.980,3426009;
sh600449:10.780,10.870,10.970,10.700,13843807;
sh600455:29.480,29.870,30.000,29.290,5271342;
sh600463:6.520,6.420,6.620,6.330,2796500;
sh600466:6.760,6.610,6.760,6.390,48348175;
sh600467:2.310,2.310,2.310,2.260,21092002;
sh600476:14.630,15.070,14.920,14.500,9385285;
sh600478:4.630,4.980,4.800,4.620,72289090;
sh600479:9.430,9.470,9.550,9.390,14965597;
sh600480:10.260,10.670,10.990,10.080,41150626;
sh600481:3.100,3.280,3.100,3.050,23214017;
sh600488:4.690,4.800,4.830,4.690,16056881;
sh600495:4.000,4.030,4.030,3.970,16534083;
sh600499:5.100,5.230,5.400,5.080,46564703;
sh600501:9.010,9.060,9.060,8.880,12679395;
sh600503:3.440,3.550,3.600,3.420,73374391;
sh600505:9.320,9.160,9.320,9.100,5903495;
sh600506:9.310,9.400,9.310,8.970,5284560;
sh600517:7.610,7.570,7.630,7.470,26096530;
sh600520:11.160,11.420,11.170,10.770,5689645;
sh600525:5.600,5.680,5.820,5.600,24368537;
sh600526:5.220,5.220,5.230,5.170,6246300;
sh600527:2.740,2.950,2.850,2.740,113079312;
sh600530:4.290,4.270,4.290,4.190,12526053;
sh600533:3.130,3.100,3.130,3.060,11971475;
sh600537:3.220,3.270,3.230,3.170,19609929;
sh600549:12.960,12.780,13.010,12.520,21711849;
sh600559:9.970,9.850,9.970,9.740,22455553;
sh600562:15.770,15.800,15.980,15.550,11887542;
sh600568:1.750,1.730,1.750,1.720,49280400;
sh600573:6.080,6.030,6.090,5.950,3835291;
sh600587:18.000,18.910,18.470,18.000,25447128;
sh600593:40.090,39.990,40.320,39.680,1008240;
sh600596:9.580,9.680,9.610,9.490,20581756;
sh600601:3.460,3.700,3.620,3.420,76559696;
sh600602:9.330,9.610,9.550,9.320,29928670;
sh600603:5.290,5.230,5.300,5.140,10606598;
sh600604:8.090,8.200,8.140,8.020,38122500;
sh600613:7.800,7.920,8.050,7.760,9548005;
sh600623:6.120,6.130,6.150,6.060,11415102;
sh600624:10.670,10.940,10.880,10.430,76075335;
sh600626:6.450,6.730,6.610,6.400,34598223;
sh600628:8.500,8.510,8.560,8.380,2182606;
sh600630:8.830,9.210,9.240,8.820,38632218;
sh600638:6.000,5.980,6.050,5.900,5060492;
sh600639:13.150,13.030,13.310,12.940,2515140;
sh600640:23.580,23.270,23.630,22.380,38967503;
sh600641:26.460,29.330,27.590,26.450,26382746;
sh600644:5.250,5.250,5.260,5.160,3863957;
sh600645:17.900,17.860,18.140,17.820,7794700;
sh600647:13.190,13.230,13.230,13.030,1707331;
sh600649:5.340,5.280,5.340,5.250,11037322;
sh600651:4.090,4.020,4.090,3.930,28425772;
sh600661:19.710,20.880,20.330,19.710,11204873;
sh600662:4.240,4.200,4.240,4.130,9456965;
sh600668:15.060,15.010,15.150,14.820,16449904;
sh603179:23.340,23.650,24.100,23.250,2529780;
sh600671:12.630,12.550,12.790,12.450,3619814;
sh600677:5.050,5.120,5.170,5.040,21498810;
sh600678:7.540,7.570,7.620,7.370,35340317;
sh600682:9.660,9.650,9.770,9.570,15353514;
sh600683:4.050,4.010,4.070,3.950,5070097;
sh600684:3.360,3.300,3.360,3.270,5479281;
sh600689:8.810,8.900,8.880,8.650,3817876;
sh600693:5.020,5.020,5.040,4.970,3198623;
sh600695:9.460,9.270,9.880,9.250,78155223;
sh600697:15.990,15.790,15.990,15.760,2877567;
sh600706:7.770,7.660,7.770,7.520,3151862;
sh600708:3.120,3.080,3.120,3.050,17328591;
sh600711:5.070,4.990,5.090,4.910,50297445;
sh600712:7.210,7.180,7.210,6.920,61935738;
sh600716:3.920,3.950,3.960,3.910,7455083;
sh600719:4.290,4.230,4.290,4.180,3195224;
sh600724:3.270,3.260,3.290,3.230,3803600;
sh600730:4.970,5.110,5.010,4.900,21485455;
sh600734:5.630,5.790,5.720,5.460,44657884;
sh600736:5.590,5.680,5.670,5.510,28135571;
sh600737:8.860,8.820,8.860,8.670,33467390;
sh600744:2.350,2.340,2.360,2.310,7203841;
sh600746:7.550,7.770,7.550,7.360,11147984;
sh600748:5.180,5.150,5.210,5.100,13148179;
sh603893:39.790,39.790,39.790,39.790,149478;
sh600755:6.970,6.900,6.980,6.870,21027877;
sh600756:22.640,23.490,23.580,22.400,28626946;
sh600764:30.450,31.070,30.980,30.020,8446487;
sh600770:5.750,6.010,5.840,5.660,58298989;
sh600771:16.150,15.660,16.190,15.570,11577356;
sh600773:5.880,5.970,6.100,5.850,14883080;
sh600777:2.000,1.980,2.000,1.960,96646615;
sh600783:14.600,14.880,14.930,14.500,12267017;
sh600784:4.720,4.670,4.720,4.600,4278755;
sh600785:14.150,14.230,14.470,14.100,897902;
sh600796:5.520,5.610,5.610,5.510,7077333;
sh600800:5.220,5.290,5.250,5.160,9540795;
sh600802:10.160,10.530,10.450,10.110,48008379;
sh600808:2.770,2.740,2.780,2.730,21008933;
sh600818:11.600,11.260,11.620,11.170,2527502;
sh600819:5.140,5.340,5.350,5.100,14085281;
sh600821:4.260,4.220,4.260,4.160,3900401;
sh600822:9.740,9.730,9.830,9.700,4799086;
sh600824:3.160,3.170,3.170,3.120,5254067;
sh600825:5.230,5.150,5.230,5.150,9170513;
sh600828:4.180,4.100,4.180,4.030,7831099;
sh600829:8.160,8.300,8.350,8.110,12762274;
sh600830:5.260,5.280,5.260,5.200,8018465;
sh600831:10.200,10.900,10.600,10.480,86829188;
sh600833:10.350,10.480,10.660,10.340,4192282;
sh600834:6.510,6.530,6.550,6.420,2913721;
sh600836:4.520,4.540,4.570,4.470,7666008;
sh600838:5.660,5.590,5.660,5.550,3934255;
sh600841:6.650,6.560,6.660,6.520,1283925;
sh600843:7.450,7.600,7.600,7.410,2425864;
sh600846:9.230,9.410,9.310,9.180,23065439;
sh600851:8.090,8.200,8.300,8.090,5821120;
sh600853:3.170,3.160,3.190,3.120,8132221;
sh600854:3.580,3.590,3.600,3.520,5540896;
sh600855:11.970,12.240,12.220,11.900,8042222;
sh600857:9.650,9.550,9.650,9.500,644612;
sh600860:5.050,5.080,5.120,4.980,4712355;
sh600861:9.300,9.810,9.500,9.180,5100663;
sh600862:13.300,13.270,13.590,13.040,30893246;
sh600864:7.660,7.720,7.800,7.570,62663852;
sh600865:6.160,6.130,6.170,6.080,2865125;
sh600866:5.560,5.700,5.760,5.510,55336407;
sh600867:12.190,12.340,12.490,12.190,45964480;
sh600868:3.320,3.330,3.340,3.290,29852095;
sh600869:4.330,4.300,4.340,4.240,41549523;
sh600871:2.230,2.230,2.240,2.200,38711733;
sh600874:7.100,7.100,7.110,7.050,8186076;
sh600876:16.010,15.900,16.010,15.510,14945602;
sh600879:7.100,7.450,7.430,7.040,156443064;
sh600880:3.800,3.970,3.830,3.720,26069748;
sh600882:18.720,17.760,18.730,17.730,5979140;
sh600885:36.750,38.950,37.700,36.530,15410850;
sh600888:4.760,5.080,5.000,4.760,56572570;
sh600889:4.710,4.830,4.730,4.620,6508390;
sh600894:7.130,7.360,7.270,7.120,9922648;
sh600898:7.050,7.650,7.280,7.030,8832720;
sh600917:6.750,6.710,6.790,6.670,4553659;
sh600959:3.950,4.010,3.970,3.910,25202471;
sh600962:7.490,7.440,7.510,7.300,3140790;
sh600965:7.780,7.830,7.780,7.640,6707171;
sh600966:7.300,7.330,7.420,7.260,21805804;
sh600973:4.420,4.500,4.560,4.280,68771850;
sh600976:17.890,17.660,18.180,17.550,4356260;
sh600980:13.450,13.580,13.470,13.320,5450888;
sh600981:3.390,3.430,3.420,3.360,9064047;
sh600982:2.790,2.790,2.800,2.770,4914150;
sh600983:4.570,4.550,4.570,4.480,2189718;
sh600986:4.480,4.600,4.560,4.420,80850646;
sh600988:9.390,9.220,9.500,8.900,195580737;
sh600990:48.180,48.080,48.510,47.520,3763491;
sh600992:6.380,6.380,6.430,6.320,1990396;
sh601002:5.780,5.860,5.960,5.720,19205594;
sh601008:3.630,3.560,3.630,3.550,10524100;
sh601016:2.350,2.330,2.350,2.310,25047043;
sh601069:16.740,16.390,16.860,16.260,39527985;
sh601100:53.610,54.860,55.190,53.240,3888489;
sh601106:2.830,2.790,2.830,2.780,27362707;
sh601118:4.530,4.640,4.570,4.470,41767168;
sh601126:5.460,5.580,5.530,5.350,6306475;
sh601168:6.620,6.560,6.630,6.470,41398325;
sh601199:4.050,4.070,4.130,4.020,10547244;
sh601222:5.710,5.590,5.710,5.490,53002288;
sh601226:3.960,3.970,4.000,3.930,2987257;
sh601233:14.010,13.960,14.020,13.740,31865375;
sh601311:10.170,10.240,10.230,10.050,25534035;
sh601339:3.780,3.770,3.800,3.730,4852797;
sh601388:1.760,1.780,1.790,1.750,28611908;
sh601515:6.490,6.490,6.580,6.420,6458279;
sh601567:8.410,8.350,8.410,8.200,11812547;
sh601608:3.750,3.910,3.940,3.740,42985643;
sh601616:2.960,3.120,3.080,2.940,29357340;
sh601677:11.600,11.570,11.600,11.370,6981911;
sh601689:24.880,24.320,25.380,24.030,31547140;
sh601700:5.850,6.080,5.910,5.800,41292628;
sh601727:4.820,4.780,4.830,4.760,23617610;
sh601789:4.000,4.010,4.040,3.910,28279572;
sh601799:98.300,95.630,98.800,95.510,2340950;
sh601818:3.910,3.890,3.930,3.890,128028655;
sh601866:2.320,2.250,2.330,2.230,64453655;
sh601958:7.090,7.060,7.160,6.950,20516999;
sh601968:4.880,4.840,4.910,4.780,3458405;
sh601996:2.660,2.660,2.670,2.630,12129040;
sh603002:4.910,5.060,4.960,4.840,29121886;
sh603003:7.590,7.530,7.590,7.380,7550048;
sh603006:11.450,11.830,11.450,11.170,5502331;
sh603009:8.300,8.150,8.390,8.020,48171542;
sh603010:16.800,16.240,16.800,15.510,30809620;
sh603015:6.100,6.120,6.110,5.980,3747446;
sh603017:9.940,9.860,9.940,9.790,1888479;
sh603018:9.990,9.900,9.990,9.820,4113631;
sh603020:8.080,8.140,8.170,8.030,2864527;
sh603021:7.000,6.900,7.000,6.810,3935806;
sh603022:17.820,17.350,17.850,17.100,3699662;
sh603023:4.570,4.720,4.640,4.500,13643627;
sh603025:9.120,9.110,9.120,8.840,6183139;
sh603085:7.160,7.290,7.270,7.100,5804805;
sh603088:9.230,9.150,9.270,9.010,2941328;
sh603099:8.870,8.960,8.870,8.650,4950337;
sh603108:10.970,11.330,11.430,10.950,12436521;
sh603111:6.240,6.160,6.250,6.070,26327061;
sh603116:6.060,6.080,6.060,5.960,3631660;
sh603117:3.770,3.770,3.790,3.720,7757800;
sh603123:7.050,7.030,7.070,6.940,4006230;
sh603126:4.480,4.480,4.480,4.410,4646058;
sh603158:27.980,30.580,30.580,27.500,11442301;
sh603168:9.080,9.250,9.350,8.960,12242392;
sh603222:52.800,52.720,53.040,52.310,608600;
sh603227:4.500,4.500,4.520,4.450,10419502;
sh603268:15.450,15.650,15.520,15.280,1752880;
sh603299:6.400,6.420,6.420,6.330,9921749;
sh603300:7.640,7.740,7.670,7.450,20764719;
sh603308:20.910,21.570,21.180,20.460,25237816;
sh603318:9.610,9.790,9.910,9.530,16072729;
sh603333:7.730,7.670,7.760,7.550,16218920;
sh603366:7.170,7.260,7.530,7.040,56157410;
sh603456:17.850,19.380,19.220,17.850,36453307;
sh603508:59.100,61.080,60.520,58.510,4321095;
sh603519:13.470,13.390,13.490,13.290,2848486;
sh603566:16.540,16.800,16.590,16.280,4351906;
sh603568:28.990,28.000,29.230,27.700,7628191;
sh603600:12.600,12.620,12.700,12.400,4872493;
sh603601:11.270,11.770,11.740,11.090,65415753;
sh603609:11.750,11.810,11.750,11.590,10119152;
sh603611:21.700,22.290,23.330,21.700,10439085;
sh603616:7.350,7.290,7.360,7.200,3234600;
sh603618:5.260,5.580,5.500,5.260,20906420;
sh603688:31.510,31.790,32.160,29.220,15793367;
sh603703:15.700,16.650,16.410,15.700,5865094;
sh603789:14.050,14.090,14.230,13.960,4528990;
sh603800:11.680,11.690,11.680,11.520,2267737;
sh603808:13.500,13.370,13.510,13.250,6444012;
sh603818:7.350,7.320,7.380,7.180,2754550;
sh603838:8.340,8.240,8.630,8.180,3375553;
sh603918:11.880,12.470,12.320,11.710,10380743;
sh603936:23.580,26.250,25.430,23.470,32489216;
sh603968:14.680,14.900,14.680,14.470,2462626;
sh603989:29.000,30.160,29.490,28.700,6296458;
sh603997:8.460,8.500,8.480,8.220,6290865;
sh603998:7.580,7.640,7.710,7.570,7748780;
sh603999:7.430,7.480,7.440,7.250,15443728;
sh600127:4.720,5.060,4.850,4.680,71710862;
sh603377:17.120,17.070,17.120,16.850,2815411;
sh601900:11.020,11.230,11.280,10.850,26589243;
sh603919:15.410,15.300,15.500,15.060,5574474;
sh603861:7.960,8.150,8.070,7.940,3711795;
sh603028:11.050,11.000,11.060,10.800,3085000;
sh603798:10.750,10.780,10.820,10.600,3321539;
sh603701:12.870,12.980,13.090,12.600,9042544;
sh603726:20.660,22.500,21.850,20.440,5939127;
sh603528:7.700,8.620,8.350,7.610,27438912;
sh603339:12.800,12.970,12.840,12.660,2762338;
sh603131:24.120,24.960,24.830,24.100,11042074;
sh603016:16.950,16.860,17.010,16.640,1939887;
sh603069:13.320,13.140,13.610,12.920,7492500;
sh600936:3.950,4.110,3.970,3.900,22960191;
sh601997:8.840,8.750,8.840,8.720,15754146;
sh601595:13.550,13.540,13.580,13.120,4300562;
sh603515:26.800,27.060,26.800,26.100,6017434;
sh603843:4.250,4.260,4.270,4.180,8127240;
sh601163:14.880,14.660,14.880,14.510,7920070;
sh603393:35.500,35.880,35.940,34.470,6292309;
sh603738:33.290,34.260,34.190,32.810,13638846;
sh601128:8.280,8.260,8.380,8.200,42583192;
sh603313:27.500,29.630,29.070,27.150,6614843;
sh600926:8.900,8.870,8.930,8.810,19812355;
sh603888:29.540,30.040,30.140,29.200,21400420;
sh603060:21.550,21.050,21.550,20.920,3712020;
sh603633:12.290,12.350,12.290,12.060,7010605;
sh603987:10.720,10.410,10.900,10.190,15328957;
sh603336:15.120,15.580,15.180,14.890,18919213;
sh603660:14.600,15.740,15.260,14.310,51888591;
sh603559:17.880,18.820,18.350,17.710,12340960;
sh603033:20.290,21.680,22.100,19.960,4476289;
sh603389:5.110,5.070,5.140,5.020,2489289;
sh603058:6.980,7.010,7.020,6.890,2562400;
sh603886:16.820,16.630,16.820,16.520,3119236;
sh603239:11.780,11.720,11.980,11.600,2795600;
sh601375:5.600,5.690,5.680,5.560,60951099;
sh603035:15.900,14.890,15.900,14.670,18759205;
sh603032:20.500,20.850,20.650,20.150,5253996;
sh603877:15.850,15.430,15.850,15.380,1469188;
sh603689:10.860,10.730,10.860,10.660,3917315;
sh603579:29.650,29.710,30.130,29.600,1621421;
sh603639:25.870,26.280,26.250,25.610,3439736;
sh601858:11.580,11.940,11.870,11.440,6290278;
sh603638:31.440,31.470,31.680,30.390,1710440;
sh603429:50.200,49.350,50.500,48.600,2995365;
sh603966:10.120,10.550,10.290,10.040,4367721;
sh603089:13.540,13.740,13.990,13.250,2734492;
sh603360:33.650,33.520,33.870,33.090,2340388;
sh603677:12.510,12.110,12.510,12.070,4761590;
sh603637:14.850,14.660,14.870,14.000,1760690;
sh601212:3.700,3.560,3.730,3.500,77494563;
sh603603:8.030,8.070,8.130,7.950,5850946;
sh603817:6.250,6.210,6.280,6.180,2812609;
sh603717:8.250,8.190,8.250,8.080,3571242;
sh603656:14.560,14.810,14.750,14.480,1473644;
sh603133:24.910,27.390,25.500,24.620,16651796;
sh603811:26.550,27.120,26.580,26.120,3424025;
sh603955:15.690,15.750,15.750,15.550,880374;
sh603908:23.810,24.070,23.930,23.400,615900;
sh603991:16.700,16.820,16.750,16.380,577250;
sh603578:22.770,23.800,22.880,22.330,6733560;
sh601366:5.470,5.440,5.490,5.400,6040211;
sh603787:15.740,15.650,15.800,15.400,9581205;
sh603320:16.470,16.770,16.680,16.400,1541195;
sh603906:10.500,10.580,10.500,10.310,5228352;
sh603586:18.500,18.350,18.500,18.050,3194975;
sh603538:24.900,24.720,25.090,24.510,4690579;
sh603385:10.230,10.110,10.230,10.030,5841551;
sh603178:10.660,10.590,10.690,10.350,6408736;
sh603238:23.970,25.410,25.280,23.750,7054347;
sh603229:25.100,25.570,25.580,25.050,1809819;
sh603728:12.600,13.570,13.800,12.390,12760929;
sh603896:30.660,30.190,30.660,29.880,1502097;
sh603488:8.430,8.470,8.430,8.290,2198135;
sh603197:34.510,38.160,38.160,34.500,10272916;
sh603580:12.010,11.820,12.010,11.710,1596961;
sh603200:31.850,31.850,31.850,31.850,768830;
sh603042:16.150,16.510,16.150,15.720,9694605;
sh603536:16.350,16.020,16.360,15.980,16923832;
sh603326:17.600,17.400,17.610,17.260,1383646;
sh603316:8.340,8.330,8.390,8.180,1576779;
sh603335:4.550,4.530,4.580,4.470,6962425;
sh603380:17.080,17.780,17.370,17.000,4485852;
sh603286:17.090,17.610,17.490,16.840,4656919;
sh603938:35.000,35.220,36.160,34.050,5945537;
sh603331:15.980,15.950,16.000,15.700,627515;
sh603933:15.400,15.850,15.680,15.310,7464600;
sh603595:32.500,33.500,33.500,31.730,3837253;
sh603612:12.470,13.250,12.930,12.450,8687369;
sh603676:10.590,10.640,10.750,10.560,2904450;
sh603063:9.020,9.160,9.070,8.900,3820810;
sh603233:55.170,54.130,55.460,53.530,3474285;
sh603357:9.770,9.830,9.830,9.640,4549611;
sh603860:26.250,26.530,26.260,25.890,412800;
sh603880:15.570,16.410,16.350,15.550,14597294;
sh603776:21.600,21.510,21.800,21.230,6489660;
sh603976:16.960,18.070,18.500,16.920,6304792;
sh603079:58.000,61.470,61.470,57.500,8148979;
sh603725:6.610,6.650,6.680,6.500,3188612;
sh603813:18.100,18.020,18.100,17.740,772578;
sh603136:24.660,24.190,24.660,24.100,1437704;
sh603378:26.830,27.720,26.890,25.930,3531462;
sh603367:17.450,17.590,17.580,17.330,8610077;
sh603103:16.400,16.170,16.450,15.970,6571846;
sh603110:16.140,17.090,16.680,16.070,5549653;
sh603499:15.200,15.450,15.460,15.080,1074760;
sh603829:9.950,9.890,9.950,9.780,1113721;
sh603722:38.140,38.320,38.820,37.710,2794504;
sh603659:97.300,98.140,98.000,95.030,5497389;
sh603076:22.270,22.110,22.400,21.830,538300;
sh603661:39.870,39.600,40.090,39.190,1144355;
sh601019:6.680,6.630,6.720,6.590,5369914;
sh603890:11.550,11.920,11.710,11.400,12657129;
sh603477:11.750,11.650,11.790,11.560,7308456;
sh603895:20.600,20.620,20.600,20.220,1743620;
sh603516:52.000,53.600,53.350,50.630,3919568;
sh603871:30.850,30.690,30.850,30.310,1630810;
sh603709:23.760,23.390,23.850,23.200,532300;
sh603712:26.720,27.980,27.250,26.660,11899475;
sh603059:26.840,25.850,26.840,25.800,2870543;
sh600929:6.280,6.260,6.310,6.220,6948047;
sh603897:18.180,18.310,18.270,17.950,1961241;
sh603301:37.200,38.490,38.490,37.200,16172072;
sh603773:39.880,40.410,40.390,39.120,5498170;
sh603666:99.980,101.000,102.960,100.460,890065;
sh601990:14.320,14.540,14.780,14.240,187823453;
sh603713:44.710,46.840,46.680,44.250,3280932;
sh601606:10.600,10.650,10.640,10.430,11428615;
sh603590:38.020,38.420,39.790,37.980,3502463;
sh603192:26.150,26.340,26.250,25.750,1720035;
sh601068:4.760,4.810,4.770,4.670,12562229;
sh603297:39.210,43.130,39.210,38.310,7032516;
sh603790:14.390,14.440,14.450,14.280,3447610;
sh603583:57.300,58.380,59.900,56.820,1859241;
sh601975:2.570,2.550,2.580,2.520,50878653;
sh603629:26.000,27.100,26.560,26.000,2218500;
sh603185:42.110,44.610,43.250,42.000,3779210;
sh601298:6.270,6.220,6.340,6.180,14894057;
sh603700:35.600,35.780,36.240,35.090,3918156;
sh601615:11.890,12.300,11.890,11.610,31240366;
sh601865:15.580,15.550,15.970,15.300,11271084;
sh603317:40.200,41.000,40.790,39.800,1529160;
sh603697:12.480,12.420,12.480,12.230,4518402;
sh603982:17.250,17.270,17.460,17.180,6378700;
sh603327:32.740,34.060,33.930,32.580,9775502;
sh603915:13.470,13.380,13.480,13.220,3025757;
sh601236:20.650,23.190,22.870,20.650,124532324;
sh603530:19.100,19.290,19.100,18.680,5428745;
sh603115:20.990,21.520,21.520,20.990,5900243;
sh603992:17.110,17.460,17.320,16.900,3517644;
sh603755:42.400,42.660,42.500,41.610,1124652;
sh600000:11.230,11.160,11.340,11.100,44738422;
sh600004:16.840,16.320,16.990,16.250,26540466;
sh600006:4.370,4.370,4.410,4.300,35827100;
sh600007:15.220,14.960,15.240,14.860,3146437;
sh600008:3.350,3.410,3.490,3.320,62419037;
sh600009:71.000,69.880,71.180,68.900,29663096;
sh600011:4.990,4.930,4.990,4.900,36699463;
sh600012:5.490,5.420,5.490,5.420,2623810;
sh600015:7.180,7.150,7.210,7.130,15575283;
sh600016:5.910,5.860,5.930,5.850,106667023;
sh600017:2.680,2.660,2.690,2.640,17714281;
sh600018:4.880,4.770,4.880,4.750,55620671;
sh600019:5.360,5.340,5.370,5.320,76318595;
sh600020:4.070,4.010,4.070,3.970,25268764;
sh600021:7.390,7.340,7.440,7.300,6345427;
sh600023:3.600,3.580,3.600,3.560,22972930;
sh600026:6.060,5.810,6.060,5.710,41106994;
sh600027:3.420,3.370,3.430,3.350,27597492;
sh600028:4.760,4.720,4.770,4.710,129216443;
sh600029:6.250,6.090,6.250,6.030,101243110;
sh600030:24.990,25.040,25.180,24.800,244184628;
sh600031:17.300,17.280,17.350,17.110,80168805;
sh600033:2.880,2.870,2.890,2.840,10476701;
sh600035:3.120,3.120,3.130,3.090,13012241;
sh600036:35.490,35.050,35.690,35.030,79844070;
sh600037:9.980,10.310,10.130,10.000,38099731;
sh600038:44.500,44.160,44.700,43.710,9736076;
sh600050:5.650,5.900,5.940,5.650,327401849;
sh600054:8.550,8.420,8.560,8.340,6421863;
sh600055:13.270,13.160,13.280,12.910,18237121;
sh600056:15.660,15.740,16.190,15.660,32336997;
sh600057:4.020,4.150,4.180,4.010,30099414;
sh600059:7.890,7.990,7.890,7.820,9443682;
sh600060:12.160,12.320,12.570,12.100,25512210;
sh600062:13.770,13.860,13.950,13.640,12661748;
sh600064:9.360,9.360,9.410,9.270,19327767;
sh600066:15.190,15.500,15.460,15.110,40048098;
sh600068:6.100,6.070,6.150,6.050,41172370;
sh600072:12.830,12.970,12.920,12.730,19806806;
sh600073:7.730,7.790,7.730,7.590,20846711;
sh600075:5.100,5.130,5.120,5.040,10090623;
sh600085:27.990,27.610,28.000,27.570,10197082;
sh600089:6.480,6.410,6.500,6.370,34845925;
sh600093:15.070,15.430,15.070,14.730,59761172;
sh600097:9.380,9.470,9.470,9.330,1771081;
sh600098:6.060,6.250,6.320,5.960,9456408;
sh600100:9.990,10.420,10.470,10.250,117946855;
sh600104:23.600,23.700,24.320,23.600,27931906;
sh600105:4.990,5.100,5.100,4.890,37192646;
sh600106:2.810,2.790,2.820,2.780,9295833;
sh600109:10.880,11.050,11.350,10.860,189974609;
sh600114:15.030,15.150,15.300,14.450,69350704;
sh600116:7.440,8.060,7.630,7.430,22596207;
sh600118:39.300,38.780,39.800,37.800,68102907;
sh600125:5.350,5.300,5.370,5.250,17827454;
sh600126:4.660,5.140,5.030,4.630,68295461;
sh600129:12.390,12.590,12.780,12.390,6202570;
sh600131:20.500,21.820,21.850,20.200,29749435;
sh600132:48.300,47.700,48.300,46.770,4290331;
sh600133:5.070,5.100,5.140,5.050,11123601;
sh600138:11.100,10.870,11.100,10.720,35121973;
sh600141:10.640,11.140,10.770,10.430,53850111;
sh600143:9.420,9.570,9.560,9.260,128634896;
sh600150:20.400,20.430,20.410,20.090,13239976;
sh600153:8.180,8.080,8.240,8.050,18245141;
sh600158:9.710,9.630,9.720,9.530,19091572;
sh600170:3.310,3.350,3.310,3.230,65523084;
sh600171:21.800,23.210,23.050,21.660,74706782;
sh600176:10.130,10.000,10.130,9.920,36159730;
sh600177:6.840,6.810,6.880,6.790,19438702;
sh600183:29.660,32.210,32.210,29.660,79954667;
sh600195:11.810,11.790,11.840,11.550,24959111;
sh600196:26.540,26.790,26.870,26.430,32619541;
sh600216:14.900,14.790,15.360,14.710,40883653;
sh600217:5.780,6.030,5.940,5.720,38454152;
sh600219:2.240,2.220,2.250,2.210,97207641;
sh600233:14.640,14.240,14.640,14.230,36545728;
sh600252:3.200,3.240,3.280,3.200,29772202;
sh600256:2.980,2.950,2.980,2.930,42823385;
sh600258:17.250,17.240,17.600,17.000,23005156;
sh600260:14.250,15.100,14.950,14.050,102852108;
sh600261:4.270,4.290,4.300,4.180,27454258;
sh600269:3.790,3.770,3.790,3.750,10875892;
sh600271:24.300,24.600,24.300,23.850,36125486;
sh600276:89.970,88.380,90.050,87.550,27833726;
sh600284:6.470,6.470,6.530,6.440,9996620;
sh601658:5.500,5.500,5.520,5.490,54968752;
sh600969:6.280,6.220,6.280,6.170,3734090;
sh600297:3.640,3.690,3.760,3.620,45223292;
sh600298:28.630,29.490,29.360,28.600,17242998;
sh600299:10.930,11.110,10.970,10.770,11047606;
sh600305:17.460,18.300,17.770,17.350,21700741;
sh600309:51.000,49.990,51.030,49.780,27069035;
sh600312:6.360,6.370,6.460,6.260,14404466;
sh600315:27.410,27.630,27.500,27.100,7120661;
sh600316:14.090,14.050,14.150,13.860,15082077;
sh600320:3.430,3.400,3.430,3.380,13194787;
sh600325:7.000,6.860,7.000,6.780,28275193;
sh600332:36.990,36.700,37.290,36.680,20768334;
sh600340:24.650,24.300,24.650,24.020,15494673;
sh600343:9.210,9.250,9.330,8.980,18815749;
sh600345:21.200,22.500,22.300,21.200,11647681;
sh600350:4.420,4.310,4.420,4.280,15350277;
sh600352:13.810,13.950,14.050,13.690,83394636;
sh600361:3.770,3.760,3.780,3.720,8316700;
sh600362:14.870,14.870,15.050,14.680,37915167;
sh600369:5.280,5.320,5.370,5.220,74857459;
sh600372:14.710,14.710,14.830,14.510,14542485;
sh600376:7.070,6.890,7.080,6.820,11668944;
sh600377:10.400,10.350,10.420,10.340,7393864;
sh600380:11.060,11.720,11.340,11.040,59814068;
sh600383:13.560,13.390,13.580,13.180,34061824;
sh600388:11.160,11.280,11.160,10.910,18845038;
sh600390:8.340,8.250,8.430,8.210,25562544;
sh600391:18.100,18.560,19.120,18.000,36100574;
sh600406:20.100,20.130,20.370,19.820,27137004;
sh600410:11.670,12.130,11.950,11.530,131534315;
sh600418:4.840,4.860,4.850,4.780,24039784;
sh600420:9.880,9.870,9.980,9.760,11972002;
sh600422:11.300,11.130,11.340,11.080,28105871;
sh600428:3.390,3.340,3.400,3.320,12253500;
sh600435:8.760,8.760,8.760,8.580,30082328;
sh600436:128.500,125.940,129.350,124.700,5960915;
sh600439:3.200,3.280,3.210,3.130,26356688;
sh600446:22.170,22.600,22.800,21.980,65931368;
sh600452:17.520,18.940,18.710,17.520,11514140;
sh600460:20.670,20.880,21.340,20.550,127094139;
sh600477:4.120,4.290,4.230,4.110,57990634;
sh600482:18.750,18.570,18.770,18.410,6033049;
sh600483:8.280,8.290,8.290,8.210,9972070;
sh600486:69.040,69.230,69.770,68.040,6060656;
sh600487:16.990,17.840,17.610,16.910,89898836;
sh600489:9.110,8.930,9.180,8.900,106942708;
sh600496:3.430,3.470,3.540,3.420,48600429;
sh600497:4.000,3.950,4.020,3.920,43321061;
sh600498:27.170,28.940,28.940,27.170,60477372;
sh600500:5.910,5.940,5.940,5.780,32933995;
sh600507:9.220,9.180,9.250,9.130,14431903;
sh600511:28.030,28.120,28.290,27.830,6496264;
sh600516:10.960,11.250,11.040,10.730,120391184;
sh600519:1105.500,1087.180,1110.000,1085.500,3865036;
sh600522:8.590,9.120,8.800,8.550,177512301;
sh600529:36.470,36.470,36.870,35.460,4287635;
sh600535:16.070,16.180,16.240,15.920,24340572;
sh600536:85.400,93.780,92.840,84.980,48789586;
sh600545:5.830,5.810,5.840,5.730,14589276;
sh600547:39.000,38.500,39.000,38.110,112864266;
sh600548:10.020,10.010,10.110,10.000,7697127;
sh600557:14.350,14.470,14.580,14.300,8927441;
sh600563:63.860,63.150,65.040,62.000,9837507;
sh600565:3.040,3.010,3.050,2.980,26529536;
sh600566:25.230,25.280,25.470,25.010,8500497;
sh600570:101.730,102.500,104.490,100.870,25269439;
sh600571:11.020,11.300,11.270,10.950,27110326;
sh600572:6.330,6.330,6.420,6.300,62171932;
sh600577:3.210,3.400,3.480,3.170,143029839;
sh600578:2.850,2.880,2.860,2.830,6814901;
sh600580:15.100,14.890,15.250,14.810,52901027;
sh600582:3.100,3.170,3.250,3.080,63865196;
sh600583:6.740,6.740,6.840,6.700,24637250;
sh600584:30.730,33.880,32.340,30.200,106877715;
sh600585:52.220,53.020,54.550,51.930,44955627;
sh600588:44.810,47.120,47.580,44.680,42139460;
sh600590:5.920,6.100,5.980,5.860,23224975;
sh600597:11.620,11.620,11.660,11.440,14523714;
sh600598:12.540,13.550,12.890,12.360,100928302;
sh600600:46.000,45.200,46.000,45.100,10226995;
sh600606:6.050,5.950,6.060,5.890,71531013;
sh600611:3.810,3.770,3.810,3.720,9866577;
sh600612:50.100,49.020,50.550,48.680,3041967;
sh600616:4.630,4.610,4.640,4.570,3820244;
sh600618:9.010,9.380,9.340,9.010,24066320;
sh600619:8.000,8.040,8.050,7.940,3028901;
sh600622:4.080,4.270,4.150,4.050,66712174;
sh600633:9.880,10.370,9.980,10.010,31721790;
sh600635:4.540,4.580,4.560,4.500,33771782;
sh600637:11.230,11.310,11.250,11.050,33216925;
sh600642:5.560,5.490,5.560,5.460,13816016;
sh600643:9.130,9.100,9.140,9.000,25773096;
sh600648:15.970,15.820,15.980,15.710,5240542;
sh600650:9.400,9.400,9.440,9.280,2727093;
sh600655:7.800,7.610,7.850,7.600,10257161;
sh600657:3.540,3.480,3.540,3.460,8934990;
sh600658:5.050,5.120,5.060,4.860,14116423;
sh600660:24.970,25.160,25.110,24.770,19788063;
sh600663:12.250,11.990,12.250,11.950,5286558;
sh600667:14.100,15.350,15.100,13.770,156078737;
sh600674:9.200,9.150,9.270,9.110,17197950;
sh600685:14.110,14.100,14.190,13.950,8028920;
sh600686:7.000,7.000,7.070,6.930,5851139;
sh600688:3.770,3.810,3.880,3.760,24348044;
sh600690:18.750,18.310,18.750,18.290,51641555;
sh600699:27.770,28.390,29.560,27.740,72616088;
sh600702:26.670,26.300,26.670,25.850,10788592;
sh600703:27.800,29.780,29.460,27.620,145452043;
sh600704:5.200,5.220,5.350,5.170,63775736;
sh600705:4.630,4.590,4.640,4.550,67142121;
sh600713:4.760,4.800,4.830,4.740,14095319;
sh600717:5.750,5.750,5.760,5.680,10834198;
sh600718:14.230,14.710,14.490,14.010,51553838;
sh600720:12.390,12.580,12.820,12.340,28345865;
sh600723:5.630,5.600,5.640,5.560,5411515;
sh600728:10.900,11.370,11.520,10.900,120158749;
sh600729:26.900,27.000,27.160,26.680,5686888;
sh600733:6.780,6.810,6.910,6.710,34143277;
sh600741:29.270,29.480,30.120,28.980,22681286;
sh600743:2.250,2.240,2.250,2.210,6885407;
sh600745:139.210,151.210,145.510,139.000,29658649;
sh600749:9.340,9.180,9.340,9.090,2621700;
sh600750:13.100,13.280,13.320,13.100,10159358;
sh600754:28.820,28.220,29.300,27.380,7783516;
sh600760:29.300,29.820,29.300,28.900,20727483;
sh600761:10.070,9.830,10.070,9.810,7310015;
sh600763:108.750,107.270,108.990,105.050,4264735;
sh600765:10.350,10.290,10.530,10.210,18353400;
sh600775:9.620,10.440,9.820,10.040,41221687;
sh600776:19.870,21.900,21.000,19.830,71612312;
sh600779:47.120,47.340,47.400,46.380,5098198;
sh600787:4.850,4.810,4.870,4.770,17451033;
sh600789:12.460,12.440,12.970,12.260,167920701;
sh600790:3.210,3.200,3.220,3.180,7264669;
sh600794:3.600,3.640,3.610,3.540,23531506;
sh600795:2.160,2.140,2.160,2.130,61030245;
sh600797:10.000,10.300,10.340,10.130,59790151;
sh600798:3.270,3.230,3.270,3.210,8813221;
sh600801:23.700,24.280,24.600,23.700,41918285;
sh600803:10.520,10.370,10.520,10.210,13593755;
sh600804:6.430,6.730,6.650,6.290,117774296;
sh600805:4.760,4.770,4.780,4.710,9425371;
sh600809:89.010,88.630,89.900,87.000,4753698;
sh600812:9.380,9.170,9.380,9.120,39448668;
sh600814:5.200,5.090,5.200,5.060,3067910;
sh600816:3.330,3.350,3.360,3.260,98474001;
sh600820:5.640,5.590,5.640,5.540,16256111;
sh600823:4.140,4.100,4.170,4.100,14210766;
sh600826:10.680,10.680,10.810,10.620,2818686;
sh600827:8.060,7.920,8.060,7.850,9014834;
sh600835:15.580,15.500,15.580,15.370,7433544;
sh600837:15.280,15.360,15.450,15.220,108946836;
sh600839:3.430,3.430,3.430,3.430,26343130;
sh600845:47.900,48.700,49.290,47.300,18707724;
sh600848:22.630,22.430,22.700,22.230,8738478;
sh600850:29.280,30.030,30.150,29.010,15277938;
sh600859:12.720,12.440,12.730,12.380,12863585;
sh600872:38.600,38.330,38.910,38.000,9695816;
sh600873:4.410,4.360,4.410,4.300,19294980;
sh600875:10.180,10.280,10.380,10.000,47207950;
sh600884:14.730,14.510,14.750,14.020,41489820;
sh600886:8.170,7.970,8.190,7.930,37144207;
sh600887:30.470,29.970,30.470,29.700,74408877;
sh603551:18.040,17.750,18.040,17.600,4041643;
sh600893:25.690,25.440,25.860,25.130,39404933;
sh600895:14.330,14.270,14.370,14.120,16168679;
sh600897:20.920,20.360,20.920,20.250,1621936;
sh600900:17.490,17.410,17.530,17.380,17125830;
sh600958:10.860,10.890,10.960,10.720,60796403;
sh600967:10.630,10.720,10.680,10.420,14348516;
sh600970:6.170,6.160,6.180,6.100,23136432;
sh600975:8.080,8.220,8.150,7.980,28769911;
sh600987:6.170,6.240,6.310,6.160,6517743;
sh600993:16.960,16.830,17.080,16.750,6895551;
sh600995:7.500,7.380,7.500,7.320,6624141;
sh600998:16.100,16.080,16.360,16.000,8592932;
sh600999:18.760,18.880,19.000,18.760,28576786;
sh601003:5.100,5.090,5.130,5.050,10861180;
sh601006:7.390,7.320,7.420,7.310,35802346;
sh601007:8.300,8.350,8.350,8.250,2212402;
sh601009:8.130,8.010,8.150,7.990,57484011;
sh601010:3.170,3.170,3.200,3.140,14717144;
sh601012:34.500,34.000,34.800,33.310,60599205;
sh601018:3.480,3.420,3.500,3.390,28379219;
sh601021:39.000,37.980,39.000,37.700,14457608;
sh601038:6.510,6.540,6.510,6.300,23831367;
sh601088:16.770,16.530,16.780,16.510,33739252;
sh601099:3.630,3.630,3.670,3.590,186714181;
sh601107:3.650,3.670,3.690,3.620,6885365;
sh601111:8.120,7.890,8.150,7.830,137733942;
sh601116:12.710,12.820,12.750,12.580,5073713;
sh601117:7.300,7.210,7.340,7.110,39816748;
sh601137:13.190,13.580,13.770,13.100,14759415;
sh601139:6.850,6.770,6.890,6.710,13255847;
sh601158:5.460,5.450,5.480,5.420,3378469;
sh601166:18.010,17.840,18.100,17.830,73472158;
sh601169:5.280,5.260,5.290,5.250,57087971;
sh601186:9.320,9.190,9.360,9.180,64228032;
sh601198:12.640,12.810,12.880,12.610,34963891;
sh601211:18.470,18.420,18.600,18.270,66748415;
sh601216:2.940,2.910,2.950,2.900,50832027;
sh601231:25.800,26.910,26.510,24.990,60050196;
sh601238:11.660,11.640,11.890,11.550,19169539;
sh601288:3.480,3.460,3.500,3.460,185995540;
sh601360:26.200,29.000,27.570,26.010,57178179;
sh601318:81.000,80.720,81.300,80.500,103507093;
sh601328:5.360,5.310,5.380,5.310,71768566;
sh601333:2.740,2.690,2.740,2.680,23879830;
sh601336:47.560,47.160,47.720,47.040,19858527;
sh601377:7.370,7.400,7.470,7.300,116514202;
sh601390:5.340,5.280,5.350,5.270,61584975;
sh601398:5.480,5.440,5.490,5.430,193329190;
sh601519:9.370,9.410,9.740,9.120,168167564;
sh601555:9.880,10.010,10.170,9.820,80323959;
sh601579:8.230,8.220,8.230,8.140,981261;
sh601588:2.860,2.840,2.870,2.810,22213346;
sh601600:3.210,3.170,3.220,3.140,75138113;
sh601601:34.190,33.750,34.190,33.680,38824245;
sh601607:20.250,19.950,20.350,19.910,34848822;
sh601618:2.560,2.540,2.580,2.540,61044161;
sh601628:31.800,31.640,32.090,31.330,19652243;
sh601633:8.870,9.190,9.170,8.780,40300610;
sh601636:5.640,5.530,5.640,5.380,51649880;
sh601668:5.380,5.290,5.390,5.280,267134522;
sh601669:4.040,3.970,4.050,3.960,38251198;
sh601688:20.180,20.220,20.240,19.950,134437859;
sh601717:6.300,6.210,6.320,6.150,24463616;
sh601718:4.150,4.370,4.430,4.130,133002956;
sh601766:6.470,6.390,6.480,6.380,78701380;
sh601788:12.960,12.990,13.060,12.820,37418737;
sh601800:8.050,7.960,8.060,7.910,50428430;
sh601801:5.200,5.180,5.220,5.120,8956899;
sh601808:17.580,17.250,17.850,17.220,15741563;
sh601857:5.340,5.280,5.340,5.270,138156164;
sh601872:5.700,5.490,5.700,5.400,135384992;
sh601877:28.660,28.220,28.900,28.050,20779999;
sh601880:1.830,1.810,1.840,1.800,25957616;
sh601888:83.600,82.970,85.070,82.730,16999608;
sh601890:5.580,5.640,5.610,5.520,18054880;
sh601899:4.830,4.720,4.860,4.660,364972282;
sh601901:8.200,8.090,8.230,8.060,141848365;
sh601919:4.420,4.340,4.430,4.290,47000488;
sh601928:7.230,7.170,7.240,7.080,16413322;
sh601933:9.000,8.740,9.020,8.720,118670703;
sh601939:6.770,6.710,6.770,6.700,88049784;
sh601965:8.710,9.010,8.850,8.550,9876937;
sh601985:4.780,4.720,4.780,4.690,30395598;
sh601988:3.600,3.590,3.610,3.590,77909432;
sh601989:4.710,4.640,4.720,4.620,85132052;
sh601991:2.250,2.240,2.260,2.220,14067397;
sh601992:3.360,3.400,3.450,3.360,50176250;
sh601998:5.680,5.640,5.680,5.610,21377756;
sh603000:22.850,23.000,23.160,22.590,37550535;
sh603005:133.000,135.700,137.000,126.000,23772059;
sh603008:13.770,13.630,13.890,13.490,5833400;
sh603011:5.580,5.530,5.760,5.490,43693411;
sh603019:52.250,53.530,53.880,51.580,48158211;
sh603026:44.000,43.480,46.660,42.510,33440177;
sh603066:8.880,8.880,8.890,8.640,10805768;
sh603100:9.000,9.370,9.230,9.000,7210100;
sh603118:15.260,16.170,16.500,15.160,84095467;
sh603128:5.880,5.830,5.880,5.750,21513355;
sh603169:5.400,5.300,5.410,5.240,11717133;
sh603198:17.650,17.620,17.650,17.400,6112300;
sh603199:22.900,22.250,22.900,22.070,1278596;
sh603288:104.030,103.940,104.870,103.210,4836356;
sh603306:14.360,14.290,14.470,14.010,1739500;
sh603328:13.460,14.290,14.050,13.330,36628444;
sh603338:75.460,77.430,77.600,75.000,1864122;
sh603355:24.500,24.920,24.680,24.030,2703758;
sh603368:34.940,34.700,34.950,34.410,5141641;
sh603369:32.510,31.740,32.600,31.290,18198000;
sh603398:9.610,9.710,9.740,9.540,4510208;
sh603589:47.580,47.020,47.940,46.510,7551962;
sh603598:16.090,16.250,16.690,15.960,16419224;
sh603599:15.610,15.920,15.730,15.480,6632526;
sh603606:11.750,12.170,12.090,11.720,14284378;
sh603636:15.220,15.650,15.780,15.050,27340639;
sh603678:32.600,33.400,33.500,31.410,30805630;
sh603686:12.490,13.160,13.690,12.480,27324060;
sh603696:8.010,8.050,8.050,7.830,4330396;
sh603698:12.250,12.190,12.290,12.070,4189152;
sh603699:12.900,12.940,12.900,12.690,3832530;
sh603718:17.560,17.500,18.150,17.440,9594752;
sh603766:3.590,3.590,3.620,3.530,19646166;
sh603799:44.500,42.610,44.500,41.400,121627258;
sh603806:52.000,51.220,52.000,50.000,3609415;
sh603866:40.720,42.900,41.390,40.720,4588038;
sh603883:70.870,69.320,71.000,68.800,2756545;
sh603885:12.800,12.370,12.850,12.210,28016921;
sh603889:5.460,5.430,5.480,5.400,2393970;
sh603898:15.250,15.240,15.250,14.860,1052307;
sh603899:47.780,47.200,47.800,46.700,5843825;
sh603939:83.100,80.710,84.200,80.650,3033573;
sh603993:4.530,4.410,4.540,4.260,462597352;
sh603225:11.300,11.260,11.300,11.060,4554202;
sh603195:178.920,174.590,182.300,174.590,14059263;
sh601816:7.420,7.300,7.420,7.280,365737108;
sh600673:8.780,9.250,8.940,8.680,64235015;
sh601916:4.370,4.330,4.370,4.320,78663539;
sh603027:22.980,22.930,23.460,22.840,7099431;
sh603520:50.120,54.920,52.460,50.120,3421804;
sh603868:36.790,36.800,37.180,36.380,1397285;
sh603737:96.330,95.000,96.330,93.140,2111838;
sh601611:6.560,6.540,6.600,6.480,15437300;
sh601127:9.750,9.640,9.790,9.580,3182084;
sh601966:24.270,24.050,24.270,23.740,7714440;
sh603322:19.630,20.090,19.630,19.250,7582247;
sh600919:6.650,6.640,6.720,6.630,29884804;
sh601811:12.390,12.510,12.420,12.200,2640473;
sh600977:14.000,13.880,14.000,13.610,18883114;
sh603986:398.500,402.000,407.740,381.330,8543564;
sh603658:115.500,119.920,122.370,115.500,1813581;
sh603189:32.150,32.150,32.150,32.150,1005700;
sh600908:5.290,5.260,5.320,5.200,17563322;
sh603421:18.130,18.740,18.550,17.900,10828537;
sh603777:11.400,11.410,11.620,11.230,3860380;
sh603816:43.490,43.100,43.490,42.130,3895347;
sh603160:361.000,371.690,368.500,354.020,5989622;
sh603258:33.350,33.580,34.340,32.890,8676327;
sh603290:69.720,69.720,69.720,69.720,133462;
sh601229:8.850,8.790,8.880,8.780,23386061;
sh603858:21.250,22.600,21.770,21.100,37889832;
sh603727:21.000,21.220,21.350,20.610,4207913;
sh603900:8.500,8.350,8.520,8.280,2753361;
sh600909:8.140,8.590,8.640,8.100,219263301;
sh603990:58.500,62.240,61.880,58.500,4075070;
sh603708:24.140,25.090,24.250,23.680,5201564;
sh603416:31.070,32.410,32.200,30.880,1840639;
sh600996:9.660,10.270,9.840,10.270,50469272;
sh603298:13.210,13.390,13.390,13.210,3929058;
sh603218:20.360,20.160,20.500,19.850,2844068;
sh603929:16.820,17.850,17.850,16.650,7956628;
sh603186:58.580,64.670,62.970,58.580,4981677;
sh603444:440.930,436.200,443.970,431.800,1420396;
sh603228:50.910,55.060,54.700,50.910,10833004;
sh603690:42.800,44.560,43.800,42.420,12525250;
sh603039:91.000,92.280,93.000,89.400,1265552;
sh603337:22.130,22.250,22.450,21.910,2095458;
sh601881:11.360,11.520,11.560,11.300,71357725;
sh603881:48.860,50.750,50.660,48.860,8802967;
sh603208:82.700,84.990,84.800,81.310,1083720;
sh600939:4.290,4.220,4.300,4.200,4859900;
sh603501:197.500,220.020,204.150,197.010,11308705;
sh603517:40.180,39.930,40.650,39.320,5575342;
sh603960:36.710,37.220,37.600,36.180,2258782;
sh603630:13.590,13.410,13.590,13.270,3304721;
sh603138:28.760,28.620,28.880,27.400,10277124;
sh603803:14.700,15.190,15.150,14.520,19485831;
sh603232:56.600,57.280,58.990,55.000,3111610;
sh603920:28.000,29.690,28.450,27.280,22543475;
sh603078:49.500,51.900,51.300,48.300,8367841;
sh601200:11.800,12.060,12.070,11.720,17891518;
sh603303:9.820,9.740,9.850,9.670,4154748;
sh603833:116.670,114.240,117.790,112.980,2466936;
sh601228:3.450,3.400,3.450,3.380,12144000;
sh603345:67.290,67.290,67.290,67.290,521143;
sh601952:7.750,8.540,8.070,7.720,74779425;
sh603383:82.800,83.410,84.500,80.110,5209805;
sh603496:31.390,33.260,33.880,31.350,9506919;
sh603226:16.160,16.010,16.200,15.800,3242500;
sh603980:7.620,7.500,7.620,7.480,6071780;
sh601878:11.270,11.660,11.730,11.270,112878476;
sh603043:28.450,28.950,28.550,28.080,4711850;
sh603801:21.970,21.710,22.150,21.430,3204221;
sh603387:37.920,39.050,39.950,37.920,13595857;
sh603707:52.200,51.900,52.670,51.210,2799981;
sh603825:32.220,33.780,33.440,30.550,11736691;
sh603978:25.500,26.770,25.670,24.880,7574675;
sh603602:24.010,24.790,24.650,23.850,17425137;
sh601326:2.850,2.820,2.850,2.800,11318123;
sh603129:47.840,48.170,48.990,47.020,1535444;
sh601949:6.210,6.410,6.340,6.200,16702034;
sh603127:73.380,74.280,74.120,72.360,2624401;
sh603183:9.710,9.870,9.790,9.610,3931409;
sh603882:57.020,58.150,58.250,57.000,6112225;
sh603277:9.790,9.850,9.820,9.640,1612198;
sh603386:16.530,17.570,17.140,16.530,8843186;
sh603648:9.190,9.230,9.220,9.100,4757800;
sh603321:7.730,7.870,7.890,7.720,3506151;
sh603106:8.450,8.460,8.500,8.300,19273148;
sh603533:21.620,22.120,22.120,20.490,30192010;
sh603363:15.870,16.170,15.980,15.600,10760462;
sh603466:14.760,14.900,14.760,14.460,5103851;
sh601108:11.610,12.230,12.490,11.530,234111974;
sh603607:20.360,20.720,20.450,20.050,2608120;
sh603260:29.670,29.540,30.270,29.000,6042476;
sh603289:8.710,8.760,8.740,8.560,2230284;
sh603912:16.050,16.580,16.630,15.820,7403758;
sh603856:11.080,11.020,11.180,10.880,4545386;
sh600903:13.010,12.880,13.020,12.740,12608444;
sh603083:39.500,40.680,40.200,38.030,13481185;
sh603605:116.050,116.800,119.390,115.700,1068944;
sh603619:14.430,14.320,14.490,14.160,9597120;
sh603365:14.980,15.280,15.190,14.940,4526044;
sh603711:23.450,23.390,23.740,23.100,2189545;
sh603848:14.670,14.280,14.680,14.170,4866600;
sh600025:3.890,3.850,3.890,3.830,39164661;
sh603283:59.530,60.260,60.260,56.660,1619996;
sh603329:12.420,12.290,12.420,12.150,2192620;
sh603080:14.870,14.930,14.910,14.600,1938564;
sh601155:33.490,33.250,33.500,32.840,12670989;
sh603180:66.660,67.890,67.680,66.000,1133395;
sh603056:11.460,11.860,11.630,11.250,19134661;
sh601828:10.990,10.980,11.070,10.910,8817728;
sh601838:8.450,8.400,8.480,8.350,25553196;
sh603156:27.670,27.750,27.800,27.170,2982415;
sh600901:5.750,5.720,5.780,5.680,19851781;
sh603214:38.180,37.810,38.190,37.590,1111152;
sh603259:112.550,113.250,114.500,111.360,10298985;
sh603486:26.200,25.590,26.450,25.000,8797538;
sh601138:19.750,20.140,20.090,19.550,137830117;
sh601330:10.240,10.460,10.430,10.160,19084705;
sh601066:34.780,35.140,35.480,34.230,69649232;
sh601869:33.000,35.850,35.760,32.950,10950065;
sh601577:8.520,8.480,8.550,8.420,12610049;
sh601162:6.870,7.020,7.060,6.800,272654708;
sh603220:21.350,22.090,21.680,21.020,17563369;
sh601319:7.380,7.320,7.400,7.280,113330723;
sh603187:36.550,35.920,36.650,35.480,4005522;
sh601860:4.800,4.800,4.830,4.760,41839367;
sh603121:19.550,19.920,19.650,19.020,7941850;
sh603739:24.380,24.490,24.580,24.340,2305853;
sh601598:3.840,3.800,3.860,3.780,30756454;
sh600928:6.730,6.830,6.830,6.690,37832817;
sh603068:125.000,125.100,125.400,120.000,6207763;
sh600968:2.660,2.660,2.670,2.630,59686664;
sh601698:19.500,19.260,19.790,18.860,87298042;
sh603236:251.410,268.000,268.210,251.000,1711790;
sh603983:75.770,77.260,78.920,75.770,2603827;
sh603613:124.000,134.500,130.000,120.000,2951078;
sh603267:67.800,71.200,70.800,67.200,6921851;
sh603093:28.000,27.400,28.370,26.990,29181667;
sh603927:79.450,82.910,82.990,79.000,8170257;
sz000006:4.830,4.820,4.870,4.760,14396432;
sz000007:8.100,8.670,8.170,8.050,19819207;
sz000008:3.340,3.310,3.350,3.260,29708660;
sz000009:8.150,8.360,8.760,8.110,224099731;
sz000011:8.170,8.110,8.170,8.010,3542372;
sz000017:3.990,3.960,3.990,3.910,5403800;
sz000023:12.000,12.020,12.010,11.810,3039775;
sz000025:19.440,19.580,19.450,19.050,9030552;
sz000028:46.800,46.690,47.280,46.610,3474853;
sz000036:3.770,3.730,3.770,3.700,11745344;
sz000038:10.520,10.580,10.750,10.470,9874325;
sz000045:8.150,8.400,8.390,8.110,22452253;
sz000050:18.250,18.550,18.450,17.870,74578483;
sz000055:4.500,4.470,4.500,4.380,9534685;
sz000058:7.300,7.350,7.300,7.150,25751900;
sz000059:6.150,6.160,6.340,6.020,45699084;
sz000061:5.680,5.960,5.770,5.630,33308318;
sz000068:3.770,3.830,3.870,3.770,16151010;
sz000078:5.170,5.350,5.360,5.130,225991588;
sz000150:4.280,4.320,4.330,4.250,13133891;
sz000151:9.150,9.100,9.200,9.010,3933676;
sz000155:4.810,4.710,4.810,4.620,43902194;
sz000301:5.050,4.970,5.080,4.960,10731712;
sz000402:7.200,7.090,7.210,7.070,12789618;
sz000415:3.520,3.460,3.520,3.440,40709799;
sz000416:5.070,5.090,5.120,5.020,14536672;
sz000421:4.250,4.270,4.280,4.220,2434199;
sz000430:5.140,5.030,5.140,4.950,7067372;
sz000498:4.310,4.320,4.340,4.290,6964950;
sz000501:11.690,11.360,11.700,11.200,14880323;
sz000503:15.650,15.800,16.000,15.630,18157619;
sz000505:5.790,5.890,5.830,5.680,15984640;
sz000506:2.920,3.120,3.120,2.860,80562039;
sz000507:5.340,5.280,5.340,5.240,12666314;
sz000510:4.960,4.720,4.960,4.590,61269500;
sz000514:4.090,4.040,4.090,4.010,6258646;
sz000517:2.770,2.750,2.780,2.720,16528767;
sz000518:5.700,5.710,5.850,5.610,74713860;
sz000523:7.120,7.320,7.180,7.080,19038657;
sz000525:9.870,10.240,10.060,10.150,29134392;
sz000526:32.400,34.610,35.240,32.000,2545006;
sz000529:6.940,6.970,7.030,6.910,13269795;
sz000530:3.930,3.950,3.950,3.870,11502305;
sz000531:6.440,6.410,6.450,6.300,5345638;
sz000532:11.430,11.410,11.430,11.210,12266910;
sz000533:2.700,2.720,2.750,2.650,10936499;
sz000536:2.510,2.580,2.610,2.480,103703279;
sz000537:6.810,6.700,6.830,6.630,18911805;
sz000540:4.060,3.870,4.070,3.810,264070068;
sz000543:4.220,4.180,4.230,4.140,20722797;
sz000544:6.310,6.400,6.370,6.270,7862650;
