sh600048:14.900,14.970,15.110,14.790,58373596;
sh600053:22.880,22.860,23.490,22.780,2327099;
sh600061:12.230,12.180,12.430,12.150,11219611;
sh600063:3.720,3.670,3.740,3.660,16075342;
sh600071:8.600,8.550,8.670,8.430,1355369;
sh600076:3.830,3.800,3.840,3.770,6003539;
sh600077:2.800,2.800,2.810,2.760,3620265;
sh600078:5.220,5.030,5.290,5.000,54392942;
sh600081:10.580,10.590,10.890,10.500,4111405;
sh600082:3.390,3.330,3.410,3.320,4545422;
sh600090:3.950,3.940,3.970,3.930,6985150;
sh600101:5.880,5.830,5.940,5.830,1350996;
sh600111:9.000,9.020,9.080,8.890,50687334;
sh600113:6.150,6.050,6.200,6.020,4078060;
sh600115:4.120,4.130,4.170,4.100,25586866;
sh600120:8.470,8.390,8.570,8.360,7759552;
sh600146:10.250,10.310,10.480,10.090,6204082;
sh600151:4.250,4.240,4.270,4.190,4420320;
sh600156:4.510,4.420,4.530,4.340,8961201;
sh600160:6.710,6.850,6.890,6.710,27967565;
sh600161:36.100,35.890,36.610,35.410,8106604;
sh600162:2.040,2.020,2.060,2.010,7921351;
sh600169:2.050,2.040,2.080,2.040,10313400;
sh600175:1.330,1.310,1.330,1.300,57430910;
sh600197:13.180,13.050,13.400,13.010,4865000;
sh600199:5.160,5.020,5.160,4.990,6876537;
sh600200:6.510,6.690,6.650,6.410,22015709;
sh600203:8.550,8.640,8.880,8.460,25306371;
sh600206:12.000,12.200,12.340,11.890,39149293;
sh600207:4.150,4.090,4.150,4.070,2294504;
sh600208:3.020,3.020,3.060,3.000,35187497;
sh600213:7.580,7.400,7.700,7.360,7509236;
sh600218:8.350,8.320,8.440,8.310,4970855;
sh600221:1.550,1.540,1.570,1.540,51037500;
sh600223:6.610,6.710,6.820,6.610,16517716;
sh600226:2.230,2.240,2.250,2.210,21230882;
sh600227:3.020,2.960,3.080,2.950,13592300;
sh600235:4.320,4.320,4.360,4.300,4260133;
sh600236:4.590,4.550,4.590,4.550,2053728;
sh600242:7.390,7.820,7.580,7.110,46929537;
sh600246:6.740,6.960,7.060,6.730,16597590;
sh600262:15.300,15.180,15.330,15.060,960824;
sh600266:6.740,6.730,6.810,6.720,6293612;
sh600267:14.000,14.180,14.000,13.610,47964925;
sh600268:5.830,5.730,6.020,5.690,15996082;
sh600278:9.180,9.100,9.340,9.010,3264706;
sh600279:3.710,3.700,3.730,3.680,2882576;
sh600283:9.870,9.500,9.940,9.380,7923351;
sh600285:8.300,8.220,8.350,8.180,6224073;
sh600288:10.990,10.940,11.070,10.900,1747177;
sh600291:7.280,7.240,7.370,7.190,10071902;
sh600293:2.670,2.670,2.720,2.650,7729652;
sh600300:3.250,3.410,3.420,3.220,149436635;
sh600310:3.690,3.670,3.720,3.650,3211664;
sh600311:2.470,2.680,2.470,2.400,31219269;
sh600313:4.490,4.470,4.730,4.250,254007561;
sh600317:2.150,2.140,2.180,2.130,7278983;
sh600322:2.530,2.530,2.560,2.520,8215000;
sh600323:19.950,19.780,20.070,19.710,4543900;
sh600326:6.550,6.570,6.670,6.550,9660747;
sh600336:4.780,4.800,4.860,4.750,10148025;
sh600337:4.110,4.110,4.150,4.060,11110579;
sh600338:7.780,8.030,8.030,7.780,10109885;
sh600339:2.640,2.630,2.660,2.630,19786299;
sh600351:4.970,4.940,4.980,4.930,3021833;
sh600353:5.120,5.180,5.310,5.110,8461500;
sh600354:3.270,3.280,3.370,3.190,39620858;
sh600355:3.080,3.080,3.160,3.070,10105700;
sh600360:7.420,7.820,8.150,7.400,109192341;
sh600363:12.610,12.520,12.950,12.480,6418514;
sh600366:6.290,6.130,6.290,5.960,91637365;
sh600371:13.810,13.500,14.490,13.370,40092459;
sh600375:4.290,4.320,4.380,4.290,4449002;
sh600381:4.660,4.570,4.680,4.570,2951258;
sh600392:6.840,7.150,7.180,6.800,76872595;
sh600393:2.580,2.580,2.600,2.560,12722400;
sh600398:6.300,6.270,6.350,6.250,6472961;
sh600419:12.850,12.580,13.000,12.360,16011909;
sh600425:3.590,3.610,3.650,3.530,23933645;
sh600429:5.580,5.580,5.740,5.410,19629475;
sh600449:12.550,13.380,13.350,12.460,34967105;
sh600455:23.500,23.420,23.800,23.300,1143700;
sh600463:6.020,5.920,6.050,5.920,984400;
sh600466:6.060,5.990,6.160,5.960,17367163;
sh600467:2.700,2.540,2.770,2.510,125776416;
sh600476:12.300,12.210,12.350,12.130,1025000;
sh600478:3.980,3.900,4.050,3.880,13850523;
sh600479:8.650,8.570,8.670,8.560,3711901;
sh600480:8.530,8.310,8.750,8.280,7248517;
sh600481:2.960,2.940,2.970,2.930,1935800;
sh600488:4.300,4.280,4.330,4.270,5682873;
sh600495:4.860,4.770,5.160,4.720,75421981;
sh600499:4.180,4.200,4.250,4.170,6357763;
sh600501:7.920,7.900,7.920,7.780,3778467;
sh600503:3.020,3.030,3.070,3.020,10286221;
sh600505:8.960,8.620,8.980,8.510,4025737;
sh600506:9.170,8.760,9.170,8.720,5704224;
sh600517:6.650,6.510,6.680,6.490,9467087;
sh600520:8.810,8.900,9.080,8.740,1743600;
sh600525:5.200,5.150,5.220,5.120,8543555;
sh600526:6.090,6.010,6.160,5.960,10354628;
sh600527:2.340,2.310,2.350,2.300,22501345;
sh600530:3.390,3.310,3.390,3.300,7247205;
sh600533:3.100,3.110,3.140,3.090,13497185;
sh600537:3.010,2.980,3.030,2.970,3624712;
sh600549:11.270,11.260,11.430,11.170,8315728;
sh600559:8.520,8.480,8.570,8.450,6910305;
sh600562:13.610,13.440,13.680,13.420,3927322;
sh600568:1.540,1.490,1.540,1.490,24555026;
sh600573:6.340,6.160,6.370,6.140,6245043;
sh600587:17.100,16.990,17.730,16.850,9388485;
sh600593:39.320,39.450,39.980,39.180,935040;
sh600596:8.630,8.490,8.650,8.480,8235330;
sh600601:3.150,3.160,3.190,3.120,6570292;
sh600602:7.110,7.090,7.190,7.040,5516037;
sh600603:5.790,5.600,5.790,5.530,9990445;
sh600604:6.910,6.920,7.010,6.900,9390865;
sh600613:6.780,6.710,6.820,6.710,3079700;
sh600623:5.360,5.350,5.400,5.330,4461493;
sh600624:8.200,8.240,8.360,8.100,9832358;
sh600626:5.070,5.010,5.120,4.980,9119204;
sh600628:11.860,12.040,11.990,11.410,8823912;
sh600630:7.450,7.260,7.470,7.250,8996865;
sh600638:5.230,5.190,5.290,5.170,1598740;
sh600639:12.200,11.860,12.210,11.830,3430591;
sh600640:16.510,16.600,16.990,16.300,5044342;
sh600641:18.300,18.710,19.090,18.190,15299313;
sh600644:4.840,4.790,4.840,4.770,766202;
sh600645:18.700,17.940,18.700,17.850,6929073;
sh600647:12.430,12.380,12.500,12.300,954500;
sh600649:5.500,5.360,5.530,5.280,11028105;
sh600651:3.640,3.550,3.650,3.540,12101896;
sh600661:15.920,15.830,16.130,15.720,1078533;
sh600662:3.800,3.800,3.850,3.790,3903471;
sh600668:14.100,14.090,14.160,14.020,6648296;
sh603179:20.400,19.940,20.900,19.850,1674972;
sh600671:10.710,10.680,10.900,10.640,993398;
sh600677:4.490,4.350,4.580,4.340,17245668;
sh600678:6.500,6.630,6.600,6.390,24920585;
sh600682:8.400,8.320,8.450,8.310,6775402;
sh600683:3.710,3.680,3.780,3.670,5645501;
sh600684:3.120,3.090,3.130,3.070,2269367;
sh600689:8.070,7.900,8.110,7.880,1373600;
sh600693:5.040,4.990,5.040,4.960,3915351;
sh600695:7.670,7.700,8.050,7.670,18378434;
sh600697:14.950,14.840,15.000,14.810,770500;
sh600706:7.150,7.130,7.200,7.060,1380940;
sh600708:3.030,3.010,3.060,3.000,8240784;
sh600711:4.110,4.170,4.200,4.090,19488044;
sh600712:5.320,5.280,5.400,5.280,20228556;
sh600716:3.780,3.780,3.820,3.760,1933800;
sh600719:4.490,4.710,4.680,4.450,14713855;
sh600724:3.680,3.690,3.730,3.670,8054300;
sh600730:4.270,4.230,4.320,4.230,2235896;
sh600734:3.910,3.960,3.990,3.710,16169936;
sh600736:5.120,5.110,5.180,5.090,7081660;
sh600737:9.010,8.690,9.020,8.670,52036304;
sh600744:2.170,2.160,2.200,2.140,6161181;
sh600746:5.920,5.980,6.040,5.880,2702700;
sh600748:5.090,5.040,5.180,5.010,12996412;
sh603893:51.450,55.610,57.190,51.410,8452834;
sh600755:6.330,6.250,6.360,6.240,11895907;
sh600756:18.460,18.490,18.730,18.350,2325425;
sh600764:27.110,26.830,27.360,26.750,1572026;
sh600770:4.450,4.510,4.560,4.440,6336050;
sh600771:13.200,12.890,13.200,12.880,5103998;
sh600773:5.290,5.300,5.350,5.260,6280760;
sh600777:1.750,1.740,1.760,1.730,51265493;
sh600783:12.310,12.380,12.600,12.310,4215979;
sh600784:4.270,4.290,4.310,4.260,1951941;
sh600785:14.030,14.350,14.100,13.960,761870;
sh600796:5.630,5.490,5.720,5.470,2984301;
sh600800:5.120,5.090,5.210,5.060,10767959;
sh600802:10.720,10.710,10.720,10.550,17564651;
sh600808:2.500,2.490,2.510,2.480,20099041;
sh600818:9.520,9.490,9.680,9.450,432600;
sh600819:4.780,4.750,4.850,4.730,3210470;
sh600821:3.840,3.710,3.880,3.710,4336839;
sh600822:8.560,8.650,8.860,8.520,3297101;
sh600824:3.140,3.110,3.160,3.080,9705200;
sh600825:5.150,5.200,5.280,5.120,10656634;
sh600828:4.250,4.100,4.250,4.070,8020441;
sh600829:7.030,6.900,7.050,6.900,3509701;
sh600830:5.430,5.530,5.750,5.430,21962511;
sh600831:8.050,8.000,8.190,7.960,10469129;
sh600833:9.020,9.000,9.090,8.960,1026901;
sh600834:6.230,6.200,6.260,6.190,907300;
sh600836:5.150,5.180,5.260,5.090,13655900;
sh600838:6.180,6.000,6.240,5.870,19579163;
sh600841:6.530,6.420,6.550,6.410,840000;
sh600843:6.290,6.250,6.350,6.240,1901695;
sh600846:8.240,8.210,8.300,8.190,5114200;
sh600851:8.050,7.970,8.110,7.940,3526401;
sh600853:3.800,3.710,3.920,3.710,33522250;
sh600854:3.780,3.690,3.830,3.680,4953810;
sh600855:17.500,20.250,19.100,17.500,80239760;
sh600857:9.720,9.600,9.730,9.550,1883600;
sh600860:3.520,3.520,3.520,3.520,412400;
sh600861:10.140,9.870,10.250,9.810,1839838;
sh600862:12.060,12.200,12.250,11.970,9092383;
sh600864:6.470,6.490,6.590,6.450,18017811;
sh600865:6.270,6.180,6.430,6.160,10457333;
sh600866:5.420,5.310,5.460,5.280,33149165;
sh600867:10.600,10.500,10.650,10.470,12820235;
sh600868:3.160,3.130,3.180,3.120,17621833;
sh600869:4.240,4.200,4.330,4.200,24812048;
sh600871:2.060,2.030,2.070,2.020,32124986;
sh600874:7.100,7.110,7.130,7.040,8693293;
sh600876:13.010,12.910,13.220,12.840,3229421;
sh600879:6.330,6.410,6.540,6.330,29819625;
sh600880:3.650,3.680,3.750,3.630,20500973;
sh600882:22.900,22.500,22.950,22.150,6432702;
sh600885:27.900,27.960,28.750,27.250,11291961;
sh600888:4.210,4.200,4.290,4.180,5697254;
sh600889:5.350,5.280,5.460,5.270,3003200;
sh600894:7.190,7.520,7.410,7.150,30719781;
sh600898:5.920,5.920,6.040,5.850,1574792;
sh600917:6.340,6.300,6.390,6.280,1638834;
sh600959:3.620,3.620,3.660,3.600,7744460;
sh600962:7.890,7.580,7.890,7.510,8025701;
sh600965:8.550,8.330,8.620,8.210,16177350;
sh600966:7.790,7.510,7.910,7.390,26556355;
sh600973:4.030,4.010,4.120,4.000,14243093;
sh600976:15.560,15.280,15.640,15.280,676400;
sh600980:11.610,11.610,11.850,11.530,1869764;
sh600981:3.340,3.250,3.350,3.240,10778600;
sh600982:2.670,2.680,2.690,2.670,2512672;
sh600983:5.660,5.660,5.850,5.660,26870390;
sh600986:3.560,3.580,3.620,3.530,14610538;
sh600988:8.110,8.900,8.240,7.930,164694179;
sh600990:37.280,36.830,37.390,36.620,842959;
sh600992:6.570,6.220,6.570,6.180,3479650;
sh601002:6.010,5.830,6.100,5.780,19324496;
sh601008:3.400,3.380,3.450,3.380,5390345;
sh601016:2.140,2.160,2.180,2.130,16366116;
sh601069:13.510,14.230,13.530,13.380,12593591;
sh601100:61.000,60.400,62.200,60.100,2830962;
sh601106:2.580,2.590,2.610,2.570,11047714;
sh601118:5.280,5.330,5.320,5.120,71631146;
sh601126:5.930,5.940,6.070,5.880,6714870;
sh601168:5.650,5.730,5.750,5.620,14321617;
sh601199:3.690,3.650,3.750,3.640,9366700;
sh601222:5.150,5.140,5.270,5.120,12440707;
sh601226:3.780,3.740,3.800,3.740,1612800;
sh601233:11.600,11.480,11.670,11.480,13788492;
sh601311:8.420,8.430,8.600,8.410,6583423;
sh601339:3.430,3.400,3.440,3.400,4977400;
sh601388:1.670,1.650,1.670,1.640,15256661;
sh601515:5.930,5.900,6.010,5.880,5563420;
sh601567:7.310,7.280,7.430,7.280,4167174;
sh601608:3.260,3.250,3.310,3.240,9340600;
sh601616:2.920,2.880,2.960,2.860,18320600;
sh601677:10.200,10.180,10.280,10.120,4880259;
sh601689:16.760,16.570,17.190,16.500,20060579;
sh601700:5.600,5.620,5.700,5.560,19851202;
sh601727:4.640,4.640,4.730,4.610,14035253;
sh601789:4.090,4.090,4.220,4.080,29302767;
sh601799:83.590,82.850,84.880,82.260,945814;
sh601818:3.610,3.600,3.640,3.590,75320804;
sh601866:2.020,2.000,2.020,1.980,32371955;
sh601958:5.980,6.070,6.110,5.980,8549731;
sh601968:4.430,4.380,4.430,4.370,1691600;
sh601996:2.760,2.690,2.770,2.680,13086402;
sh603002:4.210,4.230,4.310,4.170,9507453;
sh603003:6.950,7.010,7.050,6.810,14625128;
sh603006:10.100,10.120,10.270,10.050,1372800;
sh603009:6.650,7.220,7.220,6.650,12141038;
sh603010:11.910,11.730,12.070,11.610,9437095;
sh603015:5.870,5.820,5.940,5.800,2952549;
sh603017:10.750,10.500,10.960,10.420,3661900;
sh603018:13.650,13.400,14.250,13.030,21350977;
sh603020:9.160,8.690,9.170,8.640,14547679;
sh603021:5.570,5.700,5.680,5.480,2476608;
sh603022:17.240,17.090,17.490,16.960,3542424;
sh603023:4.690,5.070,5.070,4.650,7394031;
sh603025:7.870,7.910,7.950,7.730,4072622;
sh603085:6.180,6.300,6.720,6.170,6730842;
sh603088:8.800,8.770,8.950,8.720,1984152;
sh603099:7.930,7.760,8.030,7.730,1204500;
sh603108:10.000,9.830,10.050,9.800,3578582;
sh603111:6.980,6.910,7.140,6.910,16271498;
sh603116:6.960,6.880,7.000,6.800,4234680;
sh603117:3.500,3.510,3.540,3.490,3584700;
sh603123:10.480,9.460,10.500,9.460,18955429;
sh603126:4.350,4.330,4.350,4.300,5819100;
sh603158:17.240,17.380,17.940,17.080,3877447;
sh603168:7.990,7.960,8.030,7.910,1734378;
sh603222:48.700,51.990,49.020,48.380,1559000;
sh603227:4.050,4.050,4.090,4.020,2527791;
sh603268:13.990,14.030,14.120,13.660,959800;
sh603299:6.090,6.020,6.230,6.020,6190900;
sh603300:6.900,6.870,6.930,6.820,5235520;
sh603308:13.520,13.400,13.700,13.360,6978222;
sh603318:6.920,6.850,7.100,6.850,9195970;
sh603333:8.000,7.630,8.000,7.550,34438250;
sh603366:5.190,5.240,5.230,5.130,9715571;
sh603456:20.400,19.700,20.400,19.360,10995999;
sh603508:51.350,51.280,52.150,51.160,1005701;
sh603519:12.050,11.530,12.230,11.470,3430840;
sh603566:18.200,17.650,18.260,17.600,3243338;
sh603568:28.490,28.370,29.090,28.250,2259027;
sh603600:14.000,13.800,14.120,13.680,12018614;
sh603601:10.410,10.320,10.410,10.050,39390971;
sh603609:12.800,12.290,12.890,12.250,21092304;
sh603611:16.280,16.020,16.580,15.960,1699859;
sh603616:8.150,7.670,8.210,7.640,10524968;
sh603618:5.540,5.540,5.680,5.450,11183489;
sh603688:20.880,20.950,21.500,20.720,3523833;
sh603703:17.960,17.900,18.000,17.740,1926600;
sh603789:13.300,13.030,13.410,13.030,3282572;
sh603800:12.300,11.580,12.300,11.480,9400082;
sh603808:11.020,10.980,11.130,10.950,2102277;
sh603818:6.740,6.660,6.780,6.640,1174452;
sh603838:7.700,7.740,7.700,7.630,921740;
sh603918:12.100,11.700,13.180,11.550,13562221;
sh603936:17.060,17.240,17.560,17.030,4822121;
sh603968:12.760,12.860,12.980,12.660,1243099;
sh603989:22.620,23.800,24.230,22.620,3768263;
sh603997:9.030,9.030,9.030,9.030,4988412;
sh603998:6.690,6.770,6.780,6.520,5908858;
sh603999:5.670,5.580,5.730,5.560,3975196;
sh600127:8.150,8.150,8.150,7.730,172302645;
sh603377:14.510,14.700,14.690,14.180,2560758;
sh601900:9.990,9.850,10.130,9.820,3727583;
sh603919:13.460,13.730,13.700,13.320,5475620;
sh603861:8.250,8.090,8.400,8.090,3244256;
sh603028:11.900,12.090,12.200,11.780,3156787;
sh603798:9.690,9.680,9.880,9.650,1071400;
sh603701:10.570,10.460,10.750,10.400,3295944;
sh603726:18.300,18.300,18.300,18.300,158600;
sh603528:7.150,6.970,7.270,6.960,5636200;
sh603339:11.700,11.600,11.840,11.560,828965;
sh603131:14.940,14.900,15.340,14.750,3456074;
sh603016:20.880,20.300,21.100,20.250,2062500;
sh603069:11.010,10.600,11.160,10.590,6650130;
sh600936:3.660,3.650,3.700,3.650,1900000;
sh601997:7.680,7.670,7.730,7.650,12738843;
sh601595:11.800,11.650,11.890,11.550,2852342;
sh603515:23.990,23.650,24.200,23.630,2064748;
sh603843:4.810,4.660,4.870,4.660,28927783;
sh601163:12.620,12.570,12.740,12.540,2190800;
sh603393:37.100,38.430,38.720,37.100,4115645;
sh603738:24.710,24.920,25.930,24.370,7886352;
sh601128:6.900,6.840,6.960,6.790,15714696;
sh603313:17.820,17.090,18.100,16.880,12576833;
sh600926:7.670,7.650,7.750,7.650,11059793;
sh603888:21.880,21.770,22.290,21.730,6727542;
sh603060:20.440,20.790,20.960,20.340,2079118;
sh603633:10.880,10.770,11.020,10.750,2247480;
sh603987:10.710,10.880,10.890,10.410,10875836;
sh603336:17.300,16.570,17.300,16.520,18500451;
sh603660:10.540,10.640,10.830,10.530,4589066;
sh603559:22.810,23.280,24.480,22.740,25896674;
sh603033:25.500,25.330,25.800,25.100,1958357;
sh603389:4.200,4.160,4.270,4.160,2261160;
sh603058:6.510,6.460,6.560,6.450,933000;
sh603886:17.800,17.030,18.050,17.030,8846264;
sh603239:12.080,12.020,12.480,11.970,2182006;
sh601375:4.870,4.840,4.930,4.840,19843216;
sh603035:13.240,12.850,13.470,12.770,7387000;
sh603877:14.650,14.470,14.650,14.420,696357;
sh603689:10.500,10.380,10.520,10.360,1141277;
sh603579:28.200,27.500,28.240,27.200,1418367;
sh603639:26.600,25.930,26.710,25.880,844976;
sh601858:9.410,9.310,9.410,9.260,1367394;
sh603638:35.100,37.830,36.150,34.680,5404688;
sh603429:35.500,35.320,36.120,35.210,1472918;
sh603966:9.450,9.480,9.670,9.450,1702952;
sh603089:11.580,11.590,11.820,11.480,667765;
sh603360:24.440,23.840,24.440,23.800,1517370;
sh603677:10.190,10.360,10.510,10.150,1082913;
sh603637:13.650,13.500,13.830,13.500,971816;
sh601212:2.790,2.830,2.820,2.770,20320731;
sh603603:6.690,6.710,6.840,6.630,1467800;
sh603817:5.620,5.640,5.740,5.620,1065500;
sh603717:7.980,7.780,7.980,7.700,4127840;
sh603656:13.560,13.090,13.660,13.060,703608;
sh603133:17.640,17.320,17.840,17.270,3429100;
sh603811:24.340,25.120,24.590,24.250,2572972;
sh603955:17.320,17.330,17.690,17.050,3538332;
sh603908:22.690,22.420,22.820,22.350,560700;
sh603991:19.210,18.500,19.220,18.500,1502000;
sh603578:19.870,19.380,19.870,19.340,412113;
sh601366:6.570,6.310,6.730,6.310,35894058;
sh603787:11.280,11.230,11.460,11.110,2264200;
sh603320:16.400,17.940,17.940,16.300,9019160;
sh603906:9.030,8.970,9.070,8.870,1408180;
sh603586:16.870,16.780,17.250,16.760,765100;
sh603538:29.260,27.980,29.270,27.890,8352291;
sh603385:10.760,10.400,10.950,10.370,5015288;
sh603178:7.710,7.760,7.970,7.710,3261114;
sh603238:23.720,23.960,24.130,23.550,1558100;
sh603229:26.810,26.000,27.000,25.600,1676800;
sh603728:13.660,13.320,13.710,12.850,18944032;
sh603896:27.320,26.810,27.490,26.680,779556;
sh603488:8.130,8.110,8.230,8.000,1047249;
sh603197:26.380,25.460,27.030,25.080,5194664;
sh603580:12.000,12.500,12.690,11.990,3653429;
sh603200:47.700,46.100,47.700,45.820,1132770;
sh603042:17.690,17.820,18.590,17.640,11106040;
sh603536:14.620,15.030,14.990,13.970,25152244;
sh603326:17.950,17.650,18.010,17.550,1229020;
sh603316:10.960,10.820,10.960,10.770,2341000;
sh603335:4.090,4.470,4.470,4.080,20350422;
sh603380:15.310,15.260,15.640,15.230,1686200;
sh603286:14.910,14.920,15.280,14.910,784532;
sh603938:23.300,22.400,23.300,22.170,3219800;
sh603331:18.090,17.380,18.160,17.380,1896600;
sh603933:12.350,12.330,12.600,12.030,1222679;
sh603595:26.460,26.830,27.670,25.820,2251120;
sh603612:10.500,10.450,10.550,10.400,2879340;
sh603676:10.050,10.210,10.180,10.050,3313600;
sh603063:8.350,8.260,8.400,8.200,2453518;
sh603233:63.000,61.420,63.260,60.140,2618389;
sh603357:10.050,9.800,10.150,9.740,3995245;
sh603860:26.000,25.900,26.710,25.840,714249;
sh603880:12.980,13.070,13.040,12.680,5723645;
sh603776:17.600,18.130,18.390,17.600,2739939;
sh603976:15.160,15.250,15.350,15.150,1087210;
sh603079:38.330,37.620,39.250,37.400,2611566;
sh603725:6.230,6.280,6.350,6.180,927925;
sh603813:17.610,17.290,17.820,17.290,1009560;
sh603136:21.510,21.500,21.730,21.030,1228180;
sh603378:27.730,29.280,28.000,27.610,1595184;
sh603367:16.750,16.280,16.770,16.230,3897083;
sh603103:13.590,13.490,13.730,13.280,3120379;
sh603110:14.110,13.930,14.110,13.900,1091888;
sh603499:15.530,15.930,16.000,15.150,2377519;
sh603829:9.540,9.760,9.830,9.540,1160240;
sh603722:26.590,26.860,27.660,26.380,2066800;
sh603659:61.250,61.900,63.600,60.720,6647937;
sh603076:20.010,19.560,20.210,19.560,578760;
sh603661:34.500,34.330,34.790,34.270,503700;
sh601019:6.470,6.450,6.530,6.400,2793025;
sh603890:13.200,13.770,13.260,12.810,15176987;
sh603477:12.550,12.500,13.290,12.250,17071572;
sh603895:19.080,19.070,19.250,19.000,502300;
sh603516:39.000,38.640,40.430,38.460,2453306;
sh603871:27.300,26.670,27.330,26.660,456176;
sh603709:25.190,25.320,25.820,25.040,499300;
sh603712:23.950,24.350,24.890,23.660,9804925;
sh603059:24.750,24.390,24.960,24.220,1111250;
sh600929:5.990,5.980,6.110,5.890,11811973;
sh603897:16.350,16.500,17.030,16.350,2269175;
sh603301:39.390,38.910,39.390,38.090,7818250;
sh603773:29.870,30.380,31.100,29.870,1068000;
sh603666:88.500,88.600,91.490,87.890,416200;
sh601990:15.200,15.110,15.740,15.000,128185729;
sh603713:50.200,50.100,51.800,49.800,1117009;
sh601606:8.900,8.870,9.130,8.850,6011556;
sh603590:37.440,37.420,37.630,37.240,1583900;
sh603192:27.030,25.600,27.030,25.360,3285500;
sh601068:4.210,4.200,4.270,4.190,5908719;
sh603297:31.880,32.460,32.940,31.580,830276;
sh603790:14.750,15.170,15.000,14.200,19239492;
