sh600048:16.290,16.390,16.600,15.950,71118841;
sh600053:29.950,30.880,31.000,28.220,18420240;
sh600061:13.570,14.120,13.910,13.490,44149553;
sh600063:4.020,4.260,4.170,4.010,56154503;
sh600071:9.920,10.020,10.060,9.550,3450217;
sh600076:3.930,4.080,4.000,3.860,16740865;
sh600077:2.950,3.020,2.990,2.910,11622197;
sh600078:4.920,5.150,5.090,4.850,23590548;
sh600079:13.690,14.570,14.080,13.570,29261082;
sh600081:11.380,12.000,11.510,11.020,9430559;
sh600082:3.550,3.700,3.660,3.520,8359867;
sh600090:4.440,4.520,4.490,4.280,32185947;
sh600101:6.010,6.460,6.400,6.010,6920132;
sh600111:9.140,9.370,9.400,9.070,37812824;
sh600113:6.480,6.880,6.630,6.390,13595844;
sh600115:4.730,4.820,4.790,4.650,94161628;
sh600120:9.780,10.100,10.040,9.380,28456386;
sh600146:15.200,14.920,15.600,14.380,15324433;
sh600151:4.640,4.860,4.760,4.620,17164723;
sh600156:5.650,5.670,5.860,5.560,39484742;
sh600160:7.450,7.840,7.730,7.410,73274006;
sh600161:33.400,33.930,34.030,32.700,18430762;
sh600162:2.120,2.190,2.190,2.110,20872010;
sh600169:2.080,2.190,2.130,2.060,29957480;
sh600175:1.390,1.440,1.430,1.370,82695762;
sh600197:13.320,13.890,13.760,13.320,5393357;
sh600199:5.250,5.430,5.320,5.180,9747618;
sh600200:8.380,8.280,8.530,8.020,61605148;
sh600203:12.250,12.930,12.930,12.250,30920316;
sh600206:13.100,14.160,13.850,13.010,59023927;
sh600207:4.610,4.700,4.690,4.430,10070500;
sh600208:3.230,3.360,3.330,3.210,113043357;
sh600213:7.760,8.150,7.950,7.710,5701672;
sh600218:9.720,10.060,9.970,9.480,13527210;
sh600221:1.730,1.750,1.750,1.680,205910640;
sh600223:7.900,8.350,8.290,7.900,33273593;
sh600226:2.700,2.790,2.790,2.660,59444829;
sh600227:3.260,3.050,3.260,2.990,78590766;
sh600235:4.950,5.150,5.090,4.810,22121801;
sh600236:4.390,4.480,4.460,4.380,3890899;
sh600242:7.300,7.790,7.630,7.300,17287500;
sh600246:5.120,5.280,5.240,5.110,4219823;
sh600262:15.990,16.190,16.100,15.810,598904;
sh600266:7.350,7.530,7.580,7.310,15161718;
sh600267:14.630,14.290,14.820,13.840,65057795;
sh600268:6.310,6.510,6.630,5.860,48949241;
sh600278:10.280,10.830,10.620,10.030,17381010;
sh600279:3.890,4.020,3.990,3.850,6832247;
sh600283:9.200,9.500,9.430,9.090,2892457;
sh600285:9.010,9.330,9.270,9.010,7094824;
sh600288:11.970,12.360,12.200,11.750,7544505;
sh600291:7.700,7.940,7.860,7.630,17773818;
sh600293:2.960,3.340,3.050,2.880,57248904;
sh600300:3.030,3.090,3.070,2.980,28689869;
sh600311:2.920,3.000,2.950,2.780,30970301;
sh600313:3.030,3.140,3.090,2.950,41336133;
sh600317:2.240,2.310,2.360,2.230,18775945;
sh600322:2.660,2.810,2.720,2.630,45509669;
sh600323:20.420,20.620,20.940,20.040,10443944;
sh600326:6.760,7.010,6.980,6.740,20815367;
sh600336:6.910,6.360,6.920,6.360,66708190;
sh600337:4.140,4.250,4.210,4.100,12200016;
sh600338:9.700,10.110,10.100,10.020,10640075;
sh600339:2.840,2.910,2.930,2.830,39976440;
sh600351:5.500,5.520,5.580,5.310,10500745;
sh600353:5.730,6.380,6.150,5.670,31447736;
sh600354:4.550,4.710,4.610,4.230,28244817;
sh600355:3.750,4.180,4.050,3.640,67800068;
sh600360:7.940,8.670,8.550,7.940,105329120;
sh600363:15.490,16.190,15.690,15.140,21670741;
sh600366:5.650,5.860,5.770,5.540,23701249;
sh600371:11.850,12.250,12.190,11.380,14767124;
sh600375:4.440,4.700,4.560,4.400,11629883;
sh600381:4.900,5.060,5.000,4.850,4773340;
sh600392:7.030,7.270,7.230,7.010,19608472;
sh600393:2.670,2.710,2.730,2.630,27204602;
sh600398:6.800,6.940,6.970,6.790,11408617;
sh600419:11.310,11.690,11.550,11.280,3919815;
sh600425:3.920,4.160,4.100,3.920,49304286;
sh600429:5.060,5.120,5.150,5.000,4452077;
sh600449:10.860,11.230,11.050,10.750,14155583;
sh600455:26.030,27.260,26.720,26.000,3120626;
sh600463:6.680,6.990,6.770,6.440,6803113;
sh600466:6.430,6.620,6.650,6.420,25176699;
sh600467:2.300,2.440,2.370,2.300,32283711;
sh600476:13.220,13.860,13.480,13.120,3746814;
sh600478:4.350,4.500,4.500,4.230,25223018;
sh600479:8.940,9.110,9.090,8.860,11589899;
sh600480:9.590,10.590,9.940,10.560,21877001;
sh600481:3.190,3.260,3.240,3.140,8797267;
sh600488:5.000,4.900,5.000,4.600,19862420;
sh600495:4.630,4.920,4.760,4.380,152723391;
sh600499:4.860,5.130,5.160,4.850,16953129;
sh600501:8.630,8.930,8.830,8.420,9668603;
sh600503:3.320,3.440,3.420,3.280,37897189;
sh600505:9.060,9.650,9.550,9.050,6457105;
sh600506:8.880,9.050,9.040,8.430,4474101;
sh600517:8.080,8.240,8.300,7.590,60197409;
sh600520:9.860,10.210,10.080,10.020,2338266;
sh600525:5.400,5.570,5.540,5.240,28771510;
sh600526:5.440,5.500,5.550,5.300,8603601;
sh600527:3.150,3.130,3.200,3.020,122044267;
sh600530:3.830,3.900,3.910,3.680,9769915;
sh600533:3.480,3.610,3.580,3.450,57644914;
sh600537:3.390,3.560,3.510,3.270,34541494;
sh600549:11.800,12.120,12.150,11.750,11465000;
sh600559:9.360,9.590,9.510,9.300,16375501;
sh600562:17.110,17.360,17.400,15.900,35680274;
sh600568:1.660,1.740,1.710,1.640,56970329;
sh600573:5.930,6.100,6.030,5.860,4775663;
sh600587:19.030,18.550,19.030,17.770,22256540;
sh600593:39.080,39.390,39.290,38.880,777023;
sh600596:9.170,9.300,9.340,9.010,15860321;
sh600601:3.360,3.500,3.430,3.330,28521284;
sh600602:8.350,8.700,8.450,8.100,19546718;
sh600603:5.450,5.560,5.520,5.270,16889188;
sh600604:8.800,8.800,8.980,8.220,103162971;
sh600613:7.850,7.880,7.940,7.670,9770020;
sh600623:5.980,6.080,6.080,5.870,15928993;
sh600624:10.350,10.480,10.590,10.200,57981748;
sh600626:6.460,6.490,6.530,6.200,28196862;
sh600628:9.930,10.190,10.240,10.050,4832076;
sh600630:9.410,9.270,9.420,8.940,36854351;
sh600638:5.680,5.900,5.820,5.600,4533016;
sh600639:12.780,12.940,13.200,12.670,3951644;
sh600640:18.800,19.810,19.470,18.700,11035350;
sh600641:20.350,22.130,21.650,20.350,29739701;
sh600644:5.090,5.210,5.150,5.020,3371619;
sh600645:23.500,22.370,23.500,21.300,33409401;
sh600647:13.600,13.920,13.870,13.210,2955718;
sh600649:6.080,6.160,6.180,5.880,26075561;
sh600651:3.600,3.840,3.710,3.600,15097814;
sh600661:17.600,18.400,18.150,17.600,4206120;
sh600662:4.070,4.140,4.110,3.950,11137042;
sh600668:14.400,15.120,14.850,14.400,13855497;
sh603179:20.940,21.700,21.540,20.500,2487280;
sh600671:11.520,11.790,11.780,11.460,2303016;
sh600677:4.990,5.100,5.060,4.780,26698663;
sh600678:7.930,8.540,8.390,7.780,42571912;
sh600682:10.110,10.170,10.310,10.040,29380871;
sh600683:4.160,4.190,4.330,4.050,6645699;
sh600684:3.240,3.350,3.300,3.200,7682691;
sh600689:8.730,8.900,8.840,8.370,4724296;
sh600693:4.950,5.050,5.030,4.930,3752004;
sh600695:9.000,9.320,9.270,8.720,44141496;
sh600697:15.450,15.830,15.630,15.360,1710005;
sh600706:7.510,7.840,7.630,7.480,2999913;
sh600708:3.130,3.230,3.200,3.110,23284589;
sh600711:4.570,4.710,4.660,4.520,35377810;
sh600712:6.180,6.430,6.420,6.050,29660311;
sh600716:4.090,4.270,4.250,4.060,10804551;
sh600719:4.080,4.210,4.180,4.010,6474081;
sh600724:4.100,4.420,4.580,4.100,47100112;
sh600730:4.680,4.800,4.820,4.580,10381107;
sh600734:5.180,5.450,5.350,4.840,27184577;
sh600736:5.800,5.880,5.880,5.450,79632243;
sh600737:8.520,8.600,8.680,8.310,20112291;
sh600744:2.370,2.430,2.400,2.310,10499681;
sh600746:7.370,7.350,7.440,6.810,6424239;
sh600748:5.330,5.510,5.660,5.260,23949246;
sh603893:76.030,80.210,79.200,72.000,16178614;
sh600755:6.720,6.850,6.890,6.600,28179878;
sh600756:19.600,20.550,20.050,19.600,11325742;
sh600764:27.600,28.980,27.990,27.080,4571501;
sh600770:5.190,5.480,5.330,5.120,22687112;
sh600771:14.550,14.590,14.580,14.160,6140095;
sh600773:6.030,6.290,6.230,6.030,19767206;
sh600777:1.900,1.940,1.940,1.890,88645021;
sh600783:16.470,17.050,17.700,15.810,53482746;
sh600784:4.480,4.720,4.590,4.450,5293189;
sh600785:14.040,14.390,14.390,13.810,637446;
sh600796:5.710,5.760,5.800,5.580,8606657;
sh600800:5.060,5.170,5.090,4.930,11921080;
sh600802:11.100,11.800,11.560,11.060,40201807;
sh600808:2.700,2.760,2.820,2.690,24605423;
sh600818:10.610,10.630,10.770,10.190,1925112;
sh600819:4.890,5.030,4.980,4.820,7845303;
sh600821:4.290,4.520,4.370,4.190,9034640;
sh600822:9.350,9.580,9.360,8.990,7433788;
sh600824:3.130,3.230,3.190,3.120,6439523;
sh600825:4.810,4.950,4.900,4.720,8541989;
sh600828:4.040,4.130,4.170,3.980,6528764;
sh600829:8.260,8.030,8.260,7.800,9522867;
sh600830:5.650,6.380,5.940,5.650,27301599;
sh600831:9.000,9.560,9.300,8.980,31136635;
sh600833:9.970,9.970,10.110,9.660,3001001;
sh600834:6.460,6.610,6.670,6.400,4182102;
sh600836:4.380,4.530,4.520,4.380,7591864;
sh600838:5.560,5.710,5.640,5.460,4695662;
sh600841:7.000,7.310,7.430,7.000,5535265;
sh600843:8.500,9.090,9.500,8.330,44192174;
sh600846:8.900,9.200,9.090,8.830,20252836;
sh600851:8.240,8.320,8.400,7.910,8090956;
sh600853:3.950,4.220,4.180,3.850,81756474;
sh600854:3.840,3.900,3.950,3.680,8912623;
sh600855:11.500,11.690,11.560,11.030,6112636;
sh600857:9.600,9.850,9.730,9.510,1643442;
sh600860:4.630,4.830,4.820,4.540,4433090;
sh600861:11.000,11.250,11.190,10.710,4342668;
sh600862:12.040,12.660,12.640,12.040,20437713;
sh600864:7.620,7.950,7.770,7.520,68309127;
sh600865:6.080,6.240,6.140,6.050,3989520;
sh600866:5.800,5.780,5.920,5.480,47662354;
sh600867:11.900,12.050,12.080,11.600,38758717;
sh600868:3.490,3.560,3.590,3.300,106252715;
sh600869:4.700,4.810,4.870,4.420,111759731;
sh600871:2.220,2.260,2.300,2.160,110603441;
sh600874:7.030,7.180,7.170,7.020,14582741;
sh600876:14.740,15.280,15.170,14.410,9859085;
sh600879:6.750,7.290,6.950,6.740,92905093;
sh600880:3.730,3.880,3.840,3.660,16276252;
sh600882:18.560,20.160,19.280,18.280,13103607;
sh600885:33.050,34.800,34.450,32.720,10517294;
sh600888:4.620,4.940,4.810,4.600,28847389;
sh600889:5.710,5.450,5.770,5.450,28338976;
sh600894:6.850,7.080,7.000,6.810,8127355;
sh600898:6.880,7.110,7.080,6.790,3536600;
sh600917:6.410,6.680,6.640,6.410,4295646;
sh600959:3.740,3.860,3.830,3.730,29028651;
sh600962:7.050,7.300,7.230,6.980,3981153;
sh600965:7.570,8.050,7.850,7.560,12028477;
sh600966:8.310,9.030,8.500,8.070,57369324;
sh600973:4.360,4.560,4.400,4.150,45666441;
sh600976:16.850,17.790,17.190,16.510,4415706;
sh600980:12.630,13.040,12.800,12.250,2450009;
sh600981:3.600,3.640,3.680,3.450,23594360;
sh600982:2.800,2.890,2.830,2.770,6529401;
sh600983:4.430,4.480,4.520,4.350,2463751;
sh600986:4.000,4.260,4.110,4.000,59714312;
sh600988:7.200,7.500,7.420,7.010,146170288;
sh600990:42.310,44.000,43.420,42.230,2206673;
sh600992:6.380,6.630,6.460,6.250,4300716;
sh601002:6.360,6.630,6.520,6.010,47568693;
sh601008:3.730,3.860,3.800,3.660,23695216;
sh601016:2.330,2.390,2.390,2.310,34568292;
sh601069:14.470,14.830,14.660,14.270,19230421;
sh601100:55.150,56.290,57.280,54.120,5290302;
sh601106:2.730,2.810,2.800,2.720,38301811;
sh601118:4.350,4.550,4.460,4.260,41130605;
sh601126:6.250,7.060,6.450,5.960,30135166;
sh601168:6.150,6.340,6.340,6.150,19365088;
sh601199:3.750,3.830,3.800,3.700,6173862;
sh601222:5.820,5.880,5.910,5.570,49828200;
sh601226:3.950,4.050,4.040,3.920,5916260;
sh601233:13.500,14.330,13.770,13.460,57983609;
sh601311:9.430,9.950,9.630,9.280,21705992;
sh601339:3.800,3.830,3.860,3.670,12694130;
sh601388:1.790,1.900,1.840,1.770,56302014;
sh601515:7.500,7.190,7.850,7.070,44085691;
sh601567:8.460,8.650,8.700,8.220,16961055;
sh601608:3.630,3.750,3.750,3.580,33591158;
sh601616:3.120,3.400,3.240,3.030,52644584;
sh601677:11.010,11.360,11.340,11.010,6280681;
sh601689:20.600,22.900,21.760,20.600,29017340;
sh601700:6.630,7.090,6.850,6.170,110326010;
sh601727:4.830,5.140,4.950,4.830,82531278;
sh601789:4.420,4.670,4.760,4.420,97948015;
sh601799:97.000,103.100,100.660,100.200,2156562;
sh601818:3.800,3.870,3.850,3.800,118906184;
sh601866:2.190,2.210,2.230,2.130,91271931;
sh601958:6.410,6.570,6.560,6.340,20877612;
sh601968:4.580,4.720,4.650,4.550,4036000;
sh601996:2.760,2.870,2.790,2.670,23016447;
sh603003:8.560,9.220,8.850,8.130,27228925;
sh603006:11.100,11.650,11.470,11.010,2663223;
sh603009:7.080,7.730,7.640,7.080,15610468;
sh603010:15.490,15.230,15.850,14.350,16771738;
sh603015:6.150,6.490,6.330,6.020,5882026;
sh603017:10.400,10.780,10.700,10.400,3757591;
sh603018:10.780,11.260,11.250,10.780,12985618;
sh603020:7.990,8.250,8.140,7.870,5057681;
sh603021:6.600,6.730,6.700,6.390,4200397;
sh603022:14.900,16.370,16.080,14.900,5391803;
sh603023:5.050,5.700,5.700,5.030,21351134;
sh603025:8.650,9.350,9.250,8.640,10358358;
sh603085:6.830,7.240,7.080,6.750,5587975;
sh603088:8.930,9.290,9.050,8.810,2022116;
sh603099:8.340,8.550,8.560,8.280,1635114;
sh603108:11.240,11.330,11.440,10.880,12233585;
sh603111:7.050,7.740,7.370,6.700,65614577;
sh603116:6.960,7.110,7.190,6.740,7996164;
sh603117:3.750,3.880,3.800,3.670,13149255;
sh603123:8.990,9.100,9.190,8.590,10282316;
sh603126:4.500,4.640,4.580,4.420,7434237;
sh603158:22.260,22.950,22.770,21.510,4312130;
sh603168:8.920,9.250,9.100,8.620,8561513;
sh603222:52.620,52.370,52.820,52.150,362407;
sh603227:4.390,4.590,4.510,4.370,11771747;
sh603268:15.000,15.270,15.340,14.690,1889031;
sh603299:6.130,6.410,6.210,6.020,9410380;
sh603300:7.800,8.120,8.000,7.660,37311466;
sh603308:16.650,17.760,17.290,15.710,19024449;
sh603318:8.770,9.120,8.940,8.600,14922879;
sh603333:7.520,7.700,7.720,7.260,16741812;
sh603366:6.260,6.630,6.540,6.160,26710096;
sh603456:21.000,20.870,21.400,20.000,17563425;
sh603508:55.990,58.580,57.560,55.080,2493956;
sh603519:13.030,14.140,14.830,13.030,3980022;
sh603566:18.820,19.700,19.300,18.590,6848083;
sh603568:27.550,28.380,28.590,27.500,4087648;
sh603600:12.300,12.370,12.530,12.000,6271769;
sh603601:18.330,16.480,18.880,16.470,194682573;
sh603609:11.670,11.800,11.860,11.330,13507550;
sh603611:18.600,20.640,20.190,18.600,8839793;
sh603616:7.500,7.760,7.650,7.370,4483300;
sh603618:5.630,6.100,5.750,5.540,25948518;
sh603688:27.300,27.640,27.890,25.700,12418473;
sh603703:15.820,16.450,15.920,15.600,3363661;
sh603789:13.000,13.430,13.160,12.950,3378810;
sh603800:11.210,11.390,11.420,10.860,3642376;
sh603808:12.850,13.140,13.050,12.600,6555632;
sh603818:7.550,7.690,7.680,7.320,2787874;
sh603838:7.760,7.980,7.840,7.540,1622420;
sh603918:11.730,12.550,11.960,11.540,8432083;
sh603936:20.210,21.590,20.880,20.200,11177962;
sh603968:13.700,13.960,13.960,13.500,2522800;
sh603989:25.010,25.650,25.510,24.420,3098411;
sh603997:7.780,7.880,7.870,7.530,4123121;
sh603998:7.110,7.200,7.230,6.990,7382504;
sh603999:6.330,6.590,6.490,6.260,8854180;
sh600127:4.550,4.700,4.720,4.430,28838980;
sh603377:15.110,15.680,15.850,15.020,3031764;
sh601900:9.950,10.250,10.130,10.120,6512511;
sh603919:14.350,14.890,14.860,14.290,3763810;
sh603861:8.500,9.140,8.800,8.330,9213113;
sh603028:10.710,10.830,10.750,10.410,2426543;
sh603798:10.590,10.570,10.760,10.150,3995473;
sh603701:11.890,12.340,12.290,11.450,5004032;
sh603726:24.100,24.550,24.400,23.430,3235792;
sh603528:7.370,7.860,7.700,7.370,7566155;
sh603339:13.110,13.370,13.300,12.820,2897736;
sh603131:20.420,21.700,20.930,19.640,9936439;
sh603016:18.610,19.890,19.210,18.120,6143292;
sh603069:12.760,13.880,13.860,12.500,12031600;
sh600936:3.830,3.970,3.900,3.790,13589587;
sh601997:8.280,8.400,8.390,8.240,27384949;
sh601595:13.040,13.620,13.390,12.920,5803184;
sh603515:25.150,25.740,25.800,25.030,3314590;
sh603843:4.270,4.450,4.380,4.230,12273751;
sh601163:14.030,14.500,14.300,14.000,5676040;
sh603393:37.000,38.770,37.910,36.500,6258740;
sh603738:26.500,28.030,27.850,26.500,10313909;
sh601128:7.750,8.030,8.080,7.750,34591917;
sh603313:24.430,25.480,25.190,23.700,6231058;
sh600926:8.600,8.690,8.700,8.560,22439231;
sh603888:24.300,25.190,24.940,23.720,14785308;
sh603060:20.890,21.310,21.290,20.810,2045438;
sh603633:12.300,12.600,12.760,11.790,9079026;
sh603987:11.200,11.270,11.340,10.330,20699638;
sh603336:14.280,14.650,14.750,13.890,6452344;
sh603660:13.010,13.460,13.500,12.530,18201366;
sh603559:30.150,30.150,30.150,28.520,48359780;
sh603033:21.740,21.730,21.960,20.060,3018544;
sh603389:4.760,5.080,4.970,4.710,3865125;
sh603058:6.860,7.070,6.960,6.800,2419967;
sh603886:16.500,17.210,17.060,16.500,5271578;
sh603239:12.230,12.810,12.450,11.550,6977814;
sh601375:6.300,6.220,6.460,5.880,222199390;
sh603035:15.300,16.040,15.550,14.650,11597525;
sh603032:18.710,19.360,19.330,18.430,3298199;
sh603877:15.720,15.810,16.160,15.240,2376619;
sh603689:10.610,10.970,10.740,10.470,4061618;
sh603579:28.100,28.770,28.600,27.850,1136514;
sh603639:25.660,26.180,26.280,25.200,2568625;
sh601858:10.340,10.710,10.590,10.250,3558184;
sh603638:32.600,32.910,32.890,31.860,939967;
sh603429:37.260,38.100,38.880,36.610,2394131;
sh603966:10.500,10.740,10.660,10.300,4057180;
sh603089:12.400,12.880,13.200,12.300,1487763;
sh603360:28.640,29.780,29.900,28.640,2580652;
sh603677:11.490,11.910,11.740,11.400,2818166;
sh603637:13.710,14.260,14.190,13.710,943204;
sh601212:3.080,3.170,3.130,3.050,28591973;
sh603603:7.870,8.130,8.070,7.700,6524255;
sh603817:6.330,6.370,6.360,6.140,3892000;
sh603717:7.990,8.280,8.150,7.830,4694057;
sh603656:14.360,15.100,14.760,14.130,1209864;
sh603133:20.600,22.140,21.520,20.600,7857132;
sh603811:24.360,24.860,24.980,23.700,2619074;
sh603955:16.360,17.000,16.360,15.950,2573750;
sh603908:23.690,24.580,24.120,23.580,596048;
sh603991:17.650,19.580,18.370,17.500,3762000;
sh603578:21.820,22.410,22.190,21.700,1110904;
sh601366:5.690,5.960,5.810,5.650,18736604;
sh603787:13.800,14.550,14.050,13.080,4710693;
sh603320:15.600,17.100,16.300,15.600,4379526;
sh603906:9.900,10.230,10.140,10.020,5065012;
sh603586:17.910,18.090,18.070,17.430,1829500;
sh603538:29.580,30.360,30.800,28.000,9886356;
sh603385:10.210,10.480,10.430,10.090,3709421;
sh603178:9.530,9.830,9.690,9.230,4626030;
sh603238:28.700,27.900,29.300,27.900,7423257;
sh603229:24.440,24.090,24.580,23.020,1439222;
sh603728:12.680,13.240,12.970,12.380,6223014;
sh603896:28.550,29.250,29.140,28.400,948744;
sh603488:8.300,8.570,8.470,8.280,3030526;
sh603197:31.110,32.450,31.900,30.310,5887643;
sh603580:11.680,11.950,11.920,11.320,1431546;
sh603200:51.230,49.320,54.000,49.320,4900325;
sh603042:20.270,20.270,20.270,20.270,4360436;
sh603536:13.310,13.720,13.720,12.820,7083949;
sh603326:18.700,18.880,18.910,18.000,3443380;
sh603316:9.290,10.360,10.360,10.290,8927782;
sh603335:4.350,4.490,4.440,4.260,8659178;
sh603380:16.630,18.050,17.540,16.520,5541225;
sh603286:16.220,16.850,16.600,16.070,1631410;
sh603938:28.200,31.240,29.300,27.500,5875629;
sh603331:16.620,16.800,16.670,16.220,3396606;
sh603933:14.000,14.950,14.650,14.000,3359258;
sh603595:34.500,36.610,35.900,34.310,4180057;
sh603612:13.950,14.060,14.380,13.150,9441644;
sh603676:9.900,10.120,10.120,10.070,2536041;
sh603063:8.770,9.590,9.180,8.770,6915931;
sh603233:58.000,58.300,59.790,57.800,3458594;
sh603357:10.500,10.980,10.900,10.460,9338250;
sh603860:26.580,27.600,27.100,26.270,629800;
sh603880:18.550,18.440,19.300,18.350,22803512;
sh603776:20.500,21.000,20.890,19.800,5967521;
sh603976:16.690,17.080,17.050,16.130,2981430;
sh603079:45.550,46.900,46.880,44.260,3889682;
sh603725:6.540,6.700,6.680,6.330,3229831;
sh603813:17.880,17.990,17.900,17.330,1136252;
sh603136:22.380,22.950,22.690,22.020,1193154;
sh603378:28.800,29.680,29.920,28.180,1287775;
sh603367:17.550,17.600,17.850,16.800,8120000;
sh603103:15.500,16.320,15.930,15.260,7265683;
sh603110:15.980,16.700,16.520,15.590,3140720;
sh603499:15.800,16.090,16.130,14.800,2454412;
sh603829:9.750,10.210,9.990,10.030,1545416;
sh603722:33.300,34.490,34.200,32.220,1376761;
sh603659:75.690,78.920,78.500,75.220,4698379;
sh603076:21.530,22.160,21.940,21.390,448185;
sh603661:37.160,38.130,38.200,37.060,816555;
sh601019:6.640,6.790,6.790,6.600,6031476;
sh603890:10.730,11.220,11.030,10.700,6011147;
sh603477:12.050,12.050,12.350,11.400,15309830;
sh603895:19.620,20.390,20.140,19.600,1491000;
sh603516:42.400,44.270,43.490,40.840,4675489;
sh603871:28.300,28.900,28.640,27.890,1099708;
sh603709:23.400,24.000,23.730,23.110,510700;
sh603712:24.840,26.960,26.480,24.840,10009616;
sh603059:28.400,26.750,28.660,25.960,5749879;
sh600929:5.860,6.050,5.970,5.830,7369234;
sh603897:17.800,18.320,17.980,17.170,2113187;
sh603301:43.000,42.320,45.480,41.450,23595566;
sh603773:33.570,35.660,34.770,33.500,2431245;
sh603666:90.010,95.360,93.850,88.910,860416;
sh601990:17.900,18.960,18.230,17.010,353456329;
sh603713:54.310,56.770,56.500,52.950,3105443;
sh601606:9.490,9.800,9.780,9.380,10031188;
sh603590:38.480,39.140,38.900,37.610,3345075;
sh603192:25.420,27.850,25.900,25.320,4205056;
sh601068:4.650,4.880,4.820,4.610,16711917;
sh603297:34.860,36.640,35.860,34.860,1970773;
sh603790:13.380,13.830,13.730,13.150,3303460;
