sh600048:15.900,15.930,16.170,15.710,72101092;
sh600053:25.510,25.140,25.700,24.760,4667353;
sh600061:12.160,11.940,12.180,11.870,14920169;
sh600063:3.580,3.510,3.590,3.470,38259970;
sh600071:9.180,9.080,9.200,9.010,1387142;
sh600076:3.730,3.720,3.750,3.700,5181983;
sh600077:2.980,3.000,3.040,2.960,6928900;
sh600078:5.100,5.090,5.160,5.030,19599186;
sh600079:20.150,20.140,20.550,19.900,26678737;
sh600081:10.780,10.670,10.780,10.600,2026178;
sh600082:3.440,3.490,3.480,3.410,7168500;
sh600090:4.130,4.060,4.130,4.040,10671037;
sh600101:6.110,6.200,6.430,6.090,6881964;
sh600111:9.010,8.850,9.030,8.780,25223347;
sh600113:6.330,6.280,6.350,6.180,3701131;
sh600115:4.210,4.150,4.230,4.110,37977153;
sh600120:9.400,9.720,9.930,9.380,30213388;
sh600146:12.500,11.720,12.540,11.720,9408987;
sh600151:4.320,4.270,4.320,4.210,5206661;
sh600156:4.400,4.340,4.470,4.300,5184500;
sh600160:6.890,6.940,6.910,6.830,17371239;
sh600161:34.920,34.230,35.290,33.980,8074222;
sh600162:2.000,2.000,2.010,1.980,6265367;
sh600169:2.040,2.040,2.050,2.020,11840066;
sh600175:1.060,1.040,1.070,1.030,75964638;
sh600197:13.060,12.790,13.060,12.700,5213462;
sh600199:5.030,4.990,5.030,4.960,4565210;
sh600200:7.250,7.390,7.370,7.160,22064082;
sh600203:9.130,8.970,9.130,8.710,16295140;
sh600206:12.700,12.600,12.710,12.420,20487495;
sh600207:4.070,4.080,4.090,4.040,2134832;
sh600208:3.150,3.250,3.390,3.120,149068974;
sh600213:7.910,7.710,7.930,7.590,6244392;
sh600218:9.130,9.000,9.140,8.850,9057117;
sh600221:1.520,1.490,1.530,1.470,96734869;
sh600223:6.760,6.570,6.760,6.520,14678629;
sh600226:2.870,2.950,3.090,2.800,342397846;
sh600227:3.080,3.140,3.220,3.060,15524817;
sh600235:4.620,4.550,4.640,4.500,5433600;
sh600236:4.410,4.350,4.410,4.330,2591817;
sh600242:7.330,7.720,7.990,7.280,40548899;
sh600246:7.490,6.900,7.490,6.700,32348431;
sh600262:16.850,17.630,17.380,16.600,3315922;
sh600266:6.870,6.820,6.880,6.760,7664160;
sh600267:17.000,17.730,18.380,16.810,113777182;
sh600268:10.790,11.300,11.150,10.000,165146738;
sh600278:9.130,9.040,9.180,8.980,2827942;
sh600279:3.710,3.690,3.740,3.660,3105650;
sh600283:10.320,10.100,10.320,10.040,6122413;
sh600285:8.650,8.480,8.670,8.420,8517352;
sh600288:11.240,11.040,11.260,10.940,2500636;
sh600291:7.130,7.060,7.130,7.030,7345830;
sh600293:2.750,2.720,2.750,2.700,8384028;
sh600300:3.350,3.460,3.360,3.270,102799449;
sh600310:3.850,4.090,4.240,3.840,22965143;
sh600311:2.450,2.400,2.460,2.380,15766035;
sh600313:4.000,4.080,4.010,3.910,94787899;
sh600317:2.130,2.130,2.150,2.130,4872034;
sh600322:2.530,2.530,2.550,2.510,11930831;
sh600323:20.650,20.550,20.850,20.260,9719320;
sh600326:6.970,6.980,6.970,6.800,19194760;
sh600336:5.860,5.810,6.190,5.780,33695325;
sh600337:4.130,4.110,4.160,4.090,9818530;
sh600338:8.030,7.850,8.050,7.800,7704020;
sh600339:2.660,2.660,2.710,2.650,26685704;
sh600351:5.200,5.210,5.260,5.150,6147057;
sh600353:5.270,5.240,5.280,5.150,5016515;
sh600354:4.200,4.050,4.200,4.010,11193622;
sh600355:3.180,3.150,3.190,3.110,10127800;
sh600360:7.750,7.670,7.750,7.530,39708117;
sh600363:14.140,13.930,14.140,13.720,5387035;
sh600366:6.050,5.940,6.140,5.880,41106863;
sh600371:14.010,14.100,14.050,13.660,27251419;
sh600375:4.440,4.390,4.460,4.350,3379526;
sh600381:4.730,4.660,4.760,4.620,4395208;
sh600392:7.090,6.890,7.120,6.730,32652434;
sh600393:2.860,2.830,2.870,2.800,12883802;
sh600398:6.310,6.260,6.380,6.210,6517376;
sh600419:11.700,11.610,11.720,11.500,3062930;
sh600425:3.920,4.040,4.010,3.880,51946102;
sh600429:5.300,5.270,5.300,5.190,4926742;
sh600449:14.420,14.730,14.900,14.270,21559664;
sh600455:23.990,24.030,24.160,23.580,1439502;
sh600463:6.030,6.050,6.090,5.980,1412700;
sh600466:5.900,5.770,5.900,5.720,36936124;
sh600467:2.610,2.620,2.610,2.520,66948509;
sh600476:12.720,12.930,13.160,12.680,3741006;
sh600478:3.850,3.810,3.880,3.780,9837855;
sh600479:9.200,9.170,9.210,9.050,7677600;
sh600480:10.050,9.820,10.160,9.810,7787938;
sh600481:2.980,2.980,2.990,2.960,3536099;
sh600488:4.790,4.730,4.800,4.650,11096715;
sh600495:4.500,4.590,4.530,4.420,39554257;
sh600499:4.300,4.200,4.310,4.170,6729172;
sh600501:9.020,9.230,9.230,8.940,15044780;
sh600503:3.100,3.080,3.100,3.050,13125607;
sh600505:10.730,11.030,11.800,10.730,19142346;
sh600506:8.780,8.700,8.780,8.580,3641200;
sh600517:7.300,7.340,7.410,7.130,15060654;
sh600520:8.250,8.160,8.250,8.070,2284002;
sh600525:5.050,4.990,5.050,4.930,8384820;
sh600526:5.950,6.050,6.030,5.800,15413120;
sh600527:4.960,4.510,5.100,4.430,350984560;
sh600530:3.370,3.370,3.370,3.290,6770300;
sh600533:3.180,3.160,3.190,3.130,16613994;
sh600537:2.920,2.920,2.940,2.890,5637400;
sh600549:11.540,11.340,11.540,11.250,8892785;
sh600559:8.730,8.680,8.730,8.620,6301623;
sh600562:14.680,14.680,14.790,14.490,4377202;
sh600568:1.480,1.460,1.490,1.450,20444757;
sh600573:6.100,6.080,6.100,6.030,1590600;
sh600587:18.700,17.970,18.800,17.860,13836874;
sh600593:41.580,41.750,42.000,41.540,636440;
sh600601:3.320,3.410,3.340,3.300,25896772;
sh600602:7.380,7.650,7.710,7.320,20302488;
sh600603:6.260,6.220,6.300,6.100,23577285;
sh600604:7.270,7.230,7.290,7.100,16686199;
sh600613:7.250,7.170,7.280,7.110,3176599;
sh600623:5.430,5.390,5.430,5.360,4852502;
sh600624:8.620,8.500,8.630,8.390,14594607;
sh600626:5.120,5.090,5.160,5.030,7575281;
sh600628:12.000,11.980,12.110,11.850,2861602;
sh600630:7.760,7.630,7.760,7.530,8992838;
sh600638:5.120,5.090,5.120,5.050,1620680;
sh600639:13.100,13.200,13.430,13.070,3352629;
sh600640:18.690,18.320,18.760,18.100,8614523;
sh600641:18.940,18.740,18.940,18.380,7926920;
sh600644:4.960,4.930,5.080,4.920,2285921;
sh600645:21.290,20.550,21.640,20.450,12006280;
sh600647:12.890,12.780,13.080,12.630,971277;
sh600649:5.200,5.180,5.210,5.150,5691293;
sh600651:3.490,3.480,3.520,3.470,5013516;
sh600661:16.020,15.760,16.020,15.650,1230293;
sh600662:3.860,3.840,3.860,3.810,3935200;
sh600668:15.390,15.520,15.650,15.290,16787634;
sh603179:23.390,22.190,23.390,22.160,985351;
sh600671:12.390,12.450,12.390,12.040,3294724;
sh600677:4.010,3.890,4.020,3.860,18378863;
sh600678:7.160,7.210,7.240,7.010,22264639;
sh600682:8.260,8.160,8.260,8.130,7664470;
sh600683:3.950,3.960,3.970,3.880,6299000;
sh600684:3.190,3.150,3.200,3.140,3945878;
sh600689:9.090,8.910,9.280,8.840,11484285;
sh600693:4.820,4.760,4.820,4.730,3429108;
sh600695:7.680,7.560,7.710,7.480,12299973;
sh600697:14.990,14.880,14.990,14.790,875300;
sh600706:8.600,8.650,8.750,8.500,9180989;
sh600708:3.060,3.040,3.070,3.020,7795406;
sh600711:4.120,4.060,4.120,4.030,15603370;
sh600712:5.310,5.250,5.330,5.170,18714026;
sh600716:3.690,3.630,3.700,3.590,4967289;
sh600719:4.550,4.600,4.630,4.480,4774120;
sh600724:4.560,4.620,4.700,4.460,60864939;
sh600730:4.390,4.340,4.390,4.300,2431800;
sh600734:3.380,3.410,3.480,3.350,13117836;
sh600736:5.260,5.190,5.280,5.130,9775604;
sh600737:8.360,8.300,8.360,8.130,30092915;
sh600744:2.430,2.420,2.490,2.370,20107754;
sh600746:5.840,5.860,5.850,5.770,1828713;
sh600748:5.440,5.330,5.440,5.280,16774986;
sh603893:53.410,52.580,53.780,50.870,3708410;
sh600755:6.260,6.230,6.270,6.200,7483744;
sh600756:18.510,19.200,19.250,18.460,12970334;
sh600764:27.640,27.350,27.860,27.200,2176557;
sh600770:4.630,4.570,4.640,4.500,6586078;
sh600771:12.990,12.600,12.990,12.550,6664513;
sh600773:5.760,5.710,5.810,5.650,7982452;
sh600777:1.740,1.760,1.760,1.740,43014011;
sh600783:13.400,13.150,13.400,12.960,7532883;
sh600784:4.280,4.260,4.280,4.240,1805798;
sh600785:14.470,14.720,14.470,14.230,648061;
sh600796:6.040,6.130,6.270,5.980,11269620;
sh600800:5.060,5.020,5.060,5.000,5083083;
sh600802:11.990,12.190,12.290,11.800,40485028;
sh600808:2.570,2.540,2.570,2.520,28894835;
sh600818:10.500,10.180,10.500,10.010,5589511;
sh600819:4.730,4.740,4.760,4.650,3430119;
sh600821:3.810,3.770,3.820,3.740,3369006;
sh600822:8.520,8.380,8.570,8.330,2729441;
sh600824:3.320,3.290,3.330,3.270,6096125;
sh600825:5.440,5.360,5.440,5.290,5145248;
sh600828:4.020,3.970,4.020,3.930,3757829;
sh600829:8.380,8.240,8.380,8.110,16508979;
sh600830:5.670,5.650,5.680,5.560,11986288;
sh600831:8.180,8.430,8.200,8.080,19173815;
sh600833:10.210,10.220,10.240,10.010,4264332;
sh600834:6.270,6.250,6.280,6.210,1544469;
sh600836:6.250,6.420,6.290,5.960,19153332;
sh600838:6.290,6.310,6.400,6.220,11453164;
sh600841:7.060,6.930,7.060,6.900,1432285;
sh600843:6.750,6.700,6.750,6.640,2749778;
sh600846:8.700,8.820,8.810,8.600,19037974;
sh600851:8.150,8.030,8.150,7.960,2759200;
sh600853:3.750,3.900,3.800,3.670,45429861;
sh600854:3.760,3.730,3.790,3.690,4343621;
sh600855:21.880,22.550,22.590,21.630,63644832;
sh600857:9.510,9.500,9.530,9.390,451875;
sh600860:3.400,3.360,3.410,3.340,1948001;
sh600861:10.580,10.810,10.760,10.520,2947217;
sh600862:13.700,13.500,13.790,13.320,15984050;
sh600864:6.400,6.340,6.400,6.300,12950780;
sh600865:6.350,6.130,6.360,6.110,7752843;
sh600866:5.350,5.290,5.350,5.240,25732400;
sh600867:12.020,11.870,12.050,11.710,18680559;
sh600868:3.230,3.200,3.240,3.190,15033515;
sh600869:4.290,4.710,4.710,4.280,103030318;
sh600871:2.000,1.980,2.000,1.960,35532200;
sh600874:6.880,6.910,6.930,6.860,4001447;
sh600876:13.720,13.830,13.950,13.550,5481367;
sh600879:6.900,7.080,7.170,6.870,98577173;
sh600880:3.950,3.980,3.960,3.860,13494300;
sh600882:24.540,24.650,24.980,24.220,2012600;
sh600885:31.100,30.180,31.320,29.680,4265606;
sh600888:4.260,4.250,4.260,4.200,4897753;
sh600889:5.940,5.780,5.940,5.750,3207640;
sh600894:7.670,7.860,7.950,7.650,46324193;
sh600898:6.650,6.680,6.980,6.530,17751620;
sh600917:6.420,6.390,6.490,6.350,2723615;
sh600959:3.650,3.640,3.650,3.610,7680311;
sh600962:8.470,8.570,8.650,8.270,17484423;
sh600965:7.560,7.460,7.560,7.350,4092867;
sh600966:7.530,7.260,7.530,7.180,20936365;
sh600973:4.070,4.070,4.100,4.000,9460960;
sh600976:16.400,16.170,16.500,16.010,1284780;
sh600980:12.250,12.090,12.290,11.940,1929894;
sh600981:3.430,3.460,3.550,3.410,8481000;
sh600982:2.770,2.720,2.770,2.710,3269911;
sh600983:5.290,5.310,5.390,5.200,12224200;
sh600986:4.140,4.380,4.310,4.060,137537946;
sh600988:8.400,8.370,8.550,8.260,72135194;
sh600990:38.930,39.000,39.460,38.750,1733300;
sh600992:6.250,6.180,6.250,6.150,1174200;
sh601002:6.320,6.470,6.440,6.250,46889340;
sh601008:3.490,3.490,3.570,3.470,12794238;
sh601016:2.230,2.190,2.230,2.180,19168241;
sh601069:14.400,14.070,14.580,13.860,22931089;
sh601100:69.580,68.430,69.880,67.650,2930175;
sh601106:2.610,2.610,2.620,2.590,15573099;
sh601118:5.140,5.060,5.150,5.010,27158357;
sh601126:6.460,6.540,6.480,6.260,11935573;
sh601168:5.750,5.640,5.750,5.580,21821962;
sh601199:3.950,4.130,4.010,3.920,23045430;
sh601222:5.070,5.040,5.070,4.980,12791827;
sh601226:4.020,4.040,4.020,3.960,4450265;
sh601233:12.200,12.180,12.400,11.990,17481483;
sh601311:8.710,8.600,8.710,8.530,7097802;
sh601339:3.390,3.390,3.390,3.360,1717900;
sh601388:1.650,1.620,1.660,1.600,21702605;
sh601515:6.390,6.380,6.480,6.300,7125270;
sh601567:7.860,7.680,7.860,7.580,16124167;
sh601608:3.340,3.320,3.340,3.290,10718229;
sh601616:3.210,3.220,3.220,3.140,19870536;
sh601677:10.280,10.190,10.280,10.100,4010201;
sh601689:21.240,20.580,21.350,20.080,19719030;
sh601700:5.840,5.780,5.840,5.680,21078908;
sh601727:4.910,4.920,4.960,4.860,28351509;
sh601789:4.540,5.050,4.950,4.480,118259837;
sh601799:98.510,99.000,99.730,96.720,2125055;
sh601818:3.580,3.560,3.590,3.560,74935705;
sh601866:2.000,2.000,2.020,1.990,30080837;
sh601958:6.180,6.050,6.180,6.020,13462361;
sh601968:4.440,4.450,4.490,4.390,2132200;
sh601996:2.700,2.690,2.710,2.670,7529300;
sh603002:4.330,4.270,4.330,4.230,6587600;
sh603003:10.070,10.100,11.500,10.100,80796567;
sh603006:10.170,10.040,10.170,10.040,1234755;
sh603009:7.140,7.060,7.140,6.980,6540227;
sh603010:13.240,13.040,13.680,12.880,11986707;
sh603015:5.730,5.700,5.790,5.680,1048800;
sh603017:10.550,10.910,10.810,10.440,6046780;
sh603018:14.970,15.030,15.010,14.620,12594396;
sh603020:9.050,9.550,9.110,8.900,16039860;
sh603021:5.760,5.710,5.790,5.640,1603100;
sh603022:18.780,19.500,19.410,18.780,3674535;
sh603023:5.000,5.090,5.020,4.960,8121696;
sh603025:7.880,7.860,7.920,7.760,2420416;
sh603085:6.270,6.150,6.270,6.110,3005980;
sh603088:9.250,9.150,9.250,9.070,1602069;
sh603099:7.870,7.960,7.870,7.780,1925650;
sh603108:11.350,10.950,11.350,10.800,18246809;
sh603111:7.780,8.180,8.030,7.600,41871782;
sh603116:7.000,6.990,7.040,6.940,1688440;
sh603117:3.560,3.620,3.590,3.540,4276160;
sh603123:8.760,8.740,8.760,8.470,8072539;
sh603126:4.490,4.490,4.560,4.450,5656891;
sh603158:19.800,19.180,19.970,18.960,6590229;
sh603168:8.440,8.290,8.440,8.250,1931155;
sh603222:47.350,47.280,47.640,46.740,2036533;
sh603227:4.020,3.940,4.020,3.910,5095000;
sh603268:13.600,13.570,13.660,13.420,633380;
sh603299:6.210,6.250,6.300,6.150,4042660;
sh603300:6.670,6.580,6.700,6.550,6597300;
sh603308:14.920,14.500,14.920,14.360,4984835;
sh603318:7.400,7.190,7.400,7.100,9512699;
sh603333:7.980,8.370,8.360,7.920,28047144;
sh603366:5.570,5.930,5.890,5.520,36523355;
sh603456:20.910,21.500,21.770,20.860,10618503;
sh603508:54.000,54.290,54.800,53.500,1715163;
sh603519:12.300,12.140,12.330,12.010,1404835;
sh603566:18.340,18.100,18.340,17.780,3013738;
sh603568:29.980,29.960,30.290,29.610,2046983;
sh603600:12.820,12.850,12.970,12.740,6536398;
sh603601:13.010,13.190,13.640,12.830,73575695;
sh603609:13.740,14.080,14.080,13.550,24332267;
sh603611:17.640,17.370,17.730,17.150,1727806;
sh603616:7.320,7.200,7.320,7.160,2585300;
sh603618:5.830,5.780,5.890,5.680,8405497;
sh603688:22.240,22.160,22.240,21.360,3905105;
sh603703:18.230,18.360,18.300,18.010,6202423;
sh603789:13.230,13.280,13.450,13.140,5886082;
sh603800:10.910,11.100,11.060,10.860,1468412;
sh603808:11.050,10.880,11.050,10.770,3091585;
sh603818:6.750,6.880,6.800,6.710,1447700;
sh603838:7.720,7.650,7.720,7.580,540600;
sh603918:12.490,12.740,12.720,12.400,9857754;
sh603936:18.310,18.410,18.450,18.180,3843036;
sh603968:13.860,13.740,14.010,13.600,3193100;
sh603989:24.510,24.530,24.650,24.140,1306747;
sh603997:8.700,8.950,8.950,8.630,28508514;
sh603998:7.080,6.950,7.080,6.910,4336458;
sh603999:5.840,5.890,5.890,5.790,5303260;
sh600127:9.170,10.220,9.410,10.100,240288211;
sh603377:16.320,16.880,16.510,15.900,8092828;
sh601900:9.940,10.070,10.010,9.800,3510569;
sh603919:14.450,14.220,14.490,14.100,2394069;
sh603861:8.230,8.330,8.230,8.100,2278700;
sh603028:11.680,11.530,11.830,11.450,2335359;
sh603798:9.980,9.990,10.080,9.940,1384300;
sh603701:10.750,10.570,10.810,10.510,2534240;
sh603726:12.880,13.130,13.390,12.860,8773894;
sh603528:8.180,8.040,8.410,8.010,12871386;
sh603339:12.970,13.290,13.480,12.950,4383120;
sh603131:16.620,17.990,16.870,16.110,12565275;
sh603016:24.540,24.200,25.300,23.940,3746400;
sh603069:10.900,10.600,10.900,10.410,8209225;
sh600936:3.820,3.840,3.820,3.760,3559500;
sh601997:7.650,7.590,7.670,7.570,15953858;
sh601595:13.030,13.240,13.310,12.940,5157503;
sh603515:24.160,23.920,24.160,23.640,1477060;
sh603843:4.500,4.570,4.520,4.380,16076231;
sh601163:13.400,13.460,13.430,13.160,3359800;
sh603393:44.650,44.600,45.100,44.210,4617420;
sh603738:23.170,24.640,23.170,22.220,12225429;
sh601128:6.900,6.910,7.040,6.810,20866335;
sh603313:20.250,19.970,20.340,19.700,6688696;
sh600926:7.690,7.640,7.770,7.600,13322171;
sh603888:24.900,24.990,25.370,24.710,12260918;
sh603060:22.190,21.980,22.580,21.720,1467376;
sh603633:10.950,10.890,10.970,10.840,2144590;
sh603987:11.980,11.640,11.980,11.500,10499493;
sh603336:16.300,16.100,16.310,15.720,7785618;
sh603660:11.350,11.200,11.400,10.990,4939742;
sh603559:22.990,23.660,23.990,22.780,24109777;
sh603033:29.800,30.590,30.890,29.540,3180673;
sh603389:4.110,3.990,4.110,3.950,3946577;
sh603058:7.190,7.110,7.190,7.060,3601200;
sh603886:16.300,16.520,16.470,16.260,3111396;
sh603239:12.250,12.470,12.340,11.890,4346800;
sh601375:4.910,4.830,4.920,4.800,19134596;
sh603035:11.680,11.420,11.680,11.310,4294794;
sh603032:20.110,19.530,20.110,19.100,6982186;
sh603877:15.030,15.300,15.370,14.840,971700;
sh603689:10.540,10.500,10.550,10.460,1490710;
sh603579:31.600,31.750,31.600,30.940,2810010;
sh603639:27.050,27.060,27.160,26.490,1612534;
sh601858:9.520,9.480,9.530,9.300,3468915;
sh603638:40.060,40.780,40.990,39.910,1980327;
sh603429:36.230,36.130,36.840,35.970,4098401;
sh603966:10.160,10.200,10.270,10.000,2020000;
sh603089:11.670,11.390,11.670,11.290,1058395;
sh603360:29.350,28.700,30.100,28.300,4931406;
sh603677:10.210,10.260,10.320,10.110,617298;
sh603637:14.000,13.690,14.010,13.640,1006392;
sh601212:2.870,2.840,2.870,2.820,18044831;
sh603603:6.400,6.300,6.580,6.260,3935692;
sh603817:5.870,5.850,5.870,5.790,1721900;
sh603717:7.830,7.920,7.850,7.720,2867410;
sh603656:13.550,13.080,13.550,13.000,735020;
sh603133:17.520,17.370,17.560,17.150,3037900;
sh603811:26.370,25.780,26.410,25.570,1664240;
sh603955:17.710,17.520,17.710,17.200,1200851;
sh603908:22.830,22.580,22.900,22.420,306800;
sh603991:26.000,25.110,26.180,24.520,2942326;
sh603578:19.380,19.150,19.380,19.100,381800;
sh601366:6.580,6.280,6.600,6.280,30097700;
sh603787:11.730,11.520,11.850,11.430,1997000;
sh603320:16.000,16.530,16.300,15.820,3698415;
sh603906:9.790,9.740,9.840,9.660,6621471;
sh603586:16.940,16.460,16.940,16.320,949294;
sh603538:35.000,35.800,35.870,34.560,12163416;
sh603385:10.150,10.110,10.170,10.040,3614013;
sh603178:7.980,7.970,8.000,7.870,2099017;
sh603238:33.590,33.000,33.700,32.580,1802150;
sh603229:31.350,30.950,31.350,30.000,1581297;
sh603728:11.970,11.850,12.000,11.710,2741056;
sh603896:28.480,27.980,28.960,27.880,1158902;
sh603488:9.220,9.400,9.560,9.010,12042103;
sh603197:26.300,25.790,26.300,25.260,2701604;
sh603580:12.050,12.080,12.110,11.920,870452;
sh603200:69.000,68.630,71.720,65.000,3049844;
sh603042:18.310,18.720,18.780,17.980,8089738;
sh603536:13.430,14.740,14.650,13.300,15665880;
sh603326:20.010,20.190,20.160,19.830,3638282;
sh603316:11.490,12.070,11.920,11.400,7826169;
sh603335:4.150,4.180,4.150,4.100,6646202;
sh603380:16.940,17.360,17.320,16.620,3221120;
sh603286:15.970,15.560,15.970,15.500,2159157;
sh603938:23.680,23.330,23.720,22.910,1770678;
sh603331:16.510,16.780,16.510,16.330,976589;
sh603933:14.400,14.100,14.400,13.830,8813102;
sh603595:27.760,29.000,28.430,27.320,5215944;
sh603612:10.480,10.390,10.480,10.300,2099700;
sh603676:11.880,11.860,12.040,11.700,7326800;
sh603063:8.290,8.440,8.350,8.250,1901400;
sh603233:66.000,64.940,66.320,63.310,1603033;
sh603357:10.420,10.910,10.680,10.230,12773953;
sh603860:26.770,27.100,27.000,26.580,497700;
sh603880:14.640,14.380,14.760,14.300,3766842;
sh603776:18.610,18.110,18.830,18.030,5499018;
sh603976:16.380,16.190,16.420,15.920,1850970;
sh603079:44.810,44.060,44.880,43.580,2492203;
sh603725:6.650,6.580,6.650,6.510,1121460;
sh603813:17.790,17.390,17.790,17.250,768000;
sh603136:23.980,24.700,24.780,23.780,1921730;
sh603378:31.830,33.700,34.220,31.320,4478885;
sh603367:17.440,17.360,17.490,17.190,4035900;
sh603103:14.280,14.220,14.370,13.940,2005554;
sh603110:14.830,14.870,14.970,14.760,1098720;
sh603499:14.980,14.610,14.980,14.420,1808360;
sh603829:10.030,9.930,10.080,9.780,1365500;
sh603722:27.700,27.830,27.860,27.270,832200;
sh603659:68.750,69.130,70.000,67.500,3307008;
sh603076:21.080,20.960,21.080,20.800,238377;
sh603661:35.310,34.860,35.350,34.530,553300;
sh601019:6.400,6.280,6.430,6.280,4200069;
sh603890:17.190,18.350,17.520,16.880,12884751;
sh603477:11.890,12.880,12.190,11.630,7834555;
sh603895:19.050,18.990,19.140,18.790,793780;
sh603516:38.840,38.880,40.500,38.750,3066362;
sh603871:27.490,27.980,28.280,27.420,826527;
sh603709:29.510,30.800,29.660,28.580,1568899;
sh603712:28.230,28.500,29.360,27.800,11501558;
sh603059:26.180,26.340,26.670,25.950,3217035;
sh600929:6.080,6.140,6.100,6.010,7078243;
sh603897:16.690,16.550,16.690,16.350,1248314;
sh603301:40.540,40.380,41.500,40.160,5793398;
sh603773:31.200,31.200,31.290,30.660,1093700;
sh603666:101.240,101.210,105.000,100.570,912842;
sh601990:14.780,14.410,14.790,14.300,80802051;
sh603713:60.280,59.190,60.290,58.520,1350500;
sh601606:9.500,9.960,9.660,9.390,19658891;
sh603590:40.400,40.700,40.990,40.050,2062600;
sh603192:24.430,24.030,24.430,23.970,948500;
sh601068:4.350,4.250,4.360,4.220,7487600;
sh603297:31.350,31.320,32.170,31.030,1253321;
sh603790:12.890,12.860,13.000,12.690,1819800;
sh603583:48.440,46.520,48.440,45.850,3578289;
sh601975:2.550,2.510,2.620,2.500,81184512;
sh603629:22.300,23.500,22.650,22.120,2160701;
sh603185:38.790,37.570,38.900,37.200,3186436;
sh601298:5.610,5.620,5.650,5.590,6004132;
sh603700:38.180,37.650,38.500,37.250,1846300;
sh601615:10.500,10.350,10.590,10.230,17837734;
sh601865:11.690,11.440,11.760,11.300,16674817;
sh603317:47.230,46.750,47.230,46.180,2097313;
sh603697:12.710,12.820,12.780,12.550,3709942;
sh603982:17.350,16.580,17.350,16.380,7677247;
sh603327:25.380,25.080,25.400,24.810,1652100;
sh603915:13.530,13.530,13.660,13.320,4474690;
sh601236:19.580,19.460,19.590,19.020,24949776;
sh603530:20.230,20.540,20.250,19.880,4380190;
sh603115:17.310,17.100,17.440,16.950,1472265;
sh603992:16.330,16.780,16.330,16.020,3174320;
sh603755:49.980,49.250,50.370,48.820,583273;
sh600000:10.070,10.030,10.120,10.010,17557525;
sh600004:14.540,14.500,14.650,14.340,11431329;
sh600006:4.050,4.030,4.060,3.980,10825397;
sh600007:13.610,13.710,13.830,13.570,3117884;
sh600008:3.240,3.240,3.240,3.180,22754804;
sh600009:67.550,66.700,67.780,65.710,8065887;
sh600011:4.210,4.200,4.230,4.160,17328566;
sh600012:5.190,5.140,5.200,5.120,2353900;
sh600015:6.440,6.400,6.440,6.390,14655352;
sh600016:5.730,5.700,5.740,5.680,69903371;
sh600017:2.460,2.450,2.470,2.430,6753300;
sh600018:4.300,4.280,4.340,4.270,16808738;
sh600019:4.860,4.840,4.870,4.810,26609497;
sh600020:3.830,3.810,3.840,3.770,10791037;
sh600021:7.450,7.380,7.500,7.300,3717463;
sh600023:3.460,3.410,3.460,3.380,15185507;
sh600026:9.580,9.260,9.690,9.070,55092543;
sh600027:3.400,3.430,3.430,3.380,22815020;
sh600028:4.570,4.540,4.590,4.530,119490683;
sh600029:5.230,5.140,5.240,5.100,46453399;
sh600030:23.330,23.170,23.350,22.960,90794241;
sh600031:19.460,19.500,19.660,19.230,45867229;
sh600033:2.760,2.730,2.760,2.720,6014900;
sh600035:3.190,3.160,3.200,3.130,13809992;
sh600036:32.900,32.650,33.040,32.580,32871489;
sh600037:8.760,8.730,8.760,8.640,4987458;
sh600038:43.880,44.070,44.600,43.820,4672439;
sh600050:5.300,5.280,5.300,5.250,75048558;
sh600054:8.780,8.740,8.790,8.610,3708683;
sh600055:17.300,17.200,17.450,16.780,24803730;
sh600056:15.900,16.140,15.990,15.490,31122806;
sh600057:5.060,5.230,5.060,4.980,45692942;
sh600059:7.830,7.920,7.910,7.730,8211688;
sh600060:9.610,9.690,9.740,9.550,13072680;
sh600062:13.220,13.040,13.220,12.950,7355200;
sh600064:8.390,8.320,8.390,8.230,6386575;
sh600066:12.620,12.320,12.620,12.200,15329548;
sh600068:6.850,6.830,6.910,6.750,55445425;
sh600072:11.520,11.630,11.580,11.420,12487161;
sh600073:8.520,8.540,8.550,8.380,17000897;
sh600075:4.790,4.750,4.790,4.700,5739105;
sh600085:25.170,25.030,25.170,24.700,5900203;
sh600089:7.900,7.780,7.900,7.620,85677163;
sh600093:13.000,13.120,13.330,12.920,29344511;
sh600097:9.810,9.700,9.830,9.580,2832200;
sh600098:6.120,6.030,6.290,5.960,9068721;
sh600100:8.000,8.190,8.080,7.950,30331278;
sh600104:18.890,18.610,18.890,18.490,21200551;
sh600105:4.590,4.560,4.640,4.500,15713490;
sh600106:2.880,2.870,2.890,2.830,7252346;
sh600109:9.510,9.300,9.550,9.240,48314884;
sh600114:9.200,9.120,9.280,9.020,14435988;
sh600116:8.710,8.620,8.710,8.480,10072510;
sh600118:36.300,35.580,37.170,34.880,47596972;
sh600125:4.830,4.780,4.840,4.750,6520665;
sh600126:8.050,8.170,8.550,7.970,77216693;
sh600129:13.500,13.250,13.500,13.160,5238970;
sh600131:19.990,20.310,20.580,19.850,11666225;
sh600132:51.800,50.570,51.800,50.000,3172513;
sh600133:6.930,6.810,6.990,6.640,67938233;
sh600138:10.080,10.050,10.080,9.920,10251032;
sh600141:9.610,9.390,9.620,9.300,11654397;
sh600143:10.330,10.480,10.730,10.120,166859791;
sh600150:18.790,18.800,18.800,18.600,9257089;
sh600153:7.880,8.020,7.970,7.790,28901774;
sh600158:8.360,8.300,8.390,8.230,6016302;
sh600170:3.300,3.290,3.300,3.240,34490586;
sh600171:17.200,17.190,17.300,16.910,13886567;
sh600176:8.460,8.260,8.470,8.210,23732341;
sh600177:6.470,6.440,6.470,6.380,7149615;
sh600183:29.800,31.090,30.920,29.700,35291498;
sh600195:13.300,12.970,13.330,12.800,21221535;
sh600196:36.950,37.580,38.200,36.640,61191381;
sh600216:17.050,16.810,17.180,16.700,20060861;
sh600217:5.240,5.250,5.470,5.210,17621453;
sh600219:2.080,2.070,2.090,2.060,37636117;
sh600233:11.380,11.300,11.380,11.190,14874206;
sh600252:3.510,3.640,3.670,3.470,96140831;
sh600256:2.570,2.560,2.580,2.550,17881311;
sh600258:14.330,14.480,14.430,14.150,10666864;
sh600260:14.640,14.900,15.060,14.530,73722825;
sh600261:3.640,3.600,3.650,3.570,8035846;
sh600269:3.570,3.540,3.570,3.520,7001454;
sh600271:19.300,19.840,19.450,19.210,23663912;
sh600276:97.000,95.300,97.020,94.250,18320323;
sh600284:6.800,6.830,6.850,6.800,8720100;
sh601658:5.200,5.190,5.230,5.180,12924296;
sh600969:6.470,6.280,6.470,6.230,5783268;
sh600297:3.520,3.490,3.560,3.450,23670117;
sh600298:36.500,36.400,36.600,36.120,6100111;
sh600299:12.720,12.210,12.760,12.210,18312318;
sh600305:19.180,18.990,19.440,18.800,17607312;
sh600309:43.800,42.950,43.800,42.510,17915440;
sh600312:9.730,9.510,9.740,9.170,86218164;
sh600315:25.480,25.270,25.480,25.010,2726048;
sh600316:13.460,13.450,13.700,13.360,9910173;
sh600320:3.250,3.220,3.250,3.210,4406900;
sh600325:6.610,6.460,6.640,6.430,23144417;
sh600332:31.510,31.000,31.650,30.800,8731017;
sh600340:21.310,21.090,21.400,20.960,6548071;
sh600343:8.400,8.400,8.420,8.280,5977800;
sh600345:20.950,20.810,20.950,20.580,2925657;
sh600350:4.360,4.350,4.370,4.250,13990225;
sh600352:11.940,11.780,11.940,11.720,30150960;
sh600361:4.020,3.970,4.020,3.930,10928790;
sh600362:13.020,12.890,13.020,12.800,11044600;
sh600369:4.540,4.490,4.550,4.470,17565771;
sh600372:13.560,13.490,13.640,13.400,7000945;
sh600376:6.640,6.570,6.660,6.540,5411336;
sh600377:10.050,10.090,10.110,10.000,3035927;
sh600380:12.600,12.730,12.910,12.550,19334413;
sh600383:13.400,13.270,13.620,13.150,21322090;
sh600388:9.050,8.920,9.050,8.840,6876276;
sh600390:7.250,7.200,7.270,7.150,8548760;
sh600391:18.400,18.820,18.840,18.290,17020664;
sh600406:21.480,21.010,21.510,20.780,21731226;
sh600410:12.230,13.090,12.770,12.170,113210383;
sh600418:4.830,4.920,4.850,4.760,12690624;
sh600420:10.560,10.450,10.660,10.330,19096167;
sh600422:10.300,10.810,10.390,10.210,30880628;
sh600428:3.250,3.220,3.300,3.200,10910417;
sh600435:7.800,7.830,7.960,7.750,20610041;
sh600436:134.510,132.660,134.990,131.600,3750549;
sh600439:2.770,2.740,2.770,2.730,5233978;
sh600446:17.630,17.450,17.650,17.250,9848644;
sh600452:19.820,19.250,19.830,19.200,5463526;
sh600460:14.700,14.580,14.730,14.360,21882377;
sh600477:4.060,4.050,4.090,3.990,17147163;
sh600482:16.700,16.730,16.750,16.580,3299822;
sh600483:7.960,7.910,7.980,7.880,3914301;
sh600486:75.050,74.530,75.470,73.650,2125895;
sh600487:17.100,17.750,17.580,16.980,73132087;
sh600489:8.640,8.580,8.700,8.490,27671270;
sh600496:3.740,3.790,3.790,3.700,25968343;
sh600497:3.560,3.510,3.560,3.480,23817538;
sh600498:32.700,32.310,32.700,31.650,26747501;
sh600500:5.170,5.050,5.180,5.040,16505142;
sh600507:5.420,5.380,5.430,5.310,11141421;
sh600511:35.780,34.580,36.310,34.030,26023928;
sh600516:9.060,9.000,9.060,8.950,26018927;
sh600519:1221.020,1200.000,1223.990,1193.000,2922422;
sh600522:11.210,11.670,11.590,11.080,152838415;
sh600529:35.100,34.750,35.340,34.260,3053200;
sh600535:14.600,14.420,14.610,14.300,8384264;
sh600536:73.880,82.830,80.000,73.760,37408282;
sh600545:5.350,5.170,5.350,5.080,8984299;
sh600547:35.960,36.170,36.440,35.670,23606938;
sh600548:9.200,9.180,9.250,9.070,3673929;
sh600557:15.950,15.780,16.200,15.630,18250758;
sh600563:49.200,48.900,49.370,48.160,1709849;
sh600565:2.790,2.790,2.790,2.750,13083813;
sh600566:22.850,22.570,22.850,22.400,6061499;
sh600570:96.480,95.650,96.860,94.650,8538760;
sh600571:9.530,9.590,9.650,9.390,9514835;
sh600572:5.470,5.440,5.520,5.370,33759387;
sh600577:3.090,3.060,3.140,3.020,43232838;
sh600578:2.840,2.840,2.850,2.820,5300995;
sh600580:10.950,10.690,10.950,10.540,17516862;
sh600582:2.940,2.920,2.940,2.900,13784479;
sh600583:5.210,5.210,5.300,5.150,23274298;
sh600584:22.550,22.470,22.750,22.080,49398519;
sh600585:59.000,59.150,59.840,58.050,21053894;
sh600588:45.070,45.900,46.330,44.800,16742572;
sh600590:6.060,6.180,6.100,6.010,14426980;
sh600597:12.150,12.240,12.300,11.960,22561402;
sh600598:15.590,15.800,15.590,15.200,48481293;
sh600600:46.670,45.670,46.850,45.300,4125287;
sh600606:5.450,5.400,5.490,5.370,29417920;
sh600611:3.690,3.660,3.690,3.620,4849156;
sh600612:39.290,38.980,39.450,38.580,1204323;
sh600616:4.650,4.630,4.650,4.580,2902282;
sh600618:7.560,7.590,7.610,7.480,3713716;
sh600619:8.160,8.140,8.220,8.100,1412364;
sh600622:3.710,3.610,3.710,3.580,12412223;
sh600633:9.250,9.580,9.580,9.160,24550014;
sh600635:4.160,4.100,4.170,4.060,14705276;
sh600637:9.130,9.110,9.170,9.020,7269243;
sh600642:5.320,5.300,5.350,5.260,5958256;
sh600643:7.830,7.710,7.840,7.660,13223378;
sh600648:14.480,14.300,14.480,14.210,2639909;
sh600650:8.880,8.810,8.930,8.730,1827788;
sh600655:7.220,7.340,7.280,7.210,7079910;
sh600657:3.720,3.670,3.740,3.630,11645033;
sh600658:4.420,4.450,4.590,4.390,4635050;
sh600660:19.190,18.920,19.200,18.800,13050597;
600663,sh600663:11.040,10.850,11.040,10.810,2579759;
600667,sh600667:10.650,10.510,10.670,10.310,44194421;
600674,sh600674:8.730,8.640,8.760,8.620,6988409;
600685,sh600685:14.650,14.950,14.890,14.470,21464056;
600686,sh600686:6.170,6.160,6.180,6.080,2427118;
600688,sh600688:4.210,4.250,4.390,4.170,46408602;
600690,sh600690:14.870,14.710,14.900,14.600,29120036;
600699,sh600699:20.400,20.020,20.420,19.620,30678881;
600702,sh600702:23.350,23.240,23.520,23.040,5017318;
600703,sh600703:20.940,20.400,20.950,20.070,84317869;
600704,sh600704:4.690,4.650,4.700,4.620,14584916;
600705,sh600705:3.940,3.910,3.940,3.880,17676175;
600713,sh600713:4.590,4.550,4.600,4.510,8229570;
600717,sh600717:5.370,5.350,5.400,5.340,4143307;
600718,sh600718:11.700,11.710,11.870,11.580,10929809;
600720,sh600720:15.000,15.620,15.940,14.960,68349833;
600723,sh600723:5.390,5.510,5.520,5.350,12228317;
600728,sh600728:9.860,9.890,9.960,9.750,53809980;
600729,sh600729:27.250,27.240,27.270,27.190,3656435;
600733,sh600733:5.490,5.490,5.570,5.400,15906903;
600741,sh600741:20.600,20.150,20.600,20.030,13349071;
600743,sh600743:2.180,2.170,2.190,2.160,6930746;
600745,sh600745:97.910,97.000,97.930,94.460,14261950;
600749,sh600749:8.410,8.470,8.420,8.240,2477887;
600750,sh600750:11.960,12.010,12.060,11.910,3831587;
600754,sh600754:26.560,25.840,26.560,25.330,3250810;
600760,sh600760:31.050,31.380,31.650,31.030,13236357;
600761,sh600761:9.590,9.440,9.590,9.350,6178835;
600763,sh600763:116.330,114.490,116.330,113.250,2587429;
600765,sh600765:8.810,8.840,8.890,8.780,6403201;
600775,sh600775:8.470,8.380,8.470,8.230,8327142;
600776,sh600776:17.430,17.280,17.480,17.100,7301965;
600779,sh600779:45.560,44.040,45.980,43.580,4999226;
600787,sh600787:4.380,4.420,4.490,4.370,10458922;
600789,sh600789:10.260,10.350,10.440,10.150,46186861;
600790,sh600790:3.120,3.100,3.120,3.100,3685520;
600794,sh600794:3.450,3.370,3.620,3.370,45432018;
600795,sh600795:2.030,2.010,2.030,2.000,74362959;
600797,sh600797:9.200,9.470,9.560,9.100,53280700;
600798,sh600798:3.210,3.200,3.300,3.180,17386076;
600801,sh600801:26.610,26.630,27.080,26.090,22085057;
600803,sh600803:9.310,9.260,9.310,9.140,7454650;
600804,sh600804:6.480,7.220,7.220,6.450,198383639;
600805,sh600805:4.420,4.380,4.420,4.350,2895544;
600809,sh600809:97.340,96.680,97.900,95.760,2362523;
600812,sh600812:10.510,10.510,10.510,10.510,23580097;
600814,sh600814:5.000,4.940,5.000,4.910,4381212;
600816,600820,sh600820:5.720,5.720,5.730,5.630,13222802;
600823,sh600823:4.190,4.130,4.190,4.100,5805080;
600826,sh600826:10.360,10.190,10.360,10.090,1529999;
600827,sh600827:7.680,7.580,7.700,7.500,7275085;
600835,sh600835:14.810,14.990,15.150,14.800,6536387;
600837,sh600837:13.030,12.920,13.050,12.860,43097889;
600839,sh600839:2.750,2.720,2.760,2.710,36648669;
600845,sh600845:48.100,48.420,48.800,47.360,7566993;
600848,sh600848:19.790,19.680,20.150,19.630,6089104;
600850,sh600850:22.890,23.400,23.600,22.770,5946748;
600859,sh600859:12.150,12.200,12.200,12.090,2836401;
600872,sh600872:45.300,45.330,45.600,44.760,3965945;
600873,sh600873:4.360,4.380,4.420,4.340,20896272;
600875,sh600875:9.020,8.830,9.040,8.780,10407793;
600884,sh600884:10.990,11.060,10.990,10.770,9907401;
600886,sh600886:7.530,7.460,7.540,7.410,15884097;
600887,sh600887:30.500,30.030,30.500,29.690,60355286;
603551,sh603551:16.850,16.580,16.950,16.480,2867753;
600893,sh600893:23.440,24.000,23.700,23.290,17170232;
600895,sh600895:12.720,12.660,12.740,12.400,11902711;
600897,sh600897:17.590,17.440,17.590,17.340,994150;
600900,sh600900:16.970,17.090,17.040,16.960,11237909;
600958,sh600958:9.370,9.230,9.400,9.190,16912097;
600967,sh600967:9.450,9.490,9.510,9.400,7034570;
600970,sh600970:6.050,6.090,6.080,5.980,17411342;
600975,sh600975:8.960,8.770,8.960,8.670,21851710;
600987,sh600987:5.500,5.480,5.520,5.430,2387141;
600993,sh600993:15.880,15.840,15.960,15.750,2523394;
600995,sh600995:8.000,7.960,8.160,7.880,9170340;
600998,sh600998:17.600,18.340,17.710,17.280,13894426;
600999,sh600999:17.920,18.110,18.130,17.770,12119540;
601003,sh601003:5.000,4.980,5.030,4.960,6648701;
601006,sh601006:6.800,6.740,6.820,6.740,16358837;
601007,sh601007:8.100,8.110,8.140,8.080,1293036;
601009,sh601009:7.450,7.420,7.480,7.400,17228088;
601010,sh601010:3.100,3.100,3.120,3.070,4961720;
601012,sh601012:27.500,27.700,27.500,26.910,58169544;
601018,sh601018:3.440,3.420,3.500,3.410,18875051;
601021,sh601021:34.540,33.270,34.540,33.060,6767532;
601038,sh601038:6.060,6.280,6.470,6.000,19441319;
601088,sh601088:15.800,15.370,15.850,15.220,43775350;
601099,sh601099:3.300,3.260,3.310,3.240,68615127;
601107,sh601107:3.790,3.750,3.820,3.690,28763229;
601111,sh601111:6.830,6.720,6.830,6.660,36106665;
601116,sh601116:12.960,12.800,12.980,12.670,4529468;
601117,sh601117:6.110,6.090,6.130,6.020,23498533;
601137,sh601137:11.600,11.780,11.720,11.510,4059355;
601139,sh601139:7.440,7.210,7.440,7.170,9529381;
601158,sh601158:5.300,5.300,5.320,5.270,2778844;
601166,sh601166:15.890,15.800,15.990,15.770,41148011;
601169,sh601169:4.740,4.720,4.750,4.710,38757950;
601186,sh601186:9.970,10.050,10.140,9.870,101722137;
601198,sh601198:10.930,10.740,10.970,10.700,13971901;
601211,sh601211:16.770,16.690,16.830,16.590,19440512;
601216,sh601216:2.570,2.560,2.580,2.530,16146313;
601231,sh601231:17.380,17.220,17.430,16.920,15103190;
601238,sh601238:10.040,9.810,10.040,9.740,14474584;
601288,sh601288:3.410,3.410,3.420,3.400,103995997;
601360,sh601360:19.950,20.500,20.600,19.710,42684055;
601318,sh601318:73.050,72.370,73.480,71.510,56898431;
601328,sh601328:5.160,5.130,5.170,5.130,46648902;
601333,sh601333:2.370,2.360,2.380,2.350,14041147;
601336,sh601336:43.440,43.300,43.440,42.750,8749453;
601377,sh601377:6.100,6.030,6.110,5.990,37129827;
601390,sh601390:5.890,5.890,5.920,5.810,59370774;
601398,sh601398:5.110,5.080,5.120,5.070,117604888;
601519,sh601519:7.660,7.610,7.670,7.510,25354731;
601555,sh601555:7.880,7.770,7.900,7.730,27307784;
601579,sh601579:7.690,7.770,7.850,7.680,1125379;
601588,sh601588:2.740,2.690,2.740,2.660,10776943;
601600,sh601600:2.890,2.880,2.900,2.870,27181831;
601601,sh601601:29.050,28.670,29.110,28.470,18318055;
601607,sh601607:19.650,20.100,19.800,19.450,43822110;
601618,sh601618:2.590,2.590,2.600,2.560,31038439;
601628,sh601628:28.150,27.820,28.150,27.660,11840116;
601633,sh601633:8.090,7.970,8.090,7.910,9843887;
601636,sh601636:5.150,5.080,5.150,5.010,23089955;
601668,sh601668:5.230,5.200,5.270,5.170,125636674;
601669,sh601669:3.690,3.690,3.710,3.660,69256171;
601688,sh601688:18.110,17.850,18.190,17.800,47351623;
601717,sh601717:5.450,5.340,5.450,5.280,18079644;
601718,sh601718:3.920,3.900,4.020,3.850,63638505;
601766,sh601766:6.300,6.220,6.300,6.190,43735289;
601788,sh601788:11.190,10.980,11.190,10.920,16106205;
601800,sh601800:8.260,8.290,8.320,8.120,67432942;
601801,sh601801:4.840,4.790,4.850,4.750,2643717;
601808,sh601808:12.060,12.270,12.610,12.060,20055369;
601857,sh601857:4.520,4.510,4.530,4.500,109960957;
601872,sh601872:7.240,7.110,7.440,6.900,130584546;
601877,sh601877:24.980,24.760,24.980,24.460,4957609;
sh600663:11.040,10.850,11.040,10.810,2579759;
sh600667:10.650,10.510,10.670,10.310,44194421;
sh600674:8.730,8.640,8.760,8.620,6988409;
sh600685:14.650,14.950,14.890,14.470,21464056;
sh600686:6.170,6.160,6.180,6.080,2427118;
sh600688:4.210,4.250,4.390,4.170,46408602;
sh600690:14.870,14.710,14.900,14.600,29120036;
sh600699:20.400,20.020,20.420,19.620,30678881;
sh600702:23.350,23.240,23.520,23.040,5017318;
sh600703:20.940,20.400,20.950,20.070,84317869;
sh600704:4.690,4.650,4.700,4.620,14584916;
sh600705:3.940,3.910,3.940,3.880,17676175;
sh600713:4.590,4.550,4.600,4.510,8229570;
sh600717:5.370,5.350,5.400,5.340,4143307;
sh600718:11.700,11.710,11.870,11.580,10929809;
sh600720:15.000,15.620,15.940,14.960,68349833;
sh600723:5.390,5.510,5.520,5.350,12228317;
sh600728:9.860,9.890,9.960,9.750,53809980;
sh600729:27.250,27.240,27.270,27.190,3656435;
sh600733:5.490,5.490,5.570,5.400,15906903;
sh600741:20.600,20.150,20.600,20.030,13349071;
sh600743:2.180,2.170,2.190,2.160,6930746;
sh600745:97.910,97.000,97.930,94.460,14261950;
sh600749:8.410,8.470,8.420,8.240,2477887;
sh600750:11.960,12.010,12.060,11.910,3831587;
sh600754:26.560,25.840,26.560,25.330,3250810;
sh600760:31.050,31.380,31.650,31.030,13236357;
sh600761:9.590,9.440,9.590,9.350,6178835;
sh600763:116.330,114.490,116.330,113.250,2587429;
sh600765:8.810,8.840,8.890,8.780,6403201;
sh600775:8.470,8.380,8.470,8.230,8327142;
sh600776:17.430,17.280,17.480,17.100,7301965;
sh600779:45.560,44.040,45.980,43.580,4999226;
sh600787:4.380,4.420,4.490,4.370,10458922;
sh600789:10.260,10.350,10.440,10.150,46186861;
sh600790:3.120,3.100,3.120,3.100,3685520;
sh600794:3.450,3.370,3.620,3.370,45432018;
sh600795:2.030,2.010,2.030,2.000,74362959;
sh600797:9.200,9.470,9.560,9.100,53280700;
sh600798:3.210,3.200,3.300,3.180,17386076;
sh600801:26.610,26.630,27.080,26.090,22085057;
sh600803:9.310,9.260,9.310,9.140,7454650;
sh600804:6.480,7.220,7.220,6.450,198383639;
sh600805:4.420,4.380,4.420,4.350,2895544;
sh600809:97.340,96.680,97.900,95.760,2362523;
sh600812:10.510,10.510,10.510,10.510,23580097;
sh600814:5.000,4.940,5.000,4.910,4381212;
sh600820:5.720,5.720,5.730,5.630,13222802;
sh600823:4.190,4.130,4.190,4.100,5805080;
sh600826:10.360,10.190,10.360,10.090,1529999;
sh600827:7.680,7.580,7.700,7.500,7275085;
sh600835:14.810,14.990,15.150,14.800,6536387;
sh600837:13.030,12.920,13.050,12.860,43097889;
sh600839:2.750,2.720,2.760,2.710,36648669;
sh600845:48.100,48.420,48.800,47.360,7566993;
sh600848:19.790,19.680,20.150,19.630,6089104;
sh600850:22.890,23.400,23.600,22.770,5946748;
sh600859:12.150,12.200,12.200,12.090,2836401;
sh600872:45.300,45.330,45.600,44.760,3965945;
sh600873:4.360,4.380,4.420,4.340,20896272;
sh600875:9.020,8.830,9.040,8.780,10407793;
sh600884:10.990,11.060,10.990,10.770,9907401;
sh600886:7.530,7.460,7.540,7.410,15884097;
sh600887:30.500,30.030,30.500,29.690,60355286;
sh603551:16.850,16.580,16.950,16.480,2867753;
sh600893:23.440,24.000,23.700,23.290,17170232;
sh600895:12.720,12.660,12.740,12.400,11902711;
sh600897:17.590,17.440,17.590,17.340,994150;
sh600900:16.970,17.090,17.040,16.960,11237909;
sh600958:9.370,9.230,9.400,9.190,16912097;
sh600967:9.450,9.490,9.510,9.400,7034570;
sh600970:6.050,6.090,6.080,5.980,17411342;
sh600975:8.960,8.770,8.960,8.670,21851710;
sh600987:5.500,5.480,5.520,5.430,2387141;
sh600993:15.880,15.840,15.960,15.750,2523394;
sh600995:8.000,7.960,8.160,7.880,9170340;
sh600998:17.600,18.340,17.710,17.280,13894426;
sh600999:17.920,18.110,18.130,17.770,12119540;
sh601003:5.000,4.980,5.030,4.960,6648701;
sh601006:6.800,6.740,6.820,6.740,16358837;
sh601007:8.100,8.110,8.140,8.080,1293036;
sh601009:7.450,7.420,7.480,7.400,17228088;
sh601010:3.100,3.100,3.120,3.070,4961720;
sh601012:27.500,27.700,27.500,26.910,58169544;
sh601018:3.440,3.420,3.500,3.410,18875051;
sh601021:34.540,33.270,34.540,33.060,6767532;
sh601038:6.060,6.280,6.470,6.000,19441319;
sh601088:15.800,15.370,15.850,15.220,43775350;
sh601099:3.300,3.260,3.310,3.240,68615127;
sh601107:3.790,3.750,3.820,3.690,28763229;
sh601111:6.830,6.720,6.830,6.660,36106665;
sh601116:12.960,12.800,12.980,12.670,4529468;
sh601117:6.110,6.090,6.130,6.020,23498533;
sh601137:11.600,11.780,11.720,11.510,4059355;
sh601139:7.440,7.210,7.440,7.170,9529381;
sh601158:5.300,5.300,5.320,5.270,2778844;
sh601166:15.890,15.800,15.990,15.770,41148011;
sh601169:4.740,4.720,4.750,4.710,38757950;
sh601186:9.970,10.050,10.140,9.870,101722137;
sh601198:10.930,10.740,10.970,10.700,13971901;
sh601211:16.770,16.690,16.830,16.590,19440512;
sh601216:2.570,2.560,2.580,2.530,16146313;
sh601231:17.380,17.220,17.430,16.920,15103190;
sh601238:10.040,9.810,10.040,9.740,14474584;
sh601288:3.410,3.410,3.420,3.400,103995997;
sh601360:19.950,20.500,20.600,19.710,42684055;
sh601318:73.050,72.370,73.480,71.510,56898431;
sh601328:5.160,5.130,5.170,5.130,46648902;
sh601333:2.370,2.360,2.380,2.350,14041147;
sh601336:43.440,43.300,43.440,42.750,8749453;
sh601377:6.100,6.030,6.110,5.990,37129827;
sh601390:5.890,5.890,5.920,5.810,59370774;
sh601398:5.110,5.080,5.120,5.070,117604888;
sh601519:7.660,7.610,7.670,7.510,25354731;
sh601555:7.880,7.770,7.900,7.730,27307784;
sh601579:7.690,7.770,7.850,7.680,1125379;
sh601588:2.740,2.690,2.740,2.660,10776943;
sh601600:2.890,2.880,2.900,2.870,27181831;
sh601601:29.050,28.670,29.110,28.470,18318055;
sh601607:19.650,20.100,19.800,19.450,43822110;
sh601618:2.590,2.590,2.600,2.560,31038439;
sh601628:28.150,27.820,28.150,27.660,11840116;
sh601633:8.090,7.970,8.090,7.910,9843887;
sh601636:5.150,5.080,5.150,5.010,23089955;
sh601668:5.230,5.200,5.270,5.170,125636674;
sh601669:3.690,3.690,3.710,3.660,69256171;
sh601688:18.110,17.850,18.190,17.800,47351623;
sh601717:5.450,5.340,5.450,5.280,18079644;
sh601718:3.920,3.900,4.020,3.850,63638505;
sh601766:6.300,6.220,6.300,6.190,43735289;
sh601788:11.190,10.980,11.190,10.920,16106205;
sh601800:8.260,8.290,8.320,8.120,67432942;
sh601801:4.840,4.790,4.850,4.750,2643717;
sh601808:12.060,12.270,12.610,12.060,20055369;
sh601857:4.520,4.510,4.530,4.500,109960957;
sh601872:7.240,7.110,7.440,6.900,130584546;
sh601877:24.980,24.760,24.980,24.460,4957609;
sh601880:1.720,1.730,1.730,1.710,13302232;
sh601888:82.990,82.220,82.990,80.850,9410607;
sh601890:5.600,5.770,5.720,5.590,33577348;
sh601899:4.120,4.090,4.160,4.030,159913476;
sh601901:7.240,7.210,7.280,7.130,39110403;
sh601919:3.760,3.760,3.830,3.740,37089882;
sh601928:6.540,6.480,6.540,6.440,3974781;
sh601933:10.490,10.450,10.490,10.340,33955857;
sh601939:6.320,6.250,6.320,6.230,48393684;
sh601965:8.780,8.540,8.790,8.500,5576473;
sh601985:4.480,4.490,4.500,4.430,22862281;
sh601988:3.540,3.560,3.550,3.530,58982165;
sh601989:4.210,4.220,4.230,4.180,56125883;
sh601991:2.130,2.120,2.140,2.090,11128127;
sh601992:3.320,3.280,3.330,3.260,39316644;
sh601998:5.100,5.080,5.110,5.070,13292455;
sh603000:20.880,21.120,21.320,20.610,29317316;
sh603005:84.400,82.790,84.800,81.180,10752351;
sh603008:11.850,11.690,11.850,11.580,3826371;
sh603011:5.250,5.400,5.310,5.220,8109296;
sh603019:47.360,48.160,48.280,46.680,31816047;
sh603026:28.690,27.820,28.690,27.600,5719008;
sh603066:9.090,9.680,9.100,8.940,11177578;
sh603100:8.640,8.720,8.750,8.560,1982605;
sh603118:12.870,12.800,12.950,12.630,16225203;
sh603128:5.590,5.500,5.600,5.450,14240373;
sh603169:4.490,4.500,4.540,4.460,5122895;
sh603198:16.350,16.370,16.350,16.050,3909716;
sh603199:20.740,20.690,20.830,20.430,652829;
sh603288:124.350,124.990,125.660,124.350,2365029;
sh603306:13.270,13.200,13.270,13.050,998337;
sh603328:10.400,10.570,10.450,10.300,10287477;
sh603338:67.540,67.240,67.870,66.000,1117360;
sh603355:21.350,21.000,21.500,20.510,845893;
sh603368:33.280,33.000,33.480,32.670,2356879;
sh603369:29.550,28.670,29.700,28.360,8048886;
sh603398:8.730,8.720,8.760,8.620,1656128;
sh603589:41.500,39.770,41.500,39.360,7274175;
sh603598:12.170,13.300,13.300,12.170,9396495;
sh603599:16.240,15.990,16.360,15.720,7222617;
sh603606:14.270,14.480,14.550,14.150,19575529;
sh603636:13.200,13.250,13.400,12.910,25802880;
sh603678:24.680,24.610,24.700,24.140,6619159;
sh603686:17.500,17.930,17.820,17.160,17321016;
sh603696:9.090,9.550,9.330,9.060,8426911;
sh603698:11.310,11.230,11.350,11.140,2227740;
sh603699:12.680,12.340,12.680,12.250,1555300;
sh603718:16.450,15.980,16.460,15.880,3499850;
sh603766:3.400,3.410,3.410,3.380,7758779;
sh603799:33.540,32.820,33.750,32.370,32594342;
sh603806:46.010,46.890,46.930,44.550,1630572;
sh603866:51.000,51.700,51.800,50.780,2626136;
sh603883:83.000,82.200,83.450,81.000,1934542;
sh603885:9.650,9.430,9.650,9.310,13687709;
sh603889:4.920,4.970,4.980,4.900,1567357;
sh603898:14.010,14.330,14.330,14.010,873784;
sh603899:51.210,51.390,52.440,50.470,4714182;
sh603939:101.000,98.470,101.440,97.500,2373393;
sh603993:3.510,3.460,3.520,3.450,97790895;
sh603225:10.700,10.590,10.890,10.470,3645311;
sh603195:152.000,147.630,152.590,146.200,1611628;
sh601816:6.230,6.180,6.240,6.150,58648571;
sh600673:7.400,7.330,7.400,7.280,13795020;
sh601916:4.050,4.030,4.050,4.020,21682044;
sh603027:28.290,29.450,29.290,27.920,8072921;
sh603520:69.580,70.400,69.950,67.700,1440174;
sh603868:36.690,36.210,36.700,35.990,774354;
sh603737:105.490,107.480,108.880,105.000,1534096;
sh601611:6.210,6.180,6.210,6.130,6105501;
sh601127:8.690,8.260,8.690,8.190,3423979;
sh601966:21.440,21.340,21.450,20.900,4936441;
sh603322:18.200,18.630,18.660,18.030,3131523;
sh600919:5.890,5.850,5.900,5.830,25453546;
sh601811:11.250,10.980,11.280,10.870,1628488;
sh600977:12.440,12.390,12.450,12.200,6893364;
sh603986:261.940,257.020,263.500,249.200,8795597;
sh603658:130.700,128.010,132.750,124.500,2093958;
sh603189:22.450,22.850,22.780,22.170,6480965;
sh600908:4.980,5.030,5.010,4.970,7437380;
sh603421:15.180,15.410,15.290,15.090,2282445;
sh603777:12.680,13.930,13.200,12.550,13307280;
sh603816:38.780,39.200,39.200,38.410,1430150;
sh603160:260.310,254.210,260.350,250.680,4551138;
sh603258:36.340,36.460,37.500,35.390,7265577;
sh603290:118.140,114.200,118.280,110.280,4498108;
sh601229:8.230,8.150,8.250,8.120,15611322;
sh603858:21.150,21.340,21.400,21.050,7354977;
sh603727:15.360,16.120,15.800,15.220,3949518;
sh603900:7.360,7.420,7.420,7.320,1246620;
sh600909:7.450,7.230,7.470,7.150,65119566;
sh603990:55.120,54.270,55.290,52.800,1514353;
sh603708:31.220,32.250,32.280,31.220,3255542;
sh603416:37.000,36.480,37.320,35.660,1394070;
sh600996:7.820,7.820,7.820,7.700,5022771;
sh603298:12.340,12.320,12.340,12.100,2626600;
sh603218:19.350,19.790,19.810,19.140,4372933;
sh603929:14.100,13.870,14.100,13.650,1697400;
sh603186:53.700,53.300,53.760,52.050,2393204;
sh603444:374.880,376.000,377.660,370.050,1130186;
sh603228:45.850,45.820,46.370,45.140,3034269;
sh603690:32.800,32.910,32.980,32.260,4198840;
sh603039:82.170,81.580,83.440,80.500,519075;
sh603337:16.180,16.160,16.180,15.710,1878581;
sh601881:9.680,9.520,9.700,9.460,30890078;
sh603881:55.340,59.140,61.500,55.340,16480060;
sh603208:95.900,102.000,100.860,95.420,1170002;
sh600939:4.000,4.000,4.000,3.890,6383200;
sh603501:178.790,171.770,178.790,169.200,5054754;
sh603517:49.740,49.790,49.740,48.220,3251896;
sh603960:29.300,30.390,30.330,29.140,2639651;
sh603630:12.850,12.790,12.900,12.740,2789705;
sh603138:19.630,20.830,21.500,19.530,11058258;
sh603803:12.960,13.260,13.100,12.850,6644619;
sh603232:39.450,40.940,41.890,39.100,3771481;
sh603920:21.900,21.600,21.900,21.210,7935625;
sh603078:36.360,35.970,36.360,35.200,1705308;
sh601200:12.150,12.500,12.530,12.120,19349892;
sh603303:8.910,8.820,8.910,8.740,1949380;
sh603833:109.140,107.720,109.480,106.900,1051939;
sh601228:3.170,3.170,3.200,3.160,4681700;
sh603345:97.480,96.510,97.480,93.000,4124486;
sh601952:10.090,10.110,10.090,10.040,43477835;
sh603383:60.970,61.640,61.560,59.950,1359256;
sh603496:20.940,22.300,22.420,20.850,7194492;
sh603226:17.880,17.550,17.880,17.420,2215215;
sh603980:7.110,7.200,7.240,7.080,3931140;
sh601878:10.060,9.840,10.070,9.760,36340435;
sh603043:28.700,28.410,28.780,28.160,2993963;
sh603801:23.160,23.800,24.180,23.160,4538084;
sh603387:38.370,38.710,39.310,36.500,14042872;
sh603707:54.680,54.700,55.310,53.700,1773637;
sh603825:23.750,24.000,24.450,23.320,6333875;
sh603978:21.100,20.660,21.100,20.510,1522200;
sh603602:23.200,23.510,23.680,23.000,4923805;
sh601326:2.710,2.700,2.720,2.670,6778522;
sh603129:38.230,37.020,38.360,36.140,1706934;
sh601949:5.390,5.380,5.410,5.340,5586893;
sh603127:97.200,93.100,97.200,92.190,4043000;
sh603183:12.000,13.310,13.100,11.690,51464329;
sh603882:69.560,66.950,69.560,66.290,4208014;
sh603277:8.860,9.050,8.910,8.810,1783537;
sh603386:14.810,14.630,14.960,14.600,2906454;
sh603648:8.430,8.360,8.580,8.320,2540300;
sh603321:9.110,10.180,10.180,10.000,18291656;
sh603106:7.380,7.500,7.650,7.260,8448698;
sh603533:31.500,34.140,32.900,30.160,17234528;
sh603363:19.520,20.090,20.000,19.420,13408548;
sh603466:14.690,14.730,14.880,14.480,4998643;
sh601108:9.740,9.630,9.770,9.500,42880166;
sh603607:19.990,20.000,20.270,19.900,1023280;
sh603260:23.680,23.260,23.680,23.100,2045590;
sh603289:8.040,7.990,8.040,7.880,1324080;
sh603912:20.130,22.320,22.320,19.980,20169016;
sh603856:12.040,12.240,12.370,11.820,12195630;
sh600903:10.990,10.730,10.990,10.710,5189262;
sh603083:38.030,38.850,40.150,37.770,7430979;
sh603605:130.000,129.500,130.770,126.370,1261179;
sh603619:13.330,13.730,14.090,13.330,10544999;
sh603365:13.740,13.630,13.780,13.510,1926200;
sh603711:27.860,27.600,28.230,27.380,1532481;
sh603848:12.170,12.130,12.200,12.020,1051302;
sh600025:3.530,3.500,3.540,3.480,21955571;
sh603283:38.950,37.700,38.990,36.900,3416596;
sh603329:10.700,10.830,10.840,10.640,2033239;
sh603080:12.530,12.640,12.760,12.500,962540;
sh601155:31.200,30.300,31.250,30.100,13252705;
sh603180:62.500,62.260,63.290,61.320,776716;
sh603056:10.010,9.900,10.010,9.800,3694800;
sh601828:9.660,9.570,9.680,9.470,4576800;
sh601838:7.530,7.480,7.550,7.450,12068599;
sh603156:26.100,25.700,26.120,25.690,2835371;
sh600901:5.160,5.090,5.160,5.060,9756726;
sh603214:38.000,38.620,38.510,37.620,1295013;
sh603259:104.860,103.490,104.860,101.780,9019889;
sh603486:19.900,19.610,19.900,19.420,1993380;
sh601138:14.300,14.160,14.360,13.950,54749632;
sh601330:9.700,9.600,9.750,9.520,7941300;
sh601066:34.730,34.400,34.970,34.060,49626838;
sh601869:32.400,32.920,33.070,32.350,3043368;
sh601577:7.780,7.760,7.800,7.730,9642316;
sh601162:5.520,5.410,5.540,5.370,137876358;
sh603220:19.780,19.900,20.050,19.580,4696262;
sh601319:6.370,6.310,6.380,6.260,38558954;
sh603187:26.160,27.030,27.560,26.080,6753481;
sh601860:4.230,4.280,4.290,4.220,26346685;
sh603121:16.810,16.690,16.860,16.410,3718989;
sh603739:21.730,21.460,21.770,21.370,1193824;
sh601598:3.370,3.360,3.400,3.340,13301712;
sh600928:5.530,5.570,5.580,5.500,12404528;
sh603068:76.680,76.270,76.680,74.650,2214720;
sh600968:2.360,2.330,2.360,2.310,33936959;
sh601698:19.000,19.080,19.570,18.600,95337822;
sh603236:176.100,177.000,176.460,172.100,971106;
sh603983:72.500,73.750,73.480,72.000,2200714;
sh603613:121.510,117.590,121.600,114.660,1754780;
sh603267:49.760,51.050,50.360,49.260,3721042;
sh603093:22.440,22.270,22.480,21.810,4447100;
sh603927:60.080,63.620,63.480,59.800,5129479;
sz000006:4.630,4.630,4.640,4.550,8238381;
sz000007:8.050,8.020,8.050,7.800,7663416;
sz000008:3.180,3.140,3.190,3.120,21244701;
sz000009:6.450,6.300,6.450,6.200,52666161;
sz000011:8.790,8.990,9.030,8.710,5338282;
sz000017:3.800,4.020,3.880,3.730,26979432;
sz000023:19.490,19.050,19.580,18.600,4953773;
sz000025:18.420,18.470,18.490,18.240,3352078;
sz000028:42.550,42.010,42.880,41.710,2413211;
sz000036:3.490,3.490,3.500,3.470,6483858;
sz000038:9.350,9.460,9.550,9.200,6125840;
sz000045:6.900,6.830,6.900,6.740,2915800;
sz000050:13.460,13.310,13.460,13.180,13381619;
sz000055:4.660,4.630,4.750,4.520,52792053;
sz000058:6.910,6.860,7.150,6.790,23075539;
sz000059:4.960,4.990,5.050,4.910,18465640;
sz000061:6.760,6.890,6.820,6.620,40772400;
sz000068:3.180,3.210,3.220,3.100,10536501;
sz000078:4.760,4.740,4.820,4.710,44634684;
sz000150:4.750,4.740,4.850,4.730,11882481;
sz000151:8.100,8.100,8.160,8.040,2806940;
sz000155:3.960,3.940,3.960,3.900,6272399;
sz000301:5.000,4.960,5.000,4.900,5237907;
sz000402:6.830,6.750,6.830,6.710,4996336;
sz000415:2.870,2.830,2.870,2.810,18932476;
sz000416:4.500,4.430,4.500,4.410,4127301;
sz000421:4.180,4.300,4.190,4.150,4437555;
sz000430:4.810,4.840,4.900,4.760,3355800;
sz000498:5.400,5.560,5.410,5.320,23143319;
sz000501:11.070,11.090,11.180,10.950,11901263;
sz000503:12.670,12.490,12.670,12.310,7292085;
sz000505:8.030,8.530,8.200,7.900,70766073;
sz000506:2.550,2.590,2.600,2.520,21470061;
sz000507:5.090,5.110,5.170,5.080,7563166;
sz000510:4.120,4.250,4.310,4.110,19014605;
sz000514:4.000,3.970,4.020,3.930,6398200;
sz000517:2.600,2.570,2.620,2.560,7948926;
sz000518:4.890,4.830,4.900,4.800,20920500;
sz000523:6.080,6.140,6.100,5.970,8798660;
sz000525:10.390,10.220,10.400,10.160,19197251;
sz000526:43.960,45.000,44.480,43.580,1286997;
sz000529:7.080,6.980,7.080,6.910,8073521;
sz000530:3.510,3.550,3.580,3.490,7612724;
sz000531:6.980,6.960,7.060,6.910,5000806;
sz000532:10.900,10.630,11.090,10.520,12715103;
sz000533:2.900,2.850,2.910,2.760,17834925;
sz000536:1.700,1.860,1.770,1.690,95965464;
sz000537:6.610,6.560,6.620,6.490,5207840;
sz000540:3.270,3.190,3.280,3.160,34032702;
sz000543:3.930,3.890,3.940,3.870,9036914;
sz000544:6.780,6.740,6.800,6.620,8221648;
sz000548:3.700,3.700,3.710,3.670,2095321;
sz000551:7.280,7.380,7.400,7.240,5514813;
sz000557:2.980,2.960,2.980,2.920,8687139;
sz000565:4.700,4.720,4.700,4.660,2204300;
sz000566:7.800,7.860,7.880,7.700,27944449;
sz000573:2.640,2.620,2.640,2.590,6189964;
sz000576:6.440,6.580,6.490,6.350,9899637;
sz000586:11.100,11.000,11.170,10.780,5894201;
sz000589:3.970,3.970,4.000,3.930,5419065;
sz000590:10.730,10.400,10.730,10.280,3837011;
sz000591:3.350,3.320,3.350,3.290,19209601;
sz000592:2.370,2.340,2.380,2.320,21349320;
sz000593:4.870,4.900,4.870,4.830,2008801;
sz000598:4.800,4.850,4.860,4.780,18725922;
sz000599:4.220,4.230,4.400,4.130,31802477;
sz000607:4.110,4.140,4.110,4.080,2372650;
sz000608:5.160,5.310,5.220,5.150,5184700;
sz000610:8.760,9.070,8.900,8.610,29083050;
sz000612:3.620,3.600,3.630,3.550,5020143;
sz000613:6.290,6.270,6.350,6.200,6453450;
sz000615:4.000,3.890,4.000,3.860,14464950;
sz000616:2.270,2.230,2.270,2.220,5263623;
sz000620:2.850,2.850,2.860,2.820,4223260;
sz000622:4.340,4.390,4.370,4.290,6171903;
sz000623:16.030,15.860,16.040,15.750,8557136;
sz000626:6.690,6.610,6.700,6.540,2340300;
sz000628:8.480,8.520,8.550,8.380,1751300;
sz000629:2.160,2.130,2.180,2.110,30941182;
sz000631:2.910,3.050,3.080,2.910,17151869;
sz000637:4.560,4.540,4.680,4.490,7101717;
sz000639:5.580,5.870,5.600,5.480,54296376;
sz000650:6.700,6.650,6.700,6.580,24571111;
sz000652:9.260,9.240,9.600,9.160,87929106;
sz000655:5.190,5.110,5.210,5.000,12967992;
sz000656:7.800,7.920,7.980,7.690,37665460;
sz000657:5.540,5.580,5.640,5.480,3557093;
sz000659:2.140,2.180,2.160,2.120,7172575;
sz000662:3.990,4.280,4.430,3.980,118088974;
sz000663:4.300,4.190,4.310,4.170,8198510;
sz000665:5.570,5.610,5.610,5.420,14880140;
sz000666:9.200,9.050,9.200,9.030,4602021;
sz000667:2.710,2.730,2.730,2.610,39562119;
sz000668:11.720,11.740,11.790,11.560,919225;
sz000669:2.160,2.150,2.190,2.130,6231608;
sz000672:24.800,25.380,25.700,24.650,27133851;
sz000673:2.760,2.770,2.840,2.730,20272500;
sz000677:3.260,3.250,3.270,3.230,6635415;
sz000680:3.840,3.830,3.880,3.690,76562668;
sz000682:5.010,5.080,5.030,4.930,19212397;
sz000685:7.690,7.630,7.690,7.590,3516240;
sz000686:8.330,8.200,8.340,8.150,19443424;
sz000687:3.990,4.130,3.990,3.780,24609819;
sz000690:5.320,5.320,5.420,5.250,12923463;
sz000691:4.230,4.270,4.290,4.160,3282802;
sz000695:7.300,7.300,7.320,7.180,498400;
sz000697:9.120,9.110,9.290,9.050,4241775;
sz000700:8.710,8.660,8.760,8.540,30249789;
sz000701:4.280,4.270,4.280,4.230,3116879;
sz000702:5.530,5.700,5.580,5.480,16927179;
sz000703:12.010,11.850,12.010,11.680,10461769;
sz000705:7.180,7.040,7.240,6.980,11387301;
sz000710:47.450,46.500,48.210,45.920,5932987;
sz000711:3.830,3.810,3.840,3.770,4493311;
sz000713:10.120,10.560,10.220,10.380,74758539;
sz000716:3.760,3.770,3.760,3.670,16680542;
sz000718:3.150,3.160,3.160,3.110,6426943;
sz000719:6.740,6.660,6.740,6.600,3481322;
sz000721:4.830,4.940,4.960,4.740,58825185;
sz000722:5.850,5.950,5.880,5.820,2746085;
sz000727:1.350,1.350,1.350,1.350,11145400;
sz000735:10.210,9.980,10.240,9.900,57664050;
sz002324:20.420,21.130,20.680,20.120,9710751;
sz000753:2.700,2.670,2.700,2.640,3618415;
sz000755:3.870,4.020,4.100,3.870,16272379;
sz000756:10.870,11.030,11.140,10.850,9947291;
sz000758:4.330,4.250,4.340,4.210,11449081;
sz000759:6.500,6.410,6.500,6.360,1530450;
sz000762:6.970,6.840,6.970,6.790,4616452;
sz000766:6.060,5.960,6.070,5.910,16417925;
sz000778:3.490,3.460,3.500,3.440,13656385;
sz000779:13.880,13.960,14.380,13.180,33718721;
sz000783:6.390,6.290,6.390,6.260,26667161;
sz000789:13.170,13.440,13.420,13.090,40152855;
sz000790:5.580,5.500,5.630,5.450,14595260;
sz000791:3.290,3.300,3.380,3.270,10559428;
sz000793:3.120,3.100,3.130,3.060,23692964;
sz000795:5.130,5.130,5.160,5.070,15516004;
sz000797:3.570,3.540,3.610,3.500,7665204;
sz000798:5.950,5.920,5.960,5.830,3554065;
sz000799:32.080,31.500,32.680,31.250,12648167;
sz000800:10.160,9.840,10.190,9.710,14735504;
sz000802:8.680,8.430,8.680,8.400,7572319;
sz000807:4.000,3.950,4.000,3.920,39088087;
sz000810:11.670,11.590,11.740,11.470,9855498;
sz000812:3.180,3.050,3.260,3.050,23870418;
sz000813:5.670,5.660,5.680,5.580,14074084;
sz000815:7.230,7.360,7.560,7.190,26288945;
sz000825:3.370,3.350,3.380,3.320,9771100;
sz000828:6.980,6.960,7.000,6.910,2118192;
sz000829:5.500,5.500,5.550,5.440,11490764;
sz000830:7.760,7.790,7.800,7.730,13021569;
sz000831:10.200,10.060,10.200,10.000,17070041;
sz000836:3.760,3.740,3.770,3.690,21931346;
sz000839:3.390,3.370,3.400,3.340,29577735;
sz000851:6.880,7.140,7.130,6.730,53862885;
sz000856:8.960,8.850,8.960,8.760,4427900;
sz000859:5.570,5.700,5.680,5.510,44470739;
sz000863:3.920,3.990,3.960,3.920,1638911;
sz000877:11.640,11.780,11.880,11.540,38694788;
sz000878:9.810,9.650,9.850,9.550,21880885;
sz000880:7.310,7.390,7.340,7.270,1749807;
sz000881:7.080,7.020,7.080,6.970,5548600;
sz000886:4.700,4.680,4.760,4.610,13347159;
sz000889:12.000,11.780,12.480,11.650,53276932;
sz000890:3.470,3.350,3.470,3.300,9218730;
sz000900:3.850,3.850,3.860,3.820,4104276;
sz000901:10.100,10.160,10.210,10.030,11375508;
sz000903:5.430,5.470,5.540,5.130,181789022;
sz000905:6.050,6.030,6.120,6.000,3151262;
sz000908:5.250,5.170,5.430,5.150,129597398;
sz000909:8.180,8.270,8.270,8.130,6082163;
sz000912:4.210,4.210,4.250,4.150,3404901;
sz000913:10.450,10.290,10.590,10.090,2597004;
sz000915:26.800,26.610,27.200,26.420,3270932;
sz000917:6.190,6.240,6.290,6.130,14961633;
sz000929:6.520,6.430,6.530,6.380,1379270;
sz000930:7.670,7.620,7.670,7.490,34582275;
sz000931:9.020,8.900,9.050,8.810,9882311;
sz000935:13.550,13.790,13.800,13.460,8592777;
sz000948:11.680,12.180,12.080,11.510,16000076;
sz000949:4.070,3.990,4.140,3.970,37496511;
sz000950:5.330,5.220,5.340,5.210,5863074;
sz000952:11.630,11.530,11.700,11.370,16579804;
sz000959:2.930,2.910,2.930,2.890,5251559;
sz000975:16.430,16.660,16.760,16.270,25420986;
sz000976:5.160,5.170,5.230,5.080,28336136;
sz000990:12.390,12.890,12.940,12.360,12431491;
sz000996:8.270,8.170,8.290,8.090,6360986;
sz001696:5.520,5.450,5.520,5.390,8233788;
sz001896:3.330,3.290,3.360,3.270,9864818;
sz002004:5.380,5.450,5.620,5.350,62592803;
sz002009:7.470,7.330,7.470,7.240,4566660;
sz002012:6.190,6.170,6.200,6.000,21927266;
sz002016:7.130,7.080,7.160,7.000,2349438;
sz002017:12.400,12.280,12.490,12.190,6285066;
sz002022:18.800,18.040,19.170,17.690,74531731;
sz002023:14.900,14.780,15.050,14.630,22118605;
sz002028:20.010,20.020,20.110,19.350,39735680;
sz002034:15.840,16.200,16.390,15.820,4483663;
sz002037:6.290,6.230,6.290,6.170,3278662;
sz002045:9.110,8.900,9.150,8.770,10400853;
sz002052:2.460,2.370,2.470,2.340,15298694;
sz002053:6.480,6.450,6.490,6.400,1437000;
sz002054:6.860,6.740,6.860,6.660,9542766;
sz002057:6.810,6.730,6.810,6.660,6990572;
sz002058:18.180,18.200,18.400,17.950,1013500;
sz002061:6.500,6.720,6.840,6.400,127671138;
sz002064:5.200,5.200,5.270,5.130,21623169;
sz002066:9.020,8.850,9.020,8.730,4495466;
sz002073:4.010,4.000,4.020,3.960,6948673;
sz002076:2.660,2.560,2.670,2.520,25697304;
sz002077:5.800,5.780,5.830,5.690,11022447;
sz002082:10.450,10.260,10.500,10.210,3827900;
sz002083:7.960,8.020,8.030,7.850,14414086;
sz002084:4.990,5.090,5.220,4.990,6349211;
sz002093:9.420,9.760,9.780,9.370,39612772;
sz002098:5.780,5.640,5.780,5.610,3450800;
sz002103:4.460,4.930,4.810,4.420,51618100;
sz002104:7.720,7.500,7.780,7.450,41432956;
sz002107:12.280,12.150,12.320,12.010,5136540;
sz002108:3.450,3.410,3.450,3.370,12174627;
sz002109:3.070,3.070,3.070,3.040,3644857;
sz002112:7.350,7.370,7.460,7.240,10790600;
sz002114:6.620,6.580,6.620,6.480,2790602;
sz002118:5.270,5.240,5.300,5.230,9975450;
sz002119:12.220,11.530,12.360,11.530,14075950;
sz002123:16.780,17.270,17.800,16.540,58249328;
sz002124:12.030,11.860,12.040,11.730,37327536;
sz002127:14.060,14.100,14.140,13.810,30860042;
sz002130:4.610,4.680,4.650,4.520,15508325;
sz002133:3.110,3.090,3.110,3.060,4959481;
sz002134:8.800,8.690,8.800,8.550,3798742;
sz002136:8.410,8.630,8.880,8.390,14155158;
sz002137:7.360,7.650,7.410,7.250,19878323;
sz002145:4.630,4.740,4.770,4.590,49513755;
sz002146:7.930,7.840,7.970,7.780,18746855;
sz002148:4.930,4.840,4.930,4.770,11974489;
sz002149:6.700,6.600,6.730,6.520,4686800;
sz002150:6.030,5.950,6.040,5.890,5892560;
sz002155:8.260,8.110,8.320,8.010,31053814;
sz002159:10.480,10.430,10.580,10.300,2011564;
sz002161:9.110,9.030,9.110,8.840,14256270;
sz002162:3.260,3.220,3.260,3.200,3079161;
sz002166:8.780,8.560,8.780,8.530,21141933;
sz002167:5.750,5.790,5.790,5.710,4324302;
sz002168:7.190,7.110,7.200,7.010,7182443;
sz002170:3.790,4.000,3.890,3.780,34710435;
sz002172:3.120,3.100,3.150,3.080,9994202;
sz002173:5.540,5.480,5.590,5.420,2669502;
sz002174:21.860,21.940,22.180,21.620,24455873;
sz002176:2.100,2.070,2.110,2.040,31324573;
sz002177:4.740,4.740,4.810,4.660,30961569;
sz002178:5.130,5.220,5.640,5.040,92516502;
sz002182:9.650,9.540,9.650,9.420,12045123;
sz002183:3.970,3.860,3.970,3.840,25675323;
sz002184:12.010,11.820,12.060,11.650,7016168;
sz002186:9.120,9.080,9.120,8.990,1761943;
sz002196:5.070,5.030,5.080,5.010,3601350;
sz002197:9.740,10.070,10.180,9.620,54508007;
sz002199:8.350,8.550,8.360,8.110,8433182;
sz002201:14.750,14.750,15.180,14.600,6836111;
sz002208:7.320,7.360,7.330,7.080,16039614;
sz002211:5.480,5.440,5.540,5.390,2624902;
sz002212:24.560,24.700,24.590,24.020,7329518;
sz002213:18.280,18.540,18.650,18.100,2914381;
sz002218:3.460,3.460,3.470,3.380,22158402;
sz002219:2.240,2.190,2.240,2.170,21902150;
sz002221:9.600,9.510,9.740,9.330,45949514;
sz002224:6.720,6.900,6.820,6.670,17547831;
sz002225:4.250,4.260,4.280,4.200,8424036;
sz002226:4.960,4.880,4.960,4.860,4633316;
sz002227:17.200,16.600,17.200,16.210,10310095;
sz002228:3.740,3.740,3.740,3.680,35863376;
sz002229:7.170,7.220,7.240,7.140,4896950;
sz002231:7.100,7.070,7.100,6.990,5661358;
sz002232:9.460,9.750,9.700,9.460,11602440;
sz002234:26.660,26.130,26.660,25.930,19253736;
sz002235:8.930,9.070,9.350,8.850,45813579;
sz002239:4.010,3.980,4.020,3.910,105669571;
sz002240:7.680,7.500,7.680,7.360,14139262;
sz002243:13.230,12.820,13.300,12.640,9478301;
sz002245:4.000,3.920,4.000,3.890,10754500;
sz002246:8.530,8.710,8.880,8.230,41422155;
sz002247:1.900,1.960,1.910,1.860,16018711;
sz002248:8.150,8.220,8.200,8.100,1798400;
sz002250:16.910,16.920,17.060,16.650,5230919;
sz002256:1.660,1.630,1.670,1.610,22146800;
sz002261:9.330,9.550,9.630,9.210,63055406;
sz002262:13.660,13.560,13.940,13.300,17984699;
sz002264:4.450,4.540,4.510,4.410,15112584;
sz002265:7.700,7.780,7.710,7.620,4532385;
sz002266:3.720,3.730,3.760,3.700,8752333;
sz002267:6.100,5.980,6.100,5.940,5009045;
sz002270:5.090,5.010,5.090,4.930,18176800;
sz002975:110.990,108.000,113.000,106.510,2059300;
sz002278:5.640,5.590,5.650,5.520,3235178;
sz002280:2.490,2.440,2.490,2.430,36847332;
sz002282:7.030,7.060,7.110,6.990,2125800;
sz002286:7.740,7.700,7.740,7.560,7036795;
sz002288:4.670,4.620,4.670,4.550,14700553;
sz002291:20.960,21.190,21.590,20.810,25363280;
sz002292:6.990,6.840,7.000,6.770,10047889;
sz002295:6.630,6.550,6.630,6.510,868200;
sz002296:7.820,7.790,7.850,7.620,13110018;
sz002297:5.750,5.420,5.750,5.390,9329276;
sz002298:8.140,8.050,8.140,7.960,8561300;
sz002303:4.870,5.050,4.970,4.840,40232545;
sz002308:5.840,6.130,6.250,5.780,34863446;
sz002309:5.880,5.880,5.890,5.760,6938813;
sz002310:5.190,5.190,5.200,5.120,18355388;
sz002312:4.600,4.620,4.680,4.570,18743603;
sz002313:17.810,18.140,18.180,17.600,4653580;
sz002314:2.660,2.640,2.660,2.620,3860472;
sz002316:7.100,7.180,7.320,6.980,11938726;
sz002317:12.580,12.730,12.680,12.390,17460046;
sz002318:7.510,7.340,7.510,7.240,13750490;
sz002319:6.360,6.190,6.420,6.070,2084206;
sz002320:16.290,16.020,16.450,15.750,13022867;
sz002326:12.470,12.640,12.650,12.350,51623777;
sz002329:5.970,5.990,6.080,5.880,63376660;
sz002330:7.020,6.970,7.110,6.800,19299800;
sz002332:14.290,14.480,14.700,14.100,23833540;
sz002334:4.610,4.730,4.840,4.500,33269664;
sz002335:21.380,22.640,22.650,21.280,11330172;
sz002338:13.690,14.200,14.180,13.550,6229428;
sz002339:6.290,6.200,6.290,6.120,6622446;
sz002341:5.670,5.700,5.800,5.660,26598340;
sz002342:3.160,3.130,3.180,3.100,10291300;
sz002345:3.400,3.370,3.410,3.340,6598329;
sz002346:10.500,10.370,10.500,10.300,1558600;
sz002347:4.270,4.210,4.270,4.160,4526800;
sz002348:2.960,2.920,2.970,2.900,4727300;
sz002349:6.070,6.200,6.070,5.850,40301434;
sz002350:5.710,5.660,5.740,5.530,4876374;
sz002354:2.040,2.110,2.080,2.020,19767870;
sz002358:5.960,5.890,5.970,5.800,11417156;
sz002360:5.140,5.170,5.170,5.110,2835900;
sz002361:4.390,4.400,4.410,4.310,8272290;
sz002362:17.010,17.020,17.010,16.600,3206101;
sz002363:10.040,9.920,10.140,9.650,21047470;
sz002364:14.700,14.700,15.010,14.400,17092126;
sz002366:4.980,4.880,4.980,4.830,12619028;
sz002369:9.150,9.130,9.150,9.000,12433889;
sz002370:5.570,6.090,6.090,5.570,24556125;
sz002378:4.070,4.050,4.080,4.010,4422587;
sz002379:3.230,3.120,3.230,3.080,16903209;
sz002380:14.120,14.190,14.280,13.930,2740504;
sz002381:7.720,7.610,7.720,7.560,3514364;
sz002385:8.250,8.310,8.280,8.100,143735187;
sz002387:11.350,11.150,11.350,11.070,5613693;
sz002389:12.130,11.900,12.130,11.800,11541159;
sz002390:5.000,4.910,5.110,4.880,16579366;
sz002391:9.220,9.170,9.240,9.040,24628615;
sz002392:3.480,3.450,3.480,3.420,4876131;
sz002395:23.100,22.870,23.180,22.400,1023800;
sz002397:4.410,4.420,4.410,4.350,2448315;
sz002399:23.350,21.950,23.420,21.680,10037784;
sz002400:4.820,5.270,5.270,4.720,363851428;
sz002401:12.910,13.250,13.330,12.900,17952011;
sz002402:13.850,13.850,14.020,13.530,49270489;
sz002403:8.070,8.160,8.080,8.000,1234055;
sz002406:5.500,5.460,5.500,5.420,2585000;
sz002407:11.100,11.020,11.100,10.850,12023359;
sz002408:6.050,5.990,6.100,5.930,7434276;
sz002409:38.400,37.930,38.400,36.500,21753248;
sz002410:45.520,45.980,46.150,45.280,2825987;
sz002411:8.810,8.750,8.910,8.720,25571921;
sz002412:8.650,8.300,8.690,8.250,22003130;
sz002413:7.630,7.780,7.980,7.530,80999698;
sz002416:6.980,7.130,7.170,6.910,40300026;
sz002417:6.860,7.070,6.950,6.740,19213875;
sz002418:2.290,2.250,2.290,2.220,14642231;
sz002426:2.170,2.150,2.170,2.090,151438943;
sz002429:4.500,4.430,4.500,4.380,50937808;
sz002430:11.400,11.190,11.400,11.080,7058200;
sz002431:2.610,2.600,2.610,2.560,8610189;
sz002433:4.770,4.660,4.770,4.640,6242442;
sz002437:3.180,3.320,3.470,3.140,145211954;
sz002438:7.780,8.050,8.140,7.710,5780000;
sz002446:7.580,7.670,7.650,7.510,17702951;
sz002448:5.130,5.090,5.130,5.030,2535350;
sz002451:8.040,7.940,8.040,7.880,3708825;
sz002452:7.100,6.910,7.100,6.680,21858069;
sz002453:4.780,4.890,5.100,4.630,15087030;
sz002454:4.680,4.660,4.680,4.610,3589500;
sz002457:7.510,7.590,7.620,7.480,5358634;
sz002459:14.450,14.130,14.470,13.860,13202303;
sz002464:7.660,8.150,8.150,7.450,143441842;
sz002466:19.540,19.230,19.690,19.030,37047876;
sz002467:7.210,7.410,7.600,7.200,121044496;
sz002471:2.360,2.380,2.420,2.350,15789850;
sz002472:5.940,6.220,6.170,5.730,93636410;
sz002474:7.700,7.820,7.820,7.600,9091898;
sz002476:6.960,7.040,7.090,6.850,13107657;
sz002478:5.310,5.190,5.320,5.150,4193563;
sz002480:6.360,6.360,6.360,6.360,2799201;
sz002481:12.270,13.200,12.690,12.070,123325178;
sz002483:4.750,4.730,4.760,4.650,9727276;
sz002486:4.380,4.470,4.550,4.370,43631007;
sz002489:4.310,4.160,4.310,4.010,67625068;
sz002490:3.220,3.130,3.220,3.100,3624401;
sz002491:5.790,5.850,5.830,5.670,12687447;
sz002492:5.560,5.560,5.560,5.560,9298473;
sz002493:11.710,11.710,11.900,11.500,6201109;
sz002495:2.710,2.750,2.720,2.670,13799592;
sz002496:2.500,2.500,2.540,2.480,6841040;
sz002497:7.800,7.710,7.820,7.540,29023006;
sz002498:4.160,4.260,4.200,4.020,165989095;
sz002502:3.180,3.180,3.180,3.100,14355104;
sz002503:3.740,3.730,3.920,3.680,203319072;
sz002504:2.650,2.670,2.680,2.630,5853479;
sz002505:2.150,2.160,2.160,2.100,124242040;
sz002506:2.770,2.790,2.870,2.760,148838914;
sz002967:39.400,38.880,39.700,38.250,2490247;
sz002512:5.820,5.970,6.090,5.760,49306032;
sz002513:5.000,5.080,5.060,4.970,2841683;
sz002514:4.640,4.650,4.640,4.570,6308250;
sz002515:5.760,6.020,5.920,5.710,60881306;
sz002517:2.770,2.720,2.770,2.690,35682844;
sz002519:4.000,3.930,4.000,3.890,15769384;
sz002520:6.920,6.920,6.920,6.820,1970325;
sz002523:2.520,2.510,2.540,2.480,6637603;
sz002524:8.000,7.870,8.100,7.750,7862785;
sz002526:2.400,2.400,2.410,2.360,89252027;
sz002527:5.260,5.190,5.290,5.130,5894871;
sz002528:4.770,4.710,4.770,4.670,7085173;
sz002530:12.320,12.120,12.420,11.980,27451029;
sz002532:6.000,5.980,6.020,5.920,3608000;
sz002538:4.830,4.860,4.840,4.780,7948416;
sz002540:4.370,4.330,4.400,4.280,4738264;
sz002541:17.390,18.230,17.730,17.130,14476153;
sz002544:14.700,14.790,15.010,14.530,9646976;
sz002545:7.310,7.450,7.420,7.200,25851813;
sz002548:10.090,10.140,10.090,9.820,18638346;
sz002550:4.800,4.760,4.800,4.690,15526686;
sz002551:8.890,9.190,9.460,8.800,78575998;
sz002552:16.180,16.860,17.500,16.120,11171777;
sz002553:5.200,5.090,5.200,5.030,9100595;
sz002554:2.620,2.620,2.640,2.610,5595700;
sz002562:5.750,5.640,5.750,5.600,27468667;
sz002564:4.270,4.390,4.350,4.250,10741649;
sz002576:8.930,8.880,8.930,8.770,3406907;
sz002577:10.040,10.200,10.180,10.030,4657967;
sz002581:19.660,20.570,20.570,19.420,49326126;
sz002584:8.550,9.370,8.830,8.360,96493207;
sz002585:5.660,5.750,5.910,5.600,35915115;
sz002587:6.640,6.560,6.640,6.500,9532083;
sz002591:7.860,7.750,7.880,7.620,4882314;
sz002592:11.500,11.520,11.770,11.130,6548794;
sz002596:7.250,7.180,7.450,7.130,31870868;
sz002605:29.400,29.120,29.490,28.430,9864111;
sz002610:1.580,1.570,1.580,1.560,37222650;
sz002615:4.770,4.720,4.770,4.660,4275037;
sz002616:8.930,9.110,9.040,8.820,6393586;
sz002617:5.060,5.070,5.070,4.990,16822210;
sz002618:10.190,10.050,10.190,9.920,4184207;
sz002619:2.420,2.450,2.530,2.410,25325730;
sz002622:3.090,3.100,3.120,3.070,8261300;
sz002623:30.160,29.550,30.480,29.240,5033079;
sz002624:49.600,49.920,50.450,48.840,6762961;
sz002625:7.310,7.220,7.320,7.150,9603060;
sz002627:9.460,9.620,9.660,9.430,3036806;
sz002630:2.350,2.320,2.360,2.280,18397200;
sz002631:7.540,7.490,7.580,7.420,4035059;
sz002634:5.320,5.260,5.340,5.240,4921343;
sz002636:8.090,8.000,8.110,7.930,3913689;
sz002637:12.790,12.510,12.830,12.300,12061000;
sz002638:3.160,3.140,3.170,3.080,17994650;
sz002639:8.080,7.940,8.090,7.840,18575699;
sz002641:7.150,7.570,7.740,7.050,25117516;
sz002644:9.860,9.580,9.870,9.500,13484238;
sz002650:4.040,4.150,4.070,3.980,37954738;
sz002651:4.820,4.810,4.880,4.730,7414752;
sz002652:3.480,3.430,3.500,3.410,2783520;
sz002653:21.210,21.390,22.000,21.000,3803684;
sz002654:4.110,4.190,4.150,4.040,11594778;
sz002656:1.880,1.960,1.980,1.870,11557318;
sz002658:6.080,6.050,6.100,6.000,1444373;
sz002659:5.200,5.130,5.200,5.110,3638479;
sz002660:11.140,11.220,11.360,10.910,11962889;
sz002662:2.680,2.660,2.680,2.630,8386900;
sz002663:2.440,2.480,2.610,2.410,22558371;
sz002664:14.200,14.060,14.200,13.890,2245432;
sz002665:2.940,2.910,2.940,2.880,29698298;
sz002669:14.880,15.250,15.260,14.850,10174637;
sz002670:9.510,9.460,9.630,9.430,12411092;
sz002674:8.660,8.750,8.760,8.660,1836051;
sz002676:3.800,3.720,3.840,3.680,31822337;
sz002678:7.010,7.200,7.190,7.000,840113;
sz002679:12.630,12.110,12.630,12.000,4979385;
sz002685:5.170,4.970,5.170,4.900,19194111;
sz002688:8.120,7.970,8.140,7.760,20592933;
sz002689:3.710,3.790,3.890,3.610,30026154;
sz002693:5.990,5.920,6.070,5.860,9287825;
sz002695:21.290,21.160,21.430,20.890,2760242;
sz002698:10.140,10.170,10.180,9.780,9392383;
sz002700:5.460,5.370,5.460,5.360,3207700;
sz002702:4.800,4.950,4.890,4.750,23102144;
sz002703:4.420,4.290,4.420,4.250,4066365;
sz002708:6.440,6.420,6.460,6.360,3358720;
sz002709:26.250,26.200,26.250,25.550,8991511;
sz002712:5.900,6.000,5.950,5.830,4552330;
sz002713:6.230,6.270,6.270,6.120,1715140;
sz002715:18.900,18.540,18.960,18.370,759035;
sz002717:4.400,4.370,4.400,4.320,13288985;
sz002719:9.150,9.330,9.150,8.940,3468210;
sz002721:4.250,4.260,4.270,4.210,5189081;
sz002722:12.420,12.300,12.420,12.240,687100;
sz002723:12.060,11.900,12.250,11.730,3766500;
sz002724:6.230,6.190,6.250,6.100,3990083;
sz002725:10.390,10.440,10.460,10.230,6140722;
sz002728:15.660,15.460,15.660,15.300,1194034;
sz002729:37.550,37.300,37.860,36.960,294000;
sz002730:7.450,7.290,7.450,7.210,1167485;
sz002732:18.950,18.990,18.950,18.690,1680419;
sz002734:16.870,17.030,16.870,16.620,7260811;
sz002735:18.500,18.420,18.680,18.410,1069090;
sz002736:10.850,10.720,10.900,10.660,12005247;
sz002737:14.070,13.830,14.100,13.740,5019076;
sz002738:15.050,14.960,15.170,14.850,1078816;
sz002742:6.620,7.050,7.150,6.560,18172851;
sz002748:7.060,7.030,7.070,6.920,808900;
sz002750:9.910,10.010,9.950,9.750,5670492;
sz002751:22.370,22.180,22.470,22.050,1757660;
sz002753:6.800,6.750,6.820,6.720,538700;
sz002755:17.590,17.250,17.960,17.200,5595064;
sz002756:17.030,16.730,17.080,16.470,4973956;
sz002758:11.070,11.130,11.280,11.000,2474634;
sz002759:7.150,7.060,7.150,7.040,2381850;
sz002760:19.260,19.540,19.590,19.140,1825100;
sz002761:9.430,10.380,9.790,9.270,13709760;
sz002763:7.850,8.100,7.970,7.810,5812702;
sz002765:4.200,4.140,4.210,4.060,3604400;
sz002767:12.450,12.170,12.450,12.140,824200;
sz002769:7.550,7.360,7.610,7.250,4388498;
sz002770:2.820,2.970,2.880,2.800,138183348;
sz002771:13.240,14.610,14.190,13.050,17967962;
sz002772:7.170,7.050,7.170,7.000,5748727;
sz002778:23.780,23.230,23.780,22.950,1178020;
sz002780:20.960,20.830,21.170,20.500,4768216;
sz002781:14.580,14.440,14.590,14.250,3747360;
sz002782:9.950,9.760,9.960,9.680,4800200;
sz002783:10.560,10.390,10.570,10.300,5473011;
sz002785:15.910,15.670,15.910,15.390,2771800;
sz002786:7.530,7.420,7.530,7.350,3092478;
sz002787:7.130,7.210,7.180,7.030,3754700;
sz002790:6.000,5.990,6.030,5.960,1542928;
sz002789:13.650,13.590,13.650,13.410,741330;
sz002792:26.710,26.800,27.020,26.310,4928932;
sz002791:58.260,61.840,60.920,57.400,2439914;
sz002793:14.810,14.630,14.880,14.490,4894486;
sz002795:13.270,13.290,13.440,13.060,964600;
sz002796:37.640,36.840,37.640,36.400,2815946;
sz002797:7.180,7.080,7.190,7.010,50617010;
sz002800:20.560,20.910,21.060,20.530,1425713;
sz002799:16.780,17.210,17.700,16.740,3383800;
sz002801:34.650,34.550,34.660,33.930,1388500;
sz002802:18.460,19.500,18.700,18.260,1765855;
sz002805:12.850,12.300,12.850,12.220,4236140;
sz002803:30.820,30.080,30.820,29.710,4232835;
sz002806:12.070,11.920,12.080,11.810,1273900;
sz002808:9.440,9.480,9.520,9.260,19844879;
sz002809:22.410,23.380,23.790,22.100,16020909;
sz002810:18.440,18.370,18.700,18.000,2769279;
sz002602:14.280,13.920,14.280,13.680,53163450;
sz002807:4.190,4.200,4.210,4.140,10216900;
sz002811:14.340,14.280,14.340,14.100,580813;
sz002813:22.010,21.600,22.010,21.400,819900;
sz002816:27.900,27.730,28.500,27.700,883300;
sz002817:21.180,21.100,21.380,20.890,1786175;
sz002819:24.580,24.880,24.680,23.660,4905794;
sz002820:10.710,10.910,10.930,10.710,2761741;
sz002823:10.160,10.000,10.160,9.900,2175768;
sz002825:18.790,18.080,19.300,17.950,13179954;
sz002822:10.090,9.980,10.180,10.000,13999471;
sz002828:9.380,9.380,9.690,9.340,5912924;
sz002826:11.040,10.880,11.180,10.730,5304050;
sz002827:8.770,8.660,8.770,8.580,1201750;
sz002829:28.900,28.500,29.490,27.860,7758092;
sz002830:11.790,11.860,11.850,11.700,885833;
sz002831:23.000,22.550,23.070,22.320,2188340;
sz002835:10.120,10.000,10.120,9.890,2258522;
sz002833:38.580,36.970,38.580,36.660,664300;
sz002836:13.250,12.240,13.250,11.820,13431266;
sz002837:44.510,43.400,46.500,43.100,8463584;
sz002838:38.340,38.720,41.130,37.830,28810758;
sz002824:19.180,19.000,19.500,18.500,5523997;
sz002842:9.520,9.340,9.540,9.260,2348156;
sz002843:8.860,8.510,8.890,8.400,12689086;
sz002839:5.400,5.560,5.510,5.400,40597029;
sz002845:21.760,21.230,21.760,21.000,4605228;
sz002846:26.700,27.130,27.180,26.560,5523280;
sz002848:11.360,11.470,11.370,11.110,3759600;
sz002849:12.610,12.720,12.760,12.600,498400;
sz002868:17.000,16.930,17.180,16.910,891387;
sz002774:7.100,7.300,7.580,7.000,16001024;
sz002840:15.000,14.660,15.020,14.560,2353612;
sz002858:12.620,12.630,12.790,12.290,2367558;
sz002850:52.700,52.380,53.580,51.380,3704603;
sz002857:11.680,11.660,11.730,11.440,519675;
sz002855:11.200,11.110,11.220,11.000,1951109;
sz002856:17.240,18.990,17.510,16.660,9113851;
sz002853:16.980,16.880,17.270,16.690,1153500;
sz002863:4.850,4.860,4.880,4.810,2349625;
sz002865:13.920,13.670,13.990,13.550,1616200;
sz002866:15.160,15.460,15.810,14.910,14080470;
sz002861:25.340,25.290,25.450,24.680,1315800;
sz002860:25.600,26.400,25.880,25.360,4253797;
sz002862:27.450,27.900,28.570,27.450,2216100;
sz002859:39.670,39.460,39.960,38.610,3255757;
sz001979:16.710,16.610,16.990,16.610,10530754;
sz002871:17.200,17.080,17.200,16.950,814920;
sz002870:20.300,19.710,20.800,19.660,1978670;
sz002872:5.680,5.630,5.710,5.600,2568416;
sz002873:19.000,19.300,19.650,18.700,5354432;
sz002876:46.690,45.750,47.500,45.080,2972839;
sz002875:16.840,17.300,17.300,16.700,5501163;
sz002877:7.630,7.530,7.630,7.470,2794976;
sz002878:32.390,33.240,33.170,31.930,3764300;
sz002880:73.340,72.470,74.220,71.920,1504400;
sz002883:21.440,22.050,22.780,21.140,11679083;
sz002881:21.680,21.550,21.790,21.300,1249600;
sz002886:30.890,30.730,31.300,30.100,7022253;
sz002885:16.100,16.250,16.200,15.850,4347672;
sz002879:17.400,17.130,17.430,16.820,5544024;
sz002882:10.810,11.120,10.810,10.460,7883437;
sz002889:24.460,23.850,24.480,23.700,1463752;
sz002887:17.300,17.330,17.440,17.040,1782838;
sz002890:34.500,34.690,34.500,33.660,959800;
sz002892:22.260,22.070,22.300,21.740,1508756;
sz002891:23.700,23.590,23.700,22.900,2548081;
sz002895:11.520,11.610,11.570,11.360,3604900;
sz002896:21.400,20.850,21.700,20.700,1107000;
sz002897:30.400,30.550,30.400,29.600,5456658;
sz002898:13.720,13.550,13.780,13.400,1748870;
sz002893:10.210,10.150,10.210,10.070,1131020;
sz002906:12.600,12.430,12.650,12.310,2984600;
sz002903:12.070,11.990,12.100,11.880,1756400;
sz002905:13.120,13.140,13.220,12.950,2657683;
sz002907:19.460,19.010,19.460,18.750,6195400;
sz002909:11.190,11.120,11.200,10.990,2257600;
sz002910:10.330,10.460,10.400,10.190,5732616;
sz002864:29.540,29.910,31.800,29.400,4027714;
sz002912:174.700,174.850,175.180,170.330,941530;
sz002911:15.130,15.060,15.190,14.930,4380200;
sz002915:22.610,22.150,22.620,21.910,993100;
sz002917:14.770,14.660,14.800,14.470,2730060;
sz002919:14.890,14.500,14.900,14.380,1678868;
sz002920:34.210,34.680,34.800,33.750,3706392;
sz002921:18.140,18.270,18.250,17.880,1243900;
sz002922:13.480,13.680,13.580,13.270,2257800;
sz002923:18.250,18.220,18.580,18.080,4449501;
sz002927:16.800,16.650,16.910,16.330,2453423;
sz002929:31.850,32.390,32.770,31.220,5582987;
sz002930:17.370,17.370,17.370,16.600,34388690;
sz002931:28.490,28.850,29.700,28.000,7866376;
sz002932:58.420,58.420,58.420,58.220,7377497;
sz002935:31.950,31.510,32.100,30.910,3807806;
sz002936:3.880,3.880,3.880,3.840,12237294;
sz002937:13.400,13.250,13.400,13.110,1951135;
sz002940:50.560,50.720,51.590,49.520,1671109;
sz002939:12.160,12.000,12.170,11.910,24600946;
sz002941:15.340,16.030,15.420,15.050,18009712;
sz002943:22.010,21.800,22.010,21.600,1119463;
sz002942:25.770,25.770,25.770,25.360,1073409;
sz002952:24.400,23.860,24.400,23.600,1655543;
sz002948:5.020,5.030,5.020,4.970,7770043;
sz002945:14.510,14.210,14.520,14.110,21003881;
sz002949:16.880,16.980,16.890,16.570,1757360;
sz002958:4.340,4.310,4.350,4.300,13619736;
sz002955:54.360,53.290,54.360,52.700,2073128;
sz002956:63.730,64.720,65.600,62.680,5181247;
sz002957:25.400,25.090,25.400,24.860,1037774;
sz002960:22.020,22.170,22.090,21.870,891244;
sz002961:29.240,29.080,29.450,28.610,3307190;
sz002962:28.990,28.540,28.990,28.350,1366105;
sz000001:13.300,13.450,13.700,13.300,211572134;
sz000002:26.350,26.020,26.540,25.750,79047544;
sz000012:4.500,4.400,4.520,4.380,17941422;
sz000014:8.270,8.460,8.320,8.200,3550507;
sz000016:7.630,7.580,7.750,7.500,117329736;
sz000019:8.260,8.810,8.640,7.970,107303980;
sz000020:9.210,9.260,9.280,9.140,1008404;
sz000021:20.310,19.890,20.470,19.670,64066122;
sz001872:14.620,14.510,14.880,14.480,2061586;
sz000026:8.620,8.630,8.630,8.540,2515333;
sz000027:5.360,5.300,5.360,5.270,5590936;
sz000031:5.300,5.300,5.360,5.260,5139744;
sz000032:17.070,17.150,17.080,16.730,3930324;
sz000034:26.340,27.670,27.530,26.020,28511122;
sz000035:4.750,4.730,4.750,4.700,5201700;
sz000037:11.760,11.640,11.790,11.500,1265372;
sz000039:7.440,7.460,7.490,7.380,4639165;
sz000040:3.190,3.110,3.190,3.070,28811337;
sz000046:3.700,3.650,3.700,3.610,11642930;
sz000049:37.480,37.160,37.500,36.720,4213067;
sz000060:3.590,3.540,3.600,3.510,22848129;
sz000062:12.050,11.910,12.100,11.800,3303025;
sz000063:40.330,40.380,40.360,39.900,66329425;
sz000065:7.550,7.770,7.660,7.520,6934125;
sz000066:12.050,12.530,12.420,11.980,155119911;
sz000069:6.370,6.220,6.370,6.200,22046903;
sz000070:9.380,9.460,9.380,9.190,12409521;
sz000088:4.470,4.460,4.540,4.440,3634800;
sz000089:7.840,7.720,7.840,7.670,7455500;
sz000090:6.120,6.360,6.350,6.030,73097121;
sz000099:6.220,6.240,6.290,6.180,4311952;
sz000100:4.540,4.450,4.550,4.390,385338048;
sz000156:9.810,9.950,9.890,9.730,10240908;
sz000157:6.430,6.340,6.460,6.260,49116821;
sz000159:5.570,5.260,5.570,5.220,40878484;
sz000166:4.400,4.350,4.400,4.320,33688773;
sz000333:50.990,50.250,51.000,50.000,20907964;
sz000338:13.400,13.250,13.410,13.060,43143779;
sz000400:15.050,14.670,15.060,14.370,35364378;
sz000401:20.250,20.180,20.680,19.970,36584820;
sz000413:2.980,2.910,2.990,2.860,96080478;
sz000423:26.940,26.450,26.960,26.150,5300056;
sz000425:5.790,5.740,5.800,5.650,102215326;
sz000429:6.900,6.830,6.930,6.800,2177122;
sz000488:5.200,5.010,5.280,4.980,43446331;
sz000513:42.560,42.400,42.940,42.090,9891276;
sz000516:4.260,4.180,4.260,4.150,10907050;
sz000519:8.700,8.980,9.170,8.600,173842943;
sz000521:3.050,3.000,3.060,2.980,11695654;
sz000524:6.280,6.290,6.280,6.190,3392693;
sz000528:6.810,6.800,6.850,6.710,22591150;
sz000538:84.810,83.550,84.970,82.790,4145402;
sz000539:3.570,3.540,3.590,3.530,3905958;
sz000541:4.540,4.630,4.550,4.490,6345785;
sz000547:15.430,15.340,15.570,15.140,23000434;
sz000550:12.170,11.900,12.170,11.790,4263589;
sz000553:10.550,10.520,10.570,10.420,5102803;
sz000555:16.880,16.980,17.260,16.550,25549819;
sz000558:2.640,2.630,2.640,2.600,3372650;
sz000559:5.100,5.020,5.110,5.000,9957749;
sz000560:3.270,3.240,3.270,3.220,4855549;
sz000561:6.450,6.590,6.610,6.410,9163400;
sz000563:3.560,3.510,3.570,3.490,25589567;
sz000568:77.470,74.730,77.470,74.020,18708908;
sz000581:19.610,20.280,20.200,19.500,14260374;
sz000582:9.500,9.700,9.640,9.400,5974379;
sz000584:5.320,5.300,5.330,5.260,2630401;
sz000596:127.490,126.300,127.800,124.000,2082266;
sz000603:11.750,11.490,11.920,11.370,12019994;
sz000606:4.180,4.220,4.250,4.120,17572290;
sz000617:10.120,9.900,10.120,9.870,1416064;
sz000625:9.690,9.320,9.750,9.230,41933553;
sz000627:5.690,5.650,5.700,5.610,19408669;
sz000636:18.480,18.560,18.580,18.060,40386470;
sz000651:54.400,53.400,54.400,53.000,41943138;
sz000661:549.500,546.000,556.650,540.030,1843639;
sz000671:6.890,6.770,6.960,6.700,18840814;
sz000676:8.280,8.230,8.330,8.060,25408868;
sz000681:14.500,14.500,14.660,14.330,7613760;
sz000708:27.840,28.140,28.410,27.670,3423797;
sz000723:7.110,6.940,7.140,6.910,51953109;
sz000725:3.820,3.800,3.820,3.760,420231294;
sz000726:8.490,8.400,8.490,8.360,3757735;
sz000728:8.200,8.040,8.220,7.980,24279340;
sz000729:5.810,5.820,5.840,5.770,6107678;
sz000732:4.900,4.850,4.930,4.800,36074388;
sz000733:20.890,21.040,21.370,20.810,10383219;
sz000738:12.620,12.560,12.820,12.490,18011328;
sz000750:4.410,4.340,4.420,4.310,57197116;
sz000768:17.400,17.210,17.600,17.040,24228142;
sz000776:13.900,13.700,13.900,13.620,28937060;
sz000777:11.400,11.390,11.420,11.280,2044970;
sz000785:8.180,8.120,8.230,8.070,4212191;
sz000788:6.640,6.680,6.680,6.600,6662900;
sz000796:7.590,7.770,7.910,7.540,17031000;
sz000811:6.300,6.530,6.390,6.240,14004360;
sz002194:23.950,24.150,24.400,23.510,14906388;
sz000823:12.300,12.180,12.300,11.950,13470465;
sz000826:8.160,8.100,8.190,8.030,10064900;
sz000848:7.000,6.880,7.010,6.820,7827536;
sz000858:128.080,126.470,128.950,125.080,20514388;
sz000860:61.100,60.120,61.400,59.400,6098386;
sz000869:23.430,23.120,23.430,22.900,1286897;
sz000876:33.040,33.250,33.330,32.510,31536400;
sz000888:6.120,6.180,6.160,6.080,4481665;
sz000895:40.200,40.570,40.870,39.760,11144534;
sz000902:8.130,7.990,8.130,7.950,10242458;
sz000910:11.500,11.460,11.790,11.230,6536270;
sz000921:9.670,9.480,9.670,9.400,4979621;
sz000936:9.800,9.770,10.010,9.560,23499788;
sz000938:38.180,38.560,39.440,37.920,24360871;
sz000951:23.750,23.680,23.970,23.200,4062835;
sz000957:8.060,7.960,8.060,7.810,15924649;
sz000961:7.500,7.440,7.560,7.320,26115528;
sz000963:18.640,18.490,18.720,18.350,10488095;
sz000967:6.090,6.100,6.150,6.030,8212635;
sz000970:9.130,9.060,9.130,8.970,14937436;
sz000977:38.820,40.220,40.100,38.670,58599165;
sz000978:4.690,4.690,4.700,4.610,2962280;
sz000987:9.680,9.570,9.820,9.510,19404636;
sz000988:21.250,21.650,21.650,21.060,23993876;
sz000989:8.970,9.040,8.970,8.820,10346379;
sz000993:6.180,6.100,6.180,6.070,2948000;
sz000998:16.150,16.030,16.150,15.700,23614480;
sz000999:30.920,30.120,31.400,30.120,13799390;
sz002001:27.620,27.400,27.910,27.090,32951012;
sz002002:3.830,3.770,3.830,3.700,30395195;
sz002003:5.640,5.600,5.640,5.580,2070636;
sz002007:49.500,48.850,50.500,48.280,19932425;
sz002008:29.830,29.290,29.840,28.830,14380145;
sz002010:6.070,6.110,6.080,6.020,12758455;
sz002013:8.000,7.980,8.080,7.880,23186786;
sz002014:9.320,9.400,9.450,9.250,3471733;
sz002019:18.620,18.280,18.760,18.080,20678662;
sz002020:11.190,11.050,11.220,10.960,13076675;
sz002024:8.830,8.730,8.830,8.700,29051392;
sz002025:26.160,26.390,26.870,26.050,5600117;
sz002027:4.440,4.360,4.470,4.280,99670703;
sz002030:28.060,27.070,28.800,25.300,220767950;
sz002032:68.360,67.200,68.950,66.930,1275603;
sz002033:6.160,6.100,6.170,6.020,8128862;
sz002035:12.000,11.620,12.000,11.490,11186136;
sz002036:14.210,13.980,14.260,13.850,13588610;
sz002038:12.300,12.070,12.300,12.010,8923688;
sz002040:6.640,6.440,6.810,6.420,12144027;
sz002041:13.000,12.980,13.260,12.680,105063408;
sz002042:5.160,5.190,5.220,5.110,9078117;
sz002043:8.000,8.170,8.150,7.900,23079026;
sz002044:11.280,11.210,11.340,11.020,37517775;
sz002049:62.400,60.680,62.400,59.800,31782076;
sz002050:19.130,19.440,19.580,18.910,19301418;
sz002051:8.080,7.990,8.080,7.880,4684279;
sz002055:12.620,12.310,12.620,12.080,11358686;
sz002056:10.390,10.240,10.390,10.080,30217216;
sz002059:5.100,5.130,5.120,4.970,11369170;
sz002060:3.120,3.150,3.150,3.070,26439891;
sz002063:13.740,14.010,13.950,13.460,32785192;
sz002065:13.750,13.900,13.990,13.620,72881042;
sz002074:21.950,24.830,23.490,21.800,115517770;
sz002080:12.400,12.270,12.440,12.030,12197595;
sz002081:8.420,8.760,8.720,8.350,37329022;
sz002085:6.830,6.720,6.850,6.660,7757600;
sz002090:8.900,8.870,8.950,8.800,3533003;
sz002091:5.870,5.730,5.880,5.670,12037572;
sz002092:5.020,4.950,5.020,4.920,13973601;
sz002094:4.100,4.040,4.100,4.010,10421890;
sz002095:19.280,19.330,19.330,19.110,1674175;
sz002097:6.300,6.250,6.310,6.100,22118413;
sz002099:6.300,6.200,6.320,6.160,10847802;
sz002101:7.360,7.530,7.360,7.300,6088967;
sz002106:9.700,10.020,9.860,9.590,31131896;
sz002110:7.400,7.340,7.430,7.240,24387433;
sz002111:14.780,14.480,14.780,14.350,4970341;
sz002115:9.520,9.560,9.570,9.410,11254403;
sz002116:7.500,7.420,7.500,7.330,1939643;
sz002117:11.750,11.900,12.000,11.670,12628316;
sz002120:30.070,29.750,30.080,29.500,7012712;
sz002121:3.660,3.660,3.680,3.620,11352618;
sz002126:9.060,8.980,9.070,8.820,10952860;
sz002129:15.680,16.000,16.290,15.680,60521910;
sz002135:9.120,8.790,9.180,8.680,22464704;
sz002138:22.090,21.750,22.090,21.500,11759587;
sz002139:5.510,5.490,5.520,5.450,12599200;
sz002142:23.800,23.440,23.910,23.250,22830962;
sz002151:30.450,30.240,30.790,29.570,20643302;
sz002152:11.800,12.180,12.840,11.640,293566937;
sz002153:29.900,29.720,30.000,29.310,3975411;
sz002156:25.000,23.850,25.000,23.420,107556631;
sz002157:18.630,18.300,18.650,18.100,66419329;
sz002158:12.590,12.260,12.680,12.020,17258063;
sz002169:8.740,8.530,8.770,8.500,28340823;
sz002179:34.090,34.110,34.390,33.830,4899664;
sz002180:30.480,29.930,30.480,29.650,19843679;
sz002181:4.580,4.670,4.620,4.560,5450109;
sz002185:12.430,12.180,12.490,11.800,272010463;
sz002187:7.470,7.340,7.470,7.290,1553020;
sz002189:16.910,16.880,16.910,16.580,4277545;
sz002191:9.470,9.230,9.500,9.160,18104331;
sz002195:3.040,3.080,3.140,3.010,177818418;
sz002202:9.880,9.750,9.890,9.680,17275847;
sz002203:9.550,9.090,9.550,9.050,2243014;
sz002206:3.460,3.440,3.470,3.420,6091784;
sz002214:21.200,20.830,21.450,20.650,19659358;
sz002215:5.980,5.910,5.980,5.880,12580450;
sz002216:21.440,21.160,21.680,20.910,5893384;
sz002217:5.650,5.680,5.690,5.560,56088376;
sz002222:10.900,10.830,10.920,10.730,5441200;
sz002223:39.220,38.080,39.300,37.850,67005848;
sz002230:34.960,34.540,34.960,34.060,27477633;
sz002233:13.750,13.780,13.930,13.470,40120399;
sz002236:16.880,16.450,16.880,16.280,55412240;
sz002238:9.160,9.320,9.410,9.100,8667141;
sz002241:18.750,18.430,18.780,18.000,82772506;
sz002242:30.310,30.140,30.650,30.000,2467599;
sz002244:4.190,4.110,4.190,4.080,14304176;
sz002252:8.150,8.060,8.230,8.020,30252848;
sz002253:12.930,12.780,12.930,12.630,2354439;
sz002258:15.100,14.780,15.140,14.630,5711900;
sz002268:23.320,23.400,23.850,22.880,15870003;
sz002271:38.410,39.800,40.290,38.350,25928685;
sz002273:13.740,13.460,13.740,13.270,34720436;
sz002275:13.780,13.510,13.780,13.460,1677434;
sz002277:3.570,3.700,3.580,3.530,29866632;
sz002279:6.720,6.930,6.990,6.660,41227687;
sz002281:31.260,31.080,31.260,30.740,9020258;
sz002285:2.720,2.670,2.720,2.660,12095234;
sz002293:9.060,9.010,9.150,8.960,2131115;
sz002294:18.670,18.490,18.710,18.200,4161958;
sz002299:22.390,21.630,22.390,21.530,27044868;
sz002300:6.690,6.610,6.730,6.550,9706439;
sz002301:16.300,15.900,16.300,15.200,18599517;
sz002302:10.260,10.530,10.270,10.100,21944314;
sz002304:89.970,88.490,89.970,87.650,4078505;
sz002307:6.080,6.760,6.140,5.940,65077508;
sz002311:40.890,41.700,41.650,40.630,7753931;
sz002315:15.230,15.040,15.230,14.920,2915280;
sz002327:6.960,7.030,7.050,6.960,1124147;
sz002331:9.220,9.660,9.860,9.210,11851453;
sz002340:4.700,4.680,4.710,4.630,60317770;
sz002344:3.860,3.850,3.870,3.830,5512700;
sz002351:16.760,16.420,16.860,16.170,15381100;
sz002352:48.450,47.930,48.480,47.340,12439738;
sz002353:25.140,24.800,25.430,24.400,26804661;
sz002365:11.930,11.690,11.940,11.550,7453231;
sz002367:8.610,8.960,9.200,8.610,43478978;
sz002368:38.700,39.450,39.220,38.080,17480510;
sz002371:136.400,135.850,139.330,132.380,8198259;
sz002372:12.200,12.430,12.490,12.020,12846720;
sz002373:22.920,23.700,23.570,22.780,32535412;
sz002376:10.530,10.440,10.530,10.350,4389378;
sz002382:18.390,18.310,18.590,18.160,25321782;
sz002383:10.180,10.110,10.250,10.000,7103072;
sz002384:23.770,23.160,23.770,22.580,58406066;
sz002394:9.100,9.030,9.110,8.950,2082201;
sz002396:38.930,39.050,39.800,38.680,14850822;
sz002404:5.440,5.390,5.440,5.340,2775574;
sz002405:15.650,15.310,15.700,14.980,61121304;
sz002414:38.780,38.200,38.780,37.410,7589104;
sz002415:30.730,29.990,30.730,29.720,50531950;
sz002419:8.760,8.650,8.760,8.580,6127331;
sz002421:4.100,4.220,4.430,4.040,326805302;
sz002422:21.690,21.000,21.770,20.850,18618596;
sz002423:8.580,8.370,8.580,8.300,2806300;
sz002425:5.030,4.970,5.030,4.920,7350170;
sz002432:10.080,10.550,10.850,10.190,51801833;
sz002434:8.490,8.420,8.660,8.330,4400373;
sz002436:11.990,11.680,12.000,11.430,57993353;
sz002439:38.980,39.210,39.370,38.380,6468506;
sz002440:9.600,9.450,9.600,9.390,8155718;
sz002444:10.090,10.030,10.100,10.010,12422150;
sz002449:11.010,10.730,11.100,10.570,27056874;
sz002456:14.810,14.700,14.840,14.510,99233029;
sz002458:18.000,17.470,18.000,17.350,35958034;
sz002460:43.140,42.600,43.990,42.030,37417130;
sz002461:6.390,6.200,6.410,6.190,10051515;
sz002462:15.330,15.350,15.340,15.160,2218591;
sz002463:25.880,26.910,26.170,25.660,58020459;
sz002465:12.470,12.360,12.670,12.210,49709371;
sz002468:16.500,16.340,16.500,16.230,3985608;
sz002475:42.000,41.400,42.240,40.280,67027405;
sz002479:6.030,6.000,6.050,5.950,5312109;
sz002482:3.610,3.660,3.620,3.570,6548400;
sz002484:9.060,8.920,9.080,8.750,16225161;
sz002500:7.070,7.030,7.090,6.980,11639769;
sz002507:33.100,33.300,33.230,31.980,9576252;
sz002508:31.950,31.340,32.180,30.720,6682341;
sz002510:5.150,5.090,5.160,5.030,28814502;
sz002511:16.940,16.790,17.130,16.660,8745461;
sz002516:3.040,3.090,3.090,3.020,16675391;
sz002518:12.790,12.830,13.040,12.400,13649338;
sz002531:5.620,5.610,5.660,5.550,11703806;
sz002533:5.620,5.540,5.620,5.450,9997611;
sz002534:7.800,7.740,7.800,7.640,1809321;
sz002537:7.610,7.300,7.970,7.250,112696277;
sz002543:8.050,7.980,8.050,7.920,948428;
sz002546:4.250,4.330,4.260,4.150,14822187;
sz002547:7.750,7.640,7.760,7.530,31042958;
sz002555:36.300,36.300,36.980,35.790,18711880;
sz002557:49.210,49.300,49.210,47.440,3832143;
sz002558:16.650,16.580,16.710,16.390,3123635;
sz002559:5.910,5.840,5.920,5.780,7023068;
sz002561:7.660,7.610,7.690,7.540,2457615;
sz002563:7.300,7.090,7.330,7.060,8434575;
sz002565:4.770,4.700,4.770,4.690,13668425;
sz002567:9.260,9.260,9.350,9.180,28494084;
sz002568:31.990,31.790,32.300,31.600,2061900;
sz002570:6.200,6.240,6.300,6.010,51140711;
sz002572:19.540,19.190,19.570,19.070,7898261;
sz002573:5.670,5.690,5.720,5.660,3036900;
sz002579:13.720,13.600,13.720,13.280,6039585;
sz002582:9.030,8.950,9.030,8.790,7257981;
sz002583:6.320,6.310,6.370,6.250,18017792;
sz002589:5.710,5.640,5.710,5.590,15515143;
sz002594:58.500,59.370,59.680,57.800,14694934;
sz002595:17.100,16.800,17.120,16.710,2983426;
sz002600:8.940,8.750,8.940,8.580,92190274;
sz002601:15.040,15.140,15.060,14.790,9329877;
sz002603:34.610,33.270,35.450,32.870,115421616;
sz002607:23.700,24.170,23.780,23.320,8609987;
sz002608:6.370,6.280,6.390,6.260,1882739;
sz002609:10.500,10.650,10.700,10.360,5853071;
sz002614:9.850,9.630,9.850,9.470,16360761;
sz002626:21.200,20.100,21.220,19.800,16862156;
sz002628:4.100,4.170,4.120,4.050,21040030;
sz002632:8.210,8.210,8.420,8.080,9666600;
sz002635:18.640,18.490,18.750,18.090,10243165;
sz002640:5.880,5.800,5.890,5.770,22332980;
sz002643:14.620,14.820,14.910,14.430,15780994;
sz002645:10.680,11.410,11.300,10.600,10414333;
sz002646:9.050,9.050,9.320,8.990,1567052;
sz002647:28.460,28.510,28.990,28.230,9166529;
sz002648:14.610,15.210,15.230,14.540,47397390;
sz002649:9.240,9.200,9.240,9.080,8216296;
sz002655:9.690,9.490,9.690,9.350,11577680;
sz002657:15.390,15.570,15.690,15.120,8574333;
sz002661:17.100,17.070,17.380,16.940,10133597;
sz002666:5.450,5.400,5.470,5.330,7387286;
sz002668:5.120,5.250,5.330,5.070,88834523;
sz002672:9.460,9.650,9.580,9.440,7202659;
sz002673:8.060,7.990,8.070,7.940,20455998;
sz002675:16.450,16.050,16.570,15.890,12289742;
sz002677:11.420,11.290,11.440,11.220,2687878;
sz002681:3.230,3.150,3.230,3.100,30897062;
sz002690:42.100,41.670,42.850,41.220,3135103;
sz002696:6.510,6.590,6.530,6.400,9631696;
sz002697:10.120,10.140,10.310,10.010,16106052;
sz002701:4.160,4.110,4.170,4.100,9258852;
sz002705:23.100,22.700,23.100,22.280,3783733;
sz002706:13.750,13.400,13.820,13.350,10225793;
sz002707:4.670,4.700,4.680,4.610,12603504;
sz002714:123.810,123.510,123.810,121.680,9858431;
sz002718:13.700,13.660,13.750,13.620,596100;
sz002726:6.850,6.990,6.900,6.760,33993558;
sz002727:26.620,26.650,26.620,26.100,4945544;
sz002733:22.430,22.100,22.590,21.980,9567196;
sz002739:14.900,14.910,14.950,14.500,13473722;
sz002741:11.200,11.170,11.260,11.130,2492110;
sz002743:6.870,6.880,6.900,6.690,5950300;
sz002745:11.620,11.390,11.620,11.170,11862154;
sz002746:14.580,14.230,14.620,14.160,9947973;
sz002747:10.070,10.200,10.200,10.000,5869758;
sz002757:22.960,24.170,24.410,22.830,12190519;
sz002762:5.140,5.180,5.180,5.100,2346627;
sz002768:44.400,44.910,48.690,44.080,25332411;
sz002773:39.240,39.080,39.570,38.570,2266411;
sz002775:5.240,5.200,5.250,5.160,1979052;
sz002777:43.830,43.890,44.090,42.690,1848030;
sz002788:8.410,8.320,8.480,8.300,4436604;
sz002798:28.580,29.550,30.500,28.580,6233628;
sz002812:51.100,50.990,51.490,49.830,6943261;
sz002815:16.940,16.970,16.940,16.570,8227736;
sz002821:187.420,188.820,191.880,185.110,2007154;
sz002832:19.980,19.780,20.190,19.680,3544750;
sz002841:80.100,78.850,80.500,77.900,1512314;
sz002847:65.550,66.520,69.980,65.550,2568288;
sz002852:13.830,14.300,13.850,13.520,6243198;
sz002851:21.350,21.100,21.370,20.890,2913525;
sz002867:17.950,17.830,17.950,17.700,2917197;
sz002869:67.880,69.070,69.980,67.550,2869252;
sz002884:14.740,14.710,14.740,14.410,874257;
sz002888:19.080,18.990,19.340,18.700,1936645;
sz002899:12.730,12.710,12.800,12.560,1005000;
sz002901:78.280,78.000,78.730,76.010,1315138;
sz002900:12.250,12.140,12.330,11.880,3356942;
sz002902:19.900,19.820,20.090,19.620,2726106;
sz002908:12.290,12.250,12.410,12.130,4750896;
sz002913:57.000,57.600,60.990,56.020,4380515;
sz002916:234.000,238.090,235.510,229.900,3675988;
sz002918:23.870,24.400,24.250,23.610,2825308;
sz001965:7.210,7.000,7.220,6.950,6105462;
sz002925:51.570,50.240,51.570,49.300,3796644;
sz002926:10.560,10.260,10.570,10.170,44742035;
sz002818:11.690,11.850,11.790,11.580,1789730;
sz002928:13.810,13.480,14.130,13.320,11326308;
sz002933:34.840,35.350,35.560,34.560,1108400;
sz002938:38.940,37.360,38.940,36.420,15834599;
sz002946:11.560,11.290,11.560,11.140,3143217;
sz002947:47.700,48.190,47.910,46.950,1607602;
sz002950:36.860,36.440,37.500,36.300,8573177;
sz002959:91.060,91.710,92.940,90.040,1634662;
sz002966:8.650,8.720,8.780,8.560,15074061;
sz003816:2.910,2.900,2.920,2.890,36351324;
