sh600048:16.060,15.290,16.070,15.220,100658885;
sh600053:25.980,23.530,26.270,23.380,7103779;
sh600061:13.430,12.470,13.430,12.470,37711546;
sh600063:3.950,3.820,3.980,3.800,35940693;
sh600071:9.680,9.080,9.720,9.020,2710949;
sh600076:4.160,4.050,4.240,4.050,45888734;
sh600077:3.010,2.990,3.050,2.950,17788827;
sh600078:4.730,4.360,4.750,4.360,18782030;
sh600079:13.830,13.530,14.160,13.500,14649632;
sh600081:11.340,10.680,11.430,10.680,6160524;
sh600082:3.600,3.910,3.670,3.590,20368061;
sh600090:4.320,4.190,4.340,4.160,19167933;
sh600101:6.250,6.020,6.260,5.970,4247077;
sh600111:9.100,8.800,9.170,8.800,29808761;
sh600113:7.090,6.540,7.190,6.540,21740855;
sh600115:4.650,4.480,4.680,4.460,52959681;
sh600120:9.600,8.940,9.610,8.860,19278291;
sh600146:13.790,12.170,13.790,12.100,16272400;
sh600151:4.800,4.530,4.820,4.420,19434587;
sh600156:7.030,6.190,7.030,5.990,74234284;
sh600160:7.480,7.520,7.820,7.420,97805809;
sh600161:32.390,31.200,33.160,31.050,9504699;
sh600162:2.260,2.180,2.270,2.150,24727230;
sh600169:2.230,2.180,2.240,2.150,57442946;
sh600175:1.410,1.350,1.430,1.340,49737527;
sh600197:13.190,12.830,13.260,12.720,5348429;
sh600199:5.130,5.040,5.180,5.010,6471605;
sh600200:7.380,7.380,7.780,7.300,47841671;
sh600203:11.800,11.060,12.090,10.740,52601818;
sh600206:15.200,15.100,15.780,14.800,105233140;
sh600207:4.550,4.340,4.620,4.330,10422078;
sh600208:3.200,3.050,3.220,3.040,98847980;
sh600213:7.870,7.350,7.890,7.350,5717712;
sh600218:9.420,8.810,9.490,8.720,10207521;
sh600221:1.800,1.720,1.810,1.710,198510555;
sh600223:7.510,6.840,7.570,6.820,28221149;
sh600226:2.710,2.550,2.730,2.530,42258463;
sh600227:2.950,2.880,3.010,2.880,18044122;
sh600235:4.810,4.680,4.980,4.670,17449701;
sh600236:4.500,4.440,4.510,4.420,5577058;
sh600242:7.550,7.910,7.910,7.400,54442734;
sh600246:5.640,5.290,5.780,5.200,12341743;
sh600262:15.930,15.520,16.400,15.210,819577;
sh600266:7.250,7.100,7.250,7.020,13869960;
sh600267:14.000,13.490,14.280,13.430,58842151;
sh600268:6.300,5.700,6.350,5.680,38017338;
sh600278:10.180,9.790,10.390,10.120,8821836;
sh600279:3.930,3.840,3.940,3.830,6984535;
sh600283:9.000,8.700,9.070,8.700,1280310;
sh600285:8.960,8.690,9.160,8.500,7429073;
sh600288:11.780,11.150,11.860,11.070,8087959;
sh600291:7.650,7.280,7.650,7.270,11944384;
sh600293:3.180,2.970,3.210,2.930,52310237;
sh600300:3.230,3.100,3.260,3.090,40534410;
sh600311:2.800,2.770,2.860,2.730,20975359;
sh600313:3.490,3.510,3.550,3.260,202707118;
sh600317:2.260,2.210,2.270,2.200,10475473;
sh600322:2.760,2.700,2.820,2.680,41183271;
sh600323:19.920,19.230,20.050,19.060,8419280;
sh600326:6.690,6.450,6.770,6.420,14403797;
sh600336:5.500,5.180,5.640,5.090,28828865;
sh600337:4.240,4.130,4.270,4.080,10311476;
sh600338:9.460,8.900,9.490,8.830,11546740;
sh600339:2.830,2.770,2.890,2.770,36723482;
sh600351:5.270,5.160,5.440,5.080,8572082;
sh600353:6.060,5.630,6.120,5.560,22414203;
sh600354:4.650,4.420,4.680,4.360,22594454;
sh600355:3.800,3.500,3.880,3.500,60035292;
sh600360:11.180,9.810,11.390,9.810,200063168;
sh600363:15.530,14.580,15.730,14.450,15711870;
sh600366:5.540,5.270,5.630,5.230,22130375;
sh600371:11.840,11.200,11.880,11.190,8394174;
sh600375:4.840,4.590,4.870,4.560,15065300;
sh600381:5.020,4.920,5.170,4.890,5218379;
sh600392:7.030,6.710,7.070,6.660,17811161;
sh600393:2.710,2.670,2.770,2.640,28010400;
sh600398:6.700,6.480,6.700,6.470,14385300;
sh600419:11.370,11.070,11.470,10.970,3606855;
sh600425:4.000,3.760,4.030,3.740,34414490;
sh600429:5.020,4.900,5.030,4.890,2430198;
sh600449:10.610,10.280,10.770,10.170,9881868;
sh600455:25.510,24.290,26.090,23.910,2595800;
sh600463:6.780,7.060,7.240,6.660,15012570;
sh600466:6.410,6.250,6.420,6.180,22123298;
sh600467:2.430,2.310,2.430,2.300,26272311;
sh600476:13.450,12.800,13.620,12.710,2886102;
sh600478:4.300,3.990,4.310,3.970,25577014;
sh600479:8.710,8.570,8.920,8.550,8494232;
sh600480:10.210,9.500,10.230,9.470,12590264;
sh600481:3.140,3.040,3.190,3.030,6354500;
sh600488:4.570,4.490,4.720,4.450,12987771;
sh600495:4.720,4.450,4.940,4.430,72607710;
sh600499:4.910,4.590,4.910,4.540,17609281;
sh600501:8.710,8.260,8.790,8.190,8391958;
sh600503:3.340,3.210,3.390,3.180,31609246;
sh600505:10.250,9.600,10.270,10.010,4615210;
sh600506:9.720,9.170,9.890,9.010,16546841;
sh600517:8.200,7.720,8.340,7.620,45713535;
sh600520:9.670,9.210,9.850,9.210,2127357;
sh600525:5.600,5.330,5.610,5.330,18001780;
sh600526:5.340,5.210,5.360,5.190,4800100;
sh600527:2.780,2.720,2.860,2.690,70506499;
sh600530:3.790,3.670,3.870,3.650,7958108;
sh600533:3.490,3.570,3.610,3.460,61408625;
sh600537:3.310,3.200,3.310,3.130,17232444;
sh600549:12.820,12.020,12.840,11.970,21807499;
sh600559:9.110,8.820,9.180,8.800,11137554;
sh600562:15.300,14.150,15.500,14.010,16687008;
sh600568:1.690,1.640,1.710,1.630,42108480;
sh600573:5.970,5.850,6.050,5.800,3524940;
sh600587:17.380,16.700,17.970,16.530,12291781;
sh600593:39.150,38.890,39.350,38.340,684000;
sh600596:8.880,8.510,8.920,8.450,11229372;
sh600601:3.380,3.250,3.460,3.250,20901628;
sh600602:8.130,7.650,8.280,7.570,14149521;
sh600603:6.250,6.020,6.410,5.890,30013796;
sh600604:7.910,7.560,8.040,7.540,34210226;
sh600613:7.160,7.160,7.540,7.150,6464743;
sh600623:5.770,5.590,5.820,5.580,12750502;
sh600624:9.450,8.940,9.640,8.850,29922693;
sh600626:6.320,6.410,6.740,6.310,37015562;
sh600628:10.380,9.890,10.390,9.830,3464187;
sh600630:8.230,8.100,8.540,8.050,19716518;
sh600638:5.680,5.520,5.950,5.520,5837725;
sh600639:12.730,12.520,12.880,12.360,4081435;
sh600640:18.850,17.140,18.890,16.900,12787646;
sh600641:21.400,20.000,21.890,19.710,23642129;
sh600644:5.030,4.990,5.170,4.970,3086705;
sh600645:20.560,19.280,21.280,18.980,23198857;
sh600647:15.600,14.380,16.100,14.380,6638999;
sh600649:5.770,5.710,5.790,5.530,33668492;
sh600651:3.620,3.490,3.740,3.470,10216611;
sh600661:17.190,16.670,17.600,16.590,3432349;
sh600662:4.240,4.280,4.380,4.200,36017857;
sh600668:14.350,13.800,14.510,13.740,9252984;
sh603179:23.860,22.610,25.000,22.610,3692420;
sh600671:11.440,11.080,11.570,11.060,1675915;
sh600677:5.700,5.590,6.030,5.590,42160213;
sh600678:7.990,7.820,8.330,7.550,32937815;
sh600682:9.710,9.150,9.980,9.110,22580951;
sh600683:4.910,4.910,4.910,4.910,7925155;
sh600684:3.510,3.410,3.620,3.390,18162435;
sh600689:8.470,8.200,8.620,8.200,2987901;
sh600693:4.980,4.960,5.140,4.860,5793928;
sh600695:8.520,7.760,8.680,7.750,30068027;
sh600697:15.460,15.360,15.620,15.300,1967521;
sh600706:8.350,8.550,8.720,8.330,9437478;
sh600708:3.610,3.450,3.610,3.450,144719774;
sh600711:4.530,4.340,4.550,4.310,22461400;
sh600712:5.970,5.450,6.030,5.430,30149274;
sh600716:4.120,4.010,4.160,3.990,6936389;
sh600719:4.070,3.900,4.080,3.900,3488481;
sh600724:4.090,3.990,4.260,3.980,22030177;
sh600730:4.810,4.580,4.850,4.560,5937190;
sh600734:5.140,4.780,5.170,4.760,13801212;
sh600736:5.830,5.790,5.970,5.670,49684062;
sh600737:8.410,7.930,8.430,7.900,24617527;
sh600744:2.410,2.310,2.410,2.300,7589977;
sh600746:6.890,6.560,6.910,6.560,5646338;
sh600748:6.820,6.820,6.820,6.820,6422472;
sh603893:70.960,66.800,71.800,66.660,10041375;
sh600755:6.650,6.470,6.650,6.390,16523893;
sh600756:19.700,18.810,19.700,18.610,8632892;
sh600764:28.210,26.800,28.250,26.550,3407159;
sh600770:5.200,4.960,5.210,4.930,16608099;
sh600771:15.390,14.690,15.470,14.610,8114274;
sh600773:5.920,5.580,6.010,5.580,18449957;
sh600777:1.880,1.820,1.890,1.810,77516540;
sh600783:14.800,13.630,14.920,13.520,15038944;
sh600784:4.700,4.420,4.720,4.420,3746101;
sh600785:14.690,14.050,14.750,14.010,1235963;
sh600796:5.590,5.440,5.640,5.440,5262812;
sh600800:4.940,4.560,4.970,4.490,10926401;
sh600802:11.580,10.850,11.770,10.650,27117673;
sh600808:2.830,2.710,2.850,2.700,69469964;
sh600818:10.080,9.900,10.250,10.020,1582364;
sh600819:4.830,4.510,4.850,4.480,5742400;
sh600821:4.580,4.380,4.660,4.330,6850200;
sh600822:9.060,8.710,9.090,8.680,4420385;
sh600824:3.130,3.100,3.220,3.060,6116034;
sh600825:4.840,4.600,4.880,4.600,5276488;
sh600828:3.990,3.840,4.010,3.810,5872254;
sh600829:7.300,7.190,7.580,7.190,9115278;
sh600830:6.800,6.800,7.000,6.800,26339936;
sh600831:9.120,8.600,9.180,8.200,26859317;
sh600833:9.540,9.310,9.720,9.230,2564247;
sh600834:6.470,6.290,6.480,6.270,2572800;
sh600836:4.500,4.730,4.950,4.500,32888372;
sh600838:5.590,5.400,5.640,5.400,3895948;
sh600841:6.740,6.490,6.860,6.490,2888705;
sh600843:7.420,7.010,7.480,7.010,8544602;
sh600846:8.650,8.210,8.740,8.180,16301120;
sh600851:8.120,7.670,8.130,7.550,7706304;
sh600853:3.730,3.590,3.830,3.550,48141203;
sh600854:3.830,3.660,3.880,3.630,6191116;
sh600855:11.430,11.070,11.480,11.070,9136019;
sh600857:10.200,9.700,10.250,9.700,1861013;
sh600860:4.630,4.430,4.750,4.370,5278101;
sh600861:10.780,10.500,11.170,10.450,3267501;
sh600862:12.510,12.270,12.830,12.130,23325960;
sh600864:7.690,7.000,7.700,6.920,55973049;
sh600865:6.070,5.890,6.070,5.890,3110576;
sh600866:6.470,6.240,6.930,6.200,90426912;
sh600867:11.310,10.870,11.380,10.840,26183081;
sh600868:3.360,3.270,3.440,3.260,65658558;
sh600869:5.090,4.700,5.180,4.680,153000250;
sh600871:2.090,2.060,2.130,2.050,47481963;
sh600874:7.060,6.990,7.100,6.880,10222201;
sh600876:14.370,13.400,14.470,13.300,6596631;
sh600879:7.120,6.660,7.140,6.610,76399256;
sh600880:3.830,3.640,3.850,3.610,12989307;
sh600882:19.200,19.270,20.160,18.810,6948713;
sh600885:31.910,29.460,31.910,29.460,14019129;
sh600888:4.850,4.580,4.850,4.550,18445837;
sh600889:4.950,4.810,5.040,4.790,7139525;
sh600894:6.810,6.520,6.850,6.500,7115749;
sh600898:6.900,7.040,7.400,6.830,5593576;
sh600917:6.490,6.420,6.540,6.340,4177753;
sh600959:3.810,3.700,3.830,3.690,19583490;
sh600962:7.930,7.800,8.440,7.800,13550990;
sh600965:7.420,7.240,7.640,7.180,5701609;
sh600966:8.420,8.290,8.860,8.210,38403988;
sh600973:4.710,4.330,4.750,4.310,42976454;
sh600976:16.560,16.250,17.000,16.160,2515507;
sh600980:12.390,12.000,12.770,11.880,2655941;
sh600981:3.880,3.900,4.240,3.850,52864780;
sh600982:2.860,2.750,2.870,2.750,4057751;
sh600983:4.340,4.260,4.380,4.240,2235192;
sh600986:4.020,3.800,4.050,3.790,45265622;
sh600988:6.940,6.940,7.200,6.830,119657605;
sh600990:42.100,38.990,42.100,38.680,2494401;
sh600992:6.460,6.260,6.560,6.200,1810401;
sh601002:6.200,5.800,6.290,5.770,20335813;
sh601008:3.820,3.710,3.940,3.690,20097888;
sh601016:2.370,2.290,2.380,2.270,33880100;
sh601069:13.830,13.620,14.050,13.600,13519855;
sh601100:54.390,50.550,54.460,50.420,5812624;
sh601106:2.740,2.650,2.760,2.640,33753892;
sh601118:5.490,5.180,5.610,5.160,193376959;
sh601126:6.980,6.390,7.080,6.360,30622745;
sh601168:6.160,6.000,6.230,5.960,24842786;
sh601199:4.880,4.600,5.090,4.530,113002482;
sh601222:5.960,5.540,6.000,5.500,44326942;
sh601226:4.000,3.910,4.110,3.910,5585600;
sh601233:13.280,12.710,13.280,12.400,30968735;
sh601311:9.580,8.990,9.580,8.950,17473324;
sh601339:3.490,3.500,3.530,3.470,14675008;
sh601388:1.870,1.790,1.890,1.780,36234295;
sh601515:6.600,6.300,6.750,6.240,11443310;
sh601567:8.140,7.700,8.260,7.660,10595609;
sh601608:3.610,3.430,3.640,3.390,33521931;
sh601616:3.890,3.980,3.980,3.820,145012140;
sh601677:10.830,10.430,10.830,10.390,5676700;
sh601689:21.400,19.270,21.470,19.260,16175423;
sh601700:7.150,6.510,7.150,6.420,68589123;
sh601727:5.110,4.840,5.130,4.810,59670014;
sh601789:4.260,4.020,4.290,3.990,58787046;
sh601799:97.280,91.500,98.790,91.100,1601661;
sh601818:3.770,3.670,3.780,3.660,121255434;
sh601866:2.140,2.040,2.150,2.030,71264338;
sh601958:6.300,6.090,6.330,6.070,15205507;
sh601968:4.600,4.490,4.630,4.400,3820778;
sh601996:3.300,3.260,3.420,3.160,109800500;
sh603003:9.240,8.350,9.590,8.340,23000699;
sh603006:10.980,10.300,11.170,10.300,2455625;
sh603009:7.430,7.150,7.620,7.100,10794079;
sh603010:13.700,12.720,13.900,12.520,12250452;
sh603015:6.680,6.240,6.730,6.170,5748389;
sh603017:10.080,9.680,10.190,10.030,1936300;
sh603018:11.400,11.100,11.810,11.060,12706873;
sh603020:7.880,7.570,7.960,7.540,3164300;
sh603021:6.380,6.030,6.540,6.030,2386672;
sh603022:17.000,16.150,17.250,16.040,5199600;
sh603023:5.990,5.590,6.080,5.590,39707761;
sh603025:9.350,8.770,9.420,8.710,7465943;
sh603085:6.940,6.580,7.040,6.520,3907020;
sh603088:9.270,8.980,9.360,8.880,1572240;
sh603099:8.360,8.070,8.490,8.050,2060695;
sh603108:10.520,10.060,10.720,10.050,8738366;
sh603111:7.250,6.440,7.280,6.440,42613889;
sh603116:6.620,6.310,6.670,6.290,3964981;
sh603117:3.870,3.740,3.920,3.740,12599070;
sh603123:8.900,9.500,9.450,8.730,18244409;
sh603126:4.580,4.420,4.630,4.400,7044700;
sh603158:21.860,19.360,22.200,19.360,5942768;
sh603168:8.620,8.190,8.700,8.150,4084373;
sh603222:53.300,52.780,53.490,52.250,1193432;
sh603227:4.410,4.220,4.430,4.220,9455800;
sh603268:14.830,14.410,15.000,14.230,621840;
sh603299:6.080,5.910,6.150,5.880,6344128;
sh603300:8.430,8.000,8.450,7.790,22503446;
sh603308:17.100,15.610,17.170,15.340,12739686;
sh603318:8.580,7.990,8.620,7.950,12618950;
sh603333:7.210,6.820,7.390,6.810,12451030;
sh603366:6.000,5.520,6.040,5.450,17248900;
sh603456:19.740,19.460,21.130,18.760,14397501;
sh603508:56.210,56.920,59.110,56.210,4647873;
sh603519:13.430,12.780,13.550,12.680,1555246;
sh603566:17.960,16.200,18.080,16.200,5552565;
sh603568:26.800,25.920,27.160,25.850,4425762;
sh603600:11.080,11.410,11.330,10.900,9162207;
sh603601:15.200,14.120,16.200,14.010,102047084;
sh603609:11.390,10.870,11.450,10.780,8490536;
sh603611:19.900,18.520,20.120,18.100,5106780;
sh603616:7.360,7.620,7.420,7.320,12261432;
sh603618:7.200,6.570,7.200,6.480,78806573;
sh603688:25.000,23.260,25.600,22.940,9411131;
sh603703:19.500,18.370,19.650,18.000,8250303;
sh603789:13.230,12.980,13.350,12.980,2185050;
sh603800:11.140,10.740,11.210,10.720,1524000;
sh603808:12.380,11.900,12.530,11.900,4917054;
sh603818:7.220,6.960,7.250,6.890,1886200;
sh603838:7.650,7.500,7.890,7.470,1472900;
sh603918:12.130,11.020,12.280,10.990,6773590;
sh603936:20.330,18.760,20.500,18.500,10101118;
sh603968:13.200,12.710,13.290,12.700,1406261;
sh603989:25.150,23.020,25.160,22.970,3120293;
sh603997:7.300,6.880,7.460,6.860,4609585;
sh603998:6.820,6.810,7.040,6.730,6556600;
sh603999:6.050,5.800,6.150,5.800,8376332;
sh600127:4.590,4.410,4.640,4.400,22397100;
sh603377:14.940,14.170,15.360,14.170,2388771;
sh601900:9.760,9.360,9.820,9.360,7101800;
sh603919:13.880,13.580,14.060,13.400,4122311;
sh603861:9.370,8.730,9.370,8.620,5857200;
sh603028:10.370,10.510,10.640,10.330,3447400;
sh603798:10.000,9.690,10.200,9.620,2357000;
sh603701:11.560,11.610,12.080,11.400,5892420;
sh603726:26.130,26.000,26.410,25.670,2112580;
sh603528:8.600,7.840,8.600,7.810,17538405;
sh603339:12.470,11.940,12.600,11.930,1535260;
sh603131:18.980,17.010,19.280,17.010,8252169;
sh603016:21.350,19.460,21.750,19.020,4901745;
sh603069:12.800,11.680,13.320,11.580,10076300;
sh600936:3.950,3.790,3.980,3.790,11262900;
sh601997:8.210,7.940,8.220,7.930,27646425;
sh601595:13.160,12.680,13.240,12.620,3068085;
sh603515:24.550,23.530,24.850,23.500,3726184;
sh603843:4.430,4.160,4.500,4.150,12944226;
sh601163:13.740,13.100,13.840,13.090,6607651;
sh603393:38.580,37.400,39.450,37.150,9023100;
sh603738:26.300,23.780,26.380,23.340,8480232;
sh601128:8.000,7.630,8.000,7.600,31173249;
sh603313:22.840,20.490,23.000,20.490,7384103;
sh600926:8.380,8.110,8.400,8.060,26310698;
sh603888:23.900,22.080,23.980,21.890,11040110;
sh603060:20.130,19.210,20.160,19.110,1597147;
sh603633:11.520,11.040,11.580,11.010,5438081;
sh603987:11.250,10.700,11.810,10.530,15456129;
sh603336:14.780,14.940,15.160,14.660,12525063;
sh603660:13.010,12.080,13.080,11.500,15257104;
sh603559:29.210,27.620,29.690,27.620,35048306;
sh603033:22.210,21.600,22.750,21.250,2189608;
sh603389:4.900,4.750,4.980,4.710,2646453;
sh603058:6.860,6.480,6.860,6.450,2044000;
sh603886:16.460,15.770,16.490,15.700,2937390;
sh603239:13.020,11.930,13.100,11.900,4379803;
sh601375:5.850,5.350,5.850,5.280,70560348;
sh603035:15.720,14.150,15.860,14.150,14707919;
sh603032:19.150,18.390,19.400,18.360,2078060;
sh603877:15.410,15.230,15.640,15.170,1345134;
sh603689:10.710,10.480,10.860,10.460,2397100;
sh603579:27.550,25.690,27.670,25.520,1213985;
sh603639:25.010,24.010,25.010,23.970,1534100;
sh601858:10.190,9.930,10.380,10.000,3629163;
sh603638:30.430,29.120,30.700,28.800,1406395;
sh603429:35.670,33.180,35.900,33.060,2944308;
sh603966:10.070,9.480,10.070,9.400,3056661;
sh603089:12.400,11.840,12.610,11.820,1335677;
sh603360:28.270,26.920,28.620,26.300,2489434;
sh603677:12.090,11.630,12.270,11.600,3613417;
sh603637:13.430,13.020,13.620,13.000,864987;
sh601212:3.030,2.920,3.030,2.900,23765004;
sh603603:7.890,7.640,8.150,7.570,4718500;
sh603817:6.550,6.260,6.560,6.190,4582500;
sh603717:8.080,7.750,8.080,7.620,3404020;
sh603656:14.480,13.730,14.780,13.700,1109900;
sh603133:21.100,19.310,21.140,19.190,5551900;
sh603811:23.740,23.890,25.320,23.600,2617232;
sh603955:16.430,15.420,16.460,15.300,1659630;
sh603908:23.320,22.640,23.700,22.400,367700;
sh603991:21.560,21.200,22.800,21.200,4743723;
sh603578:21.120,20.350,21.150,20.290,975000;
sh601366:6.300,6.280,6.430,6.200,24643171;
sh603787:13.040,12.110,13.230,11.940,4829400;
sh603320:16.560,16.420,16.760,15.760,2138600;
sh603906:9.600,9.370,9.720,9.310,4331648;
sh603586:16.980,16.150,17.240,16.130,1384446;
sh603538:29.530,28.320,30.460,28.000,8503586;
sh603385:10.100,9.530,10.220,10.000,4694890;
sh603178:9.140,8.670,9.390,8.560,5013100;
sh603238:24.730,25.260,25.960,24.150,5682830;
sh603229:21.740,21.850,23.250,21.610,3274397;
sh603728:12.800,12.330,12.870,12.330,5538825;
sh603896:28.080,27.630,28.750,27.280,1257200;
sh603488:8.330,8.120,8.350,8.120,2378123;
sh603197:30.070,27.550,30.410,27.220,4267608;
sh603580:11.600,11.190,11.840,11.120,1116208;
sh603200:40.460,39.090,42.990,38.900,3790525;
sh603042:28.000,24.390,29.680,24.280,41115900;
sh603536:12.900,12.140,13.100,12.010,6416485;
sh603326:18.250,17.860,18.250,17.620,2337320;
sh603316:10.550,10.120,10.660,10.090,3506042;
sh603335:4.350,4.180,4.420,4.160,8387038;
sh603380:17.490,16.680,17.940,16.540,3637274;
sh603286:16.890,15.980,17.100,15.920,2029700;
sh603938:32.750,32.250,34.450,31.650,5062600;
sh603331:17.520,17.790,18.950,17.250,3523215;
sh603933:14.350,13.320,14.510,13.300,2976100;
sh603595:33.500,30.040,33.980,30.040,5157206;
sh603612:12.440,11.760,12.660,11.460,6004022;
sh603676:10.630,10.900,10.790,10.440,8895623;
sh603063:8.980,8.350,9.110,8.320,4389662;
sh603233:54.890,52.380,55.000,51.600,3688174;
sh603357:10.800,10.090,10.800,10.070,5405440;
sh603860:26.300,24.920,26.500,24.890,509400;
sh603880:16.250,16.110,16.850,15.840,11226710;
sh603776:19.300,18.000,19.320,17.900,4241844;
sh603976:16.300,15.430,16.400,15.340,2068220;
sh603079:46.110,42.000,46.770,41.290,3580051;
sh603725:6.550,6.300,6.770,6.260,2266926;
sh603813:17.900,17.700,18.210,17.550,869327;
sh603136:22.590,22.690,24.040,22.380,2735078;
sh603378:28.400,26.780,28.780,26.010,1329700;
sh603367:16.710,16.180,17.160,16.110,5799245;
sh603103:16.940,15.810,16.940,15.100,6775941;
sh603110:15.260,14.180,15.500,14.070,3319900;
sh603499:15.080,14.650,15.500,14.620,1596560;
sh603829:10.280,9.850,10.540,10.010,2669699;
sh603722:30.000,26.920,30.490,26.590,3110148;
sh603659:76.000,70.760,76.900,69.890,6174647;
sh603076:21.650,21.000,22.240,20.420,706523;
sh603661:37.050,35.080,37.060,35.000,973315;
sh601019:6.680,6.540,6.720,6.530,5029600;
sh603890:11.610,10.750,11.660,10.720,10126578;
sh603477:11.600,11.160,11.780,10.680,6846400;
sh603895:19.630,19.300,19.900,18.840,1286680;
sh603516:44.100,41.270,44.280,40.850,2013028;
sh603871:28.300,26.930,28.330,26.700,896512;
sh603709:24.770,24.250,24.950,24.250,996884;
sh603712:26.500,24.100,26.590,24.030,9467790;
sh603059:26.430,27.530,28.560,26.380,9463045;
sh600929:5.790,5.570,5.840,5.560,4872401;
sh603897:17.700,16.920,17.800,16.810,2020804;
sh603301:51.870,54.450,54.410,48.530,24410013;
sh603773:36.600,33.730,36.880,33.560,3089637;
sh603666:91.220,84.500,92.120,83.570,809740;
sh601990:18.570,17.150,18.800,17.150,247477175;
sh603713:53.940,50.050,54.480,50.050,2223011;
sh601606:9.390,9.030,9.500,9.000,7688651;
sh603590:39.390,38.800,40.880,38.420,4535794;
sh603192:26.350,26.660,26.350,25.820,2264100;
sh601068:4.630,4.420,4.720,4.370,14200600;
sh603297:38.300,36.200,38.930,35.600,2703548;
sh603790:13.100,12.540,13.180,12.390,2128860;
