sh600010:1.190,1.220,1.210,1.180,225555018;
sh600010:1.190,1.220,1.210,1.180,225555018;
sh600048:16.030,15.740,16.100,15.540,95881505;
sh600053:28.460,29.210,29.630,27.520,12860067;
sh600061:13.570,13.800,13.700,13.340,47674506;
sh600063:3.520,3.650,3.620,3.520,18687358;
sh600071:9.940,10.220,10.180,10.100,2121700;
sh600076:3.850,3.940,3.920,3.850,12782492;
sh600077:2.770,2.800,2.800,2.760,8796121;
sh600078:4.830,5.020,5.050,4.800,48672909;
sh600079:14.850,15.010,14.930,14.520,26059763;
sh600081:10.880,11.040,11.150,10.760,6492818;
sh600082:3.450,3.550,3.520,3.430,5273598;
sh600090:4.380,4.480,4.440,4.360,19618690;
sh600101:6.160,6.460,6.600,6.130,9581704;
sh600111:9.880,10.010,10.030,9.840,63030784;
sh600113:6.350,6.560,6.490,6.330,5963880;
sh600115:4.840,4.920,4.870,4.820,45467093;
sh600120:9.250,9.460,9.450,9.230,24632128;
sh600146:11.000,11.680,11.660,10.870,15170661;
sh600151:4.170,4.380,4.390,4.160,21789863;
sh600156:4.430,4.520,4.550,4.430,6249824;
sh600160:6.680,6.780,6.800,6.660,31820349;
sh600161:37.100,37.650,37.770,36.080,33704022;
sh600162:2.040,2.060,2.060,2.030,13737239;
sh600169:1.930,1.980,1.950,1.910,13548102;
sh600175:1.430,1.460,1.450,1.410,82729669;
sh600197:13.800,14.100,13.980,13.800,5815868;
sh600199:5.180,5.350,5.320,5.170,9967374;
sh600200:9.120,9.150,9.390,8.930,89325824;
sh600203:6.240,6.440,6.320,6.240,12591920;
sh600206:15.350,15.650,15.490,14.980,120600367;
sh600207:4.310,4.520,4.400,4.310,10171542;
sh600208:3.410,3.490,3.430,3.360,136346963;
sh600213:7.650,7.960,7.810,7.650,8998525;
sh600218:10.320,10.540,10.550,10.280,20324447;
sh600221:1.510,1.560,1.550,1.510,103946065;
sh600223:8.730,9.040,8.890,8.650,42887764;
sh600226:2.870,3.080,3.010,2.830,167976558;
sh600227:2.660,2.730,2.760,2.660,12262546;
sh600235:4.560,4.670,4.620,4.550,8960300;
sh600236:4.630,4.660,4.670,4.590,6901868;
sh600242:7.370,7.650,7.550,7.350,19210089;
sh600246:5.190,5.280,5.200,5.090,8349262;
sh600262:15.970,16.400,16.200,15.810,554450;
sh600266:7.300,7.410,7.380,7.260,15280751;
sh600267:17.170,17.170,17.170,17.170,6143909;
sh600268:4.650,4.770,4.720,4.620,8701122;
sh600278:9.650,9.950,9.850,9.650,7268466;
sh600279:3.780,3.870,3.830,3.770,4810516;
sh600283:8.950,9.160,9.080,8.920,1596876;
sh600285:9.480,9.740,9.740,9.480,9447873;
sh600288:12.120,12.450,12.300,12.100,8088010;
sh600291:7.480,7.800,7.520,7.420,18809731;
sh600293:2.750,2.810,2.810,2.740,15227216;
sh600300:2.990,3.050,3.100,2.990,22332615;
sh600310:3.850,3.970,3.950,3.850,5552900;
sh600311:2.880,2.930,2.940,2.850,31890609;
sh600313:3.220,3.270,3.390,3.160,84242232;
sh600317:2.190,2.240,2.240,2.180,14119933;
sh600322:2.600,2.660,2.630,2.580,19057527;
sh600323:19.250,19.470,19.350,19.150,6273841;
sh600326:6.680,6.860,6.770,6.670,19082308;
sh600336:4.640,4.750,4.730,4.600,15528059;
sh600337:4.140,4.340,4.220,4.130,25824876;
sh600338:11.020,11.100,11.140,10.890,12130779;
sh600339:2.880,2.940,2.910,2.860,28949717;
sh600351:5.790,5.970,5.970,5.790,15002173;
sh600353:5.230,5.400,5.320,5.180,8635157;
sh600354:5.210,5.480,5.610,5.200,75380364;
sh600355:3.100,3.170,3.140,3.080,20304849;
sh600360:8.100,8.290,8.180,7.850,115414446;
sh600363:14.500,14.730,14.600,14.380,10723150;
sh600366:5.980,6.060,6.040,5.900,30061578;
sh600371:12.370,13.200,13.200,12.350,34808012;
sh600375:4.050,4.160,4.120,4.040,7229035;
sh600381:4.870,5.010,4.970,4.870,3595467;
sh600392:7.690,8.100,7.810,7.670,35778954;
sh600393:2.710,2.760,2.730,2.680,19271359;
sh600398:7.090,7.150,7.150,7.070,6389304;
sh600419:11.280,11.590,11.540,11.180,3769552;
sh600425:3.550,3.660,3.610,3.550,24471221;
sh600429:4.900,5.030,5.010,4.900,2683298;
sh600449:10.340,10.550,10.500,10.280,11596127;
sh600455:26.980,27.480,27.340,26.780,4119852;
sh600463:6.050,6.270,6.220,6.050,2273420;
sh600466:7.070,7.050,7.150,6.970,26808986;
sh600467:2.220,2.280,2.310,2.210,19192944;
sh600476:12.980,13.260,13.080,12.820,3930902;
sh600478:4.350,4.520,4.470,4.330,25595915;
sh600479:9.080,9.210,9.160,9.030,12166162;
sh600480:9.150,9.460,9.600,9.150,14998950;
sh600481:2.940,3.020,3.000,2.940,6242929;
sh600488:4.690,4.740,4.720,4.650,11808360;
sh600495:3.660,3.810,3.760,3.660,14377516;
sh600499:4.600,4.710,4.740,4.560,16794801;
sh600501:8.370,8.900,8.700,8.370,15942053;
sh600503:3.170,3.290,3.220,3.160,43273760;
sh600505:8.190,8.580,8.720,8.170,7612377;
sh600506:9.030,9.220,9.410,9.010,3745504;
sh600517:6.880,7.140,6.990,6.800,25050156;
sh600520:9.600,9.930,9.860,9.590,2589600;
sh600525:5.040,5.190,5.170,5.000,20780380;
sh600526:5.210,5.280,5.240,5.190,3321921;
sh600527:2.690,2.680,2.710,2.650,53379207;
sh600530:4.050,4.120,4.120,4.040,9663500;
sh600533:3.080,3.130,3.120,3.050,13735935;
sh600537:3.120,3.240,3.150,3.070,28440529;
sh600549:13.210,13.210,13.280,12.970,22485489;
sh600559:9.470,9.670,9.570,9.430,20323837;
sh600562:14.120,14.930,15.370,14.120,12757205;
sh600568:1.690,1.720,1.710,1.660,57797545;
sh600573:5.730,5.880,5.830,5.710,2744821;
sh600587:17.180,17.910,17.940,17.060,18290132;
sh600593:38.750,39.050,39.090,38.680,806672;
sh600596:9.990,10.130,10.310,10.020,48573253;
sh600601:3.060,3.130,3.100,3.050,38843981;
sh600602:9.460,9.530,9.460,9.230,39284494;
sh600603:5.000,5.280,5.290,4.960,16665108;
sh600604:7.450,7.770,7.960,7.400,37776430;
sh600613:7.700,7.840,7.800,7.640,8363002;
sh600623:5.850,6.100,6.090,5.830,15394134;
sh600624:10.380,10.500,10.500,10.110,53251042;
sh600626:6.050,6.200,6.150,6.040,16016554;
sh600628:7.760,7.890,7.890,7.750,1191412;
sh600630:8.420,8.580,8.640,8.420,17337670;
sh600638:5.480,5.620,5.560,5.450,3411525;
sh600639:12.740,13.080,12.960,12.690,2297381;
sh600640:20.860,21.530,21.280,20.850,13771869;
sh600641:21.950,22.110,22.380,21.790,18805203;
sh600644:4.900,5.060,5.090,4.900,3221325;
sh600645:18.470,18.920,19.250,18.120,15131053;
sh600647:12.000,12.640,12.580,11.900,2509064;
sh600649:5.120,5.180,5.200,5.090,14522336;
sh600651:3.290,3.580,3.580,3.290,8202522;
sh600661:18.990,19.300,19.160,18.720,6935771;
sh600662:3.980,4.090,4.030,3.960,9419525;
sh600668:14.430,14.700,14.630,14.380,12742388;
sh603179:22.100,23.790,22.670,21.650,4874736;
sh600671:12.050,12.200,12.140,12.000,2449385;
sh600677:5.040,5.130,5.180,5.030,49533926;
sh600678:7.290,7.510,7.560,7.200,39407096;
sh600682:9.360,9.680,9.640,9.300,16302426;
sh600683:3.750,3.910,3.800,3.740,4045642;
sh600684:3.200,3.240,3.210,3.170,6750807;
sh600689:8.500,8.670,8.630,8.400,2922571;
sh600693:4.970,5.000,5.000,4.900,3942869;
sh600695:8.400,8.840,8.840,8.390,35920824;
sh600697:15.530,15.820,15.780,15.530,1799937;
sh600706:7.310,7.520,7.440,7.310,1799521;
sh600708:3.060,3.120,3.110,3.060,14965940;
sh600711:5.150,5.230,5.250,5.100,72364684;
sh600712:6.770,7.060,7.040,6.730,50377948;
sh600716:3.820,3.890,3.860,3.820,4973886;
sh600719:4.060,4.170,4.110,4.060,2129781;
sh600724:3.150,3.230,3.190,3.090,3456390;
sh600730:4.530,4.640,4.650,4.500,6593409;
sh600734:4.790,5.190,5.010,4.750,33480985;
sh600736:5.230,5.420,5.300,5.220,20460600;
sh600737:9.000,9.160,9.160,8.950,57441263;
sh600744:2.270,2.290,2.300,2.260,5910524;
sh600746:7.410,7.530,7.480,7.400,8437675;
sh600748:4.980,5.210,5.150,4.980,17552510;
sh603893:24.700,24.700,24.700,24.700,67461;
sh600755:6.740,6.930,6.790,6.730,19846613;
sh600756:20.960,21.280,21.190,20.590,14575800;
sh600764:27.600,28.740,28.100,26.900,6903693;
sh600770:5.070,5.220,5.150,5.040,20944634;
sh600771:15.210,15.530,15.420,15.110,10650643;
sh600773:5.400,5.550,5.510,5.400,7843098;
sh600777:1.910,1.950,1.930,1.900,91130569;
sh600783:13.600,14.190,14.060,13.600,15434106;
sh600784:4.380,4.480,4.430,4.350,6003301;
sh600785:13.550,13.840,13.850,13.550,610123;
sh600796:6.000,6.160,6.350,6.000,20651948;
sh600800:4.850,4.980,4.930,4.850,5657841;
sh600802:10.110,10.250,10.130,10.030,34856842;
sh600808:2.750,2.780,2.780,2.740,15452578;
sh600818:10.850,11.160,11.180,10.850,1149000;
sh600819:4.920,5.070,5.040,4.920,11598667;
sh600821:4.010,4.080,4.050,4.010,3539391;
sh600822:9.350,9.430,9.530,9.230,8196766;
sh600824:3.000,3.070,3.030,3.000,6246367;
sh600825:4.950,5.100,4.970,4.890,9501801;
sh600828:3.880,3.990,3.960,3.880,4088763;
sh600829:8.050,8.150,8.110,7.920,10477525;
sh600830:5.130,5.230,5.230,5.090,8382113;
sh600831:8.940,9.530,9.080,8.910,45633813;
sh600833:10.470,10.580,10.590,10.400,3662093;
sh600834:6.160,6.300,6.270,6.160,2294457;
sh600836:4.080,4.200,4.190,4.080,6370372;
sh600838:5.290,5.440,5.420,5.280,3092417;
sh600841:6.290,6.490,6.430,6.290,964565;
sh600843:7.330,7.390,7.400,7.300,1818704;
sh600846:8.800,9.020,8.920,8.800,20118433;
sh600851:8.000,8.140,8.160,8.000,4413622;
sh600853:3.020,3.090,3.070,3.000,5414441;
sh600854:3.290,3.410,3.400,3.290,3683412;
sh600855:11.190,11.700,11.590,11.190,9766064;
sh600857:9.480,9.580,9.550,9.410,596144;
sh600860:4.590,4.690,4.700,4.570,5039040;
sh600861:8.600,8.800,8.680,8.600,1920260;
sh600862:12.640,13.530,13.100,12.550,48315474;
sh600864:7.020,7.210,7.070,6.950,52933039;
sh600865:5.880,6.010,5.990,5.880,2265979;
sh600866:5.630,5.670,5.730,5.570,39572174;
sh600867:11.580,11.950,11.860,11.580,28853740;
sh600868:3.190,3.250,3.220,3.180,26189288;
sh600869:4.090,4.190,4.140,4.060,36666295;
sh600871:2.130,2.160,2.150,2.110,26391505;
sh600874:6.890,7.020,6.960,6.880,7970379;
sh600876:15.050,15.500,15.360,15.020,12130274;
sh600879:6.850,7.100,7.120,6.800,128512881;
sh600880:3.580,3.680,3.660,3.580,7856816;
sh600882:17.180,17.120,17.280,16.700,3176144;
sh600885:35.100,35.900,35.640,34.810,9368610;
sh600888:4.200,4.310,4.270,4.180,9820625;
sh600889:4.470,4.660,4.580,4.400,6444828;
sh600894:6.630,6.790,6.800,6.600,7626747;
sh600898:7.010,7.000,7.120,6.720,7873856;
sh600917:6.510,6.650,6.600,6.500,4955728;
sh600959:3.740,3.870,3.810,3.730,30397158;
sh600962:7.060,7.240,7.240,7.040,2980756;
sh600965:7.420,7.690,7.850,7.420,7786796;
sh600966:6.840,7.100,6.940,6.760,25471390;
sh600973:3.890,3.980,3.950,3.880,9317900;
sh600976:16.380,17.690,16.900,16.380,5809565;
sh600980:12.090,12.470,12.290,12.060,3349786;
sh600981:3.310,3.380,3.350,3.310,9846710;
sh600982:2.700,2.750,2.730,2.700,7762661;
sh600983:4.300,4.390,4.350,4.280,1920724;
sh600986:4.130,4.270,4.200,4.110,59331369;
sh600988:7.150,7.170,7.250,7.020,114492290;
sh600990:43.000,46.590,45.500,43.000,4313232;
sh600992:6.120,6.300,6.250,6.120,1533422;
sh601002:5.110,5.270,5.210,5.100,8381995;
sh601008:3.410,3.510,3.480,3.410,8769326;
sh601016:2.260,2.300,2.300,2.250,20524226;
sh601069:14.650,14.770,14.780,14.540,15479293;
sh601100:53.310,54.500,53.890,52.680,4760234;
sh601106:2.650,2.710,2.700,2.640,22568045;
sh601118:4.260,4.410,4.430,4.260,34908733;
sh601126:5.160,5.260,5.210,5.150,3029619;
sh601168:6.580,6.700,6.650,6.500,39958636;
sh601199:3.630,3.800,3.670,3.630,7593393;
sh601222:5.050,5.200,5.110,5.040,26658403;
sh601226:3.770,3.860,3.840,3.760,3799250;
sh601233:13.840,14.090,14.140,13.750,25739255;
sh601311:9.650,9.840,9.670,9.530,20852326;
sh601339:3.600,3.850,3.820,3.600,14525821;
sh601388:1.710,1.730,1.720,1.690,20414456;
sh601515:6.090,6.230,6.210,6.090,5151172;
sh601567:7.710,7.950,7.790,7.710,7266747;
sh601608:3.530,3.610,3.580,3.500,30712211;
sh601616:2.750,2.820,2.800,2.740,6859800;
sh601677:11.000,11.320,11.320,11.000,6033051;
sh601689:24.250,25.130,25.280,24.200,17981419;
sh601700:5.400,5.620,5.490,5.380,29038410;
sh601727:4.630,4.710,4.710,4.630,22810922;
sh601789:3.700,3.760,3.740,3.700,18998098;
sh601799:95.140,98.000,95.550,92.800,2005878;
sh601818:3.870,3.960,3.930,3.870,110207751;
sh601866:2.200,2.310,2.280,2.190,43193228;
sh601958:7.130,7.240,7.160,7.060,34916152;
sh601968:4.700,4.770,4.740,4.670,3150715;
sh601996:2.520,2.590,2.560,2.510,11767862;
sh603002:4.520,4.670,4.600,4.520,18548528;
sh603003:6.960,7.590,7.590,6.880,12355251;
sh603006:10.420,10.630,10.580,10.340,2832782;
sh603009:7.590,7.690,7.590,7.150,30676782;
sh603010:13.420,14.240,14.250,13.350,19888136;
sh603015:5.530,5.740,5.690,5.530,1832131;
sh603017:9.640,9.770,9.730,9.550,1750738;
sh603018:9.720,9.850,9.920,9.680,3460596;
sh603020:7.680,7.860,7.790,7.650,3587580;
sh603021:6.620,6.700,6.710,6.500,2773220;
sh603022:16.880,17.250,17.360,16.550,5986475;
sh603023:4.220,4.330,4.360,4.220,7749160;
sh603025:8.220,8.560,8.480,8.220,3389455;
sh603085:6.580,6.850,6.760,6.580,5060203;
sh603088:8.680,8.990,8.960,8.680,1948148;
sh603099:7.900,8.090,8.090,7.900,1680686;
sh603108:10.830,11.040,10.970,10.830,8211337;
sh603111:6.270,6.280,6.350,6.150,18524115;
sh603116:5.710,5.880,5.810,5.700,3146555;
sh603117:3.580,3.650,3.650,3.550,10174834;
sh603123:6.630,6.800,6.740,6.630,2560190;
sh603126:4.270,4.360,4.330,4.250,3738746;
sh603158:24.790,25.400,25.730,24.110,5335016;
sh603168:8.350,8.480,8.420,8.290,3785457;
sh603222:53.500,52.970,53.670,52.790,404900;
sh603227:4.320,4.420,4.390,4.320,9502000;
sh603268:15.110,15.480,15.380,15.110,1047683;
sh603299:6.150,6.300,6.300,6.110,7961629;
sh603300:6.760,6.940,6.820,6.750,18337403;
sh603308:17.570,18.490,18.480,17.010,14981175;
sh603318:9.110,9.380,9.750,9.110,19307850;
sh603333:7.180,7.420,7.320,7.150,13450311;
sh603366:6.120,6.350,6.250,6.080,36924373;
sh603456:16.700,17.760,17.770,16.590,44569112;
sh603508:53.000,54.910,54.180,53.000,2383215;
sh603519:13.450,13.610,13.620,13.350,1477490;
sh603566:17.500,17.720,17.850,17.500,4089088;
sh603568:28.000,28.480,28.280,27.780,4564441;
sh603600:11.710,12.100,11.880,11.670,4592917;
sh603601:10.120,10.460,10.380,10.100,35546724;
sh603609:11.500,11.790,11.880,11.410,12672483;
sh603611:20.070,20.210,20.070,19.250,11788477;
sh603616:6.980,7.130,7.070,6.960,3063049;
sh603618:4.850,5.000,4.980,4.840,7299900;
sh603688:26.310,28.130,26.660,25.760,12435956;
sh603703:15.130,15.480,15.700,15.130,2339776;
sh603789:14.000,14.290,14.390,14.000,5297879;
sh603800:11.180,11.480,11.380,11.160,2065907;
sh603808:12.760,13.190,13.040,12.760,6130274;
sh603818:6.990,7.250,7.320,6.990,4017779;
sh603838:7.410,7.590,7.460,7.330,1908588;
sh603918:10.830,11.130,11.050,10.830,3576926;
sh603936:22.890,24.010,23.910,22.720,21333568;
sh603968:14.190,14.380,14.480,14.160,3800700;
sh603989:28.500,29.410,28.820,28.020,4974187;
sh603997:7.700,7.660,7.700,7.500,3134288;
sh603998:7.450,7.560,7.550,7.450,6184749;
sh603999:6.820,7.020,6.940,6.760,12971121;
sh600127:4.800,4.950,4.950,4.800,19867854;
sh603377:16.450,17.330,16.980,16.450,4282173;
sh601900:12.000,12.190,12.300,11.900,16823482;
sh603919:14.600,14.760,14.750,14.490,3923490;
sh603861:7.530,7.710,7.750,7.520,1845277;
sh603028:10.790,10.780,10.840,10.600,2070758;
sh603798:10.200,10.470,10.350,10.160,2742221;
sh603701:11.150,11.460,11.330,11.100,5278938;
sh603726:22.670,20.390,23.210,20.370,9789484;
sh603528:6.960,7.170,7.090,6.960,7504309;
sh603339:12.190,12.550,12.380,12.190,1898194;
sh603131:24.200,25.600,25.830,23.770,18740063;
sh603016:16.300,16.450,16.320,15.750,1735100;
sh603069:11.660,12.010,11.980,11.610,4943500;
sh600936:3.570,3.720,3.620,3.560,8102831;
sh601997:8.610,8.790,8.690,8.570,17523947;
sh601595:12.640,13.130,13.050,12.570,3581426;
sh603515:26.050,26.550,26.320,26.020,3776350;
sh603843:3.990,4.110,4.100,3.990,6497010;
sh601163:14.030,14.520,14.270,14.030,7305472;
sh603393:28.710,29.960,29.180,28.650,12644024;
sh603738:29.220,30.180,29.490,28.500,13635610;
sh601128:8.200,8.380,8.210,8.110,33701035;
sh603313:23.240,24.430,24.440,23.060,4668627;
sh600926:8.620,8.930,8.700,8.600,36588465;
sh603888:27.050,27.820,27.500,26.960,15916191;
sh603060:21.160,21.410,21.400,21.030,3282151;
sh603633:11.790,12.480,12.380,11.730,9769174;
sh603987:9.280,9.330,9.380,9.160,8088063;
sh603336:14.720,15.030,15.500,14.710,14910184;
sh603660:13.400,13.810,13.640,13.400,25455432;
sh603559:16.050,16.700,16.320,16.000,5188310;
sh603033:17.240,17.940,17.800,17.240,1017416;
sh603389:4.660,4.820,4.810,4.620,3104009;
sh603058:6.670,6.840,6.790,6.670,1888663;
sh603886:15.550,16.180,16.090,15.550,3188879;
sh603239:11.360,11.500,11.600,11.240,3754969;
sh601375:5.320,5.420,5.390,5.270,54409865;
sh603035:15.180,15.420,15.380,15.030,8554225;
sh603032:20.030,20.130,20.310,19.960,2768902;
sh603877:15.110,15.440,15.390,15.100,1175840;
sh603689:10.470,10.690,10.640,10.440,3415079;
sh603579:28.700,29.720,29.170,28.700,1785212;
sh603639:27.850,29.320,28.980,27.850,9418510;
sh601858:11.000,11.270,11.170,10.970,3910438;
sh603638:28.440,29.530,29.490,28.440,1037143;
sh603429:44.730,45.000,45.130,44.200,2874324;
sh603966:9.440,9.750,9.670,9.360,2567320;
sh603089:12.670,13.040,13.500,12.650,1974876;
sh603360:31.950,32.500,32.900,31.800,2609927;
sh603677:11.020,11.360,11.340,11.020,1094618;
sh603637:14.760,15.040,14.990,14.730,1156204;
sh601212:3.050,3.140,3.090,3.040,36930352;
sh603603:7.480,7.850,7.690,7.480,5508400;
sh603817:6.060,6.160,6.140,6.050,2151457;
sh603717:7.810,8.010,7.940,7.810,3647634;
sh603656:13.730,14.050,13.920,13.680,819318;
sh603133:23.800,24.220,24.090,23.370,10472805;
sh603811:26.320,26.730,26.660,26.210,2727092;
sh603955:14.720,15.050,14.980,14.660,811864;
sh603908:22.150,22.800,22.560,22.110,609600;
sh603991:15.580,15.930,16.050,15.580,646885;
sh603578:22.350,23.300,22.680,22.350,3033678;
sh601366:5.210,5.290,5.280,5.200,4242122;
sh603787:12.360,12.700,12.490,12.150,5874009;
sh603320:15.540,15.880,16.150,15.540,1754100;
sh603906:9.480,9.820,9.680,9.480,3853228;
sh603586:17.850,18.200,18.110,17.700,2354153;
sh603538:23.770,24.140,23.920,23.700,4587455;
sh603385:10.100,10.350,10.160,10.050,5752901;
sh603178:9.710,10.240,10.250,10.160,6555896;
sh603238:22.520,23.070,23.180,22.510,3325446;
sh603229:27.940,27.180,27.980,26.710,3260300;
sh603728:11.150,11.410,11.330,11.130,3011463;
sh603896:29.300,29.980,30.030,29.280,810400;
sh603488:7.850,8.060,7.990,7.850,1481700;
sh603197:32.950,33.400,32.970,32.620,5543988;
sh603580:11.080,11.480,11.310,11.080,1211684;
sh603200:22.250,23.390,22.350,22.080,4185762;
sh603042:14.260,14.810,14.600,14.260,4976900;
sh603536:12.960,13.140,13.080,12.910,6075096;
sh603326:16.500,17.670,17.080,16.490,1895900;
sh603316:8.000,8.200,8.160,8.000,1080211;
sh603335:4.290,4.440,4.360,4.270,5888243;
sh603380:15.840,16.380,16.120,15.820,2266298;
sh603286:15.700,16.250,15.970,15.480,3064242;
sh603938:26.300,26.740,26.690,25.790,2769060;
sh603331:15.150,15.540,15.450,15.050,1237356;
sh603933:13.950,14.830,14.730,13.900,7140583;
sh603595:27.500,29.260,29.000,27.500,6616906;
sh603612:11.630,11.800,11.670,11.450,5629317;
sh603676:10.360,10.570,10.550,10.330,2524578;
sh603063:8.610,8.800,8.670,8.510,3035069;
sh603233:55.300,56.690,56.910,55.020,4642795;
sh603357:9.370,9.570,9.480,9.370,3139602;
sh603860:24.350,25.270,24.850,24.350,446900;
sh603880:15.030,15.230,15.430,14.810,8264226;
sh603776:19.000,19.860,19.570,19.000,6567890;
sh603976:15.970,16.430,16.360,15.940,2473651;
sh603079:41.500,43.920,44.670,41.500,8444668;
sh603725:6.210,6.440,6.360,6.200,2210370;
sh603813:17.600,17.650,17.660,17.020,1453325;
sh603136:22.600,22.800,22.880,22.480,779999;
sh603378:24.890,24.810,25.580,24.290,2172814;
sh603367:17.620,18.060,18.160,17.620,8829230;
sh603103:15.300,15.500,15.490,15.210,6139325;
sh603110:14.580,15.070,14.840,14.580,2413900;
sh603499:14.010,14.340,14.500,14.000,618461;
sh603829:9.300,9.580,9.480,9.300,886272;
sh603722:33.860,35.320,34.200,33.400,2659064;
sh603659:98.200,102.400,103.410,100.200,3229836;
sh603076:19.990,20.700,20.300,19.960,637800;
sh603661:38.980,39.500,39.140,38.710,1138498;
sh601019:6.490,6.610,6.590,6.470,4612369;
sh603890:10.150,10.540,10.400,10.150,6694403;
sh603477:10.590,10.900,10.880,10.510,8190166;
sh603895:19.400,19.860,19.650,19.250,1114669;
sh603516:49.700,52.740,49.950,48.510,4201828;
sh603871:29.000,31.020,30.050,29.000,2314427;
sh603709:22.330,22.990,22.800,22.260,397377;
sh603712:24.940,26.000,26.310,24.940,8537151;
sh603059:23.890,24.720,24.460,23.890,1744075;
sh600929:6.010,6.220,6.220,6.000,8846153;
sh603897:16.700,17.270,17.130,16.700,1521590;
sh603301:35.750,35.880,36.420,35.000,10843982;
sh603773:33.880,34.660,34.640,33.860,2675788;
sh603666:86.300,91.690,88.250,85.350,1784020;
sh601990:14.080,14.020,14.090,13.610,262191413;
sh603713:38.500,41.700,40.500,38.500,2977176;
sh601606:9.950,10.380,10.340,10.280,11584614;
sh603590:35.250,35.880,35.700,35.200,2594050;
sh603192:25.030,25.350,25.430,24.730,1281680;
sh601068:4.500,4.610,4.610,4.480,10748515;
sh603297:34.800,35.770,35.150,34.510,1477409;
sh603790:13.740,14.160,14.020,13.660,3141386;
sh603583:55.190,55.380,55.550,54.000,2235368;
sh601975:2.570,2.570,2.660,2.500,71663749;
sh603629:23.970,24.790,24.440,23.950,1519748;
sh603185:40.230,40.900,41.280,39.700,3788604;
sh601298:5.890,6.050,5.960,5.880,13596312;
sh603700:31.500,33.280,32.190,31.000,5929492;
sh601615:11.450,11.620,11.600,11.360,15931448;
sh601865:14.500,15.050,14.730,14.110,13123430;
sh603317:37.310,39.040,38.800,37.250,1752189;
sh603697:11.500,11.870,11.820,11.500,3682637;
sh603982:16.300,16.900,16.760,16.300,5432765;
sh603327:30.270,31.510,30.800,29.920,10187489;
sh603915:12.560,13.040,12.960,12.560,3666025;
sh601236:18.180,18.940,18.460,17.940,86707785;
sh603530:17.990,18.420,18.300,17.980,4029528;
sh603115:17.900,18.450,18.380,17.900,3295028;
sh603992:16.880,17.080,16.980,16.690,2547624;
sh603755:43.980,43.090,43.980,42.010,994965;
sh600000:10.880,11.180,11.080,10.860,40327720;
sh600004:15.840,16.000,15.980,15.750,11661041;
sh600006:3.890,4.010,3.950,3.890,15532725;
sh600007:14.860,15.100,15.230,14.740,1796666;
sh600008:3.220,3.260,3.240,3.200,20354594;
sh600009:72.130,71.570,72.160,70.550,16537829;
sh600011:4.830,4.930,4.880,4.810,35042161;
sh600012:5.390,5.500,5.490,5.320,5450687;
sh600015:7.090,7.170,7.120,7.070,26298904;
sh600016:5.880,5.960,5.920,5.870,78812642;
sh600017:2.590,2.640,2.620,2.580,13089466;
sh600018:4.750,4.880,4.830,4.740,36752562;
sh600019:5.290,5.420,5.350,5.280,58838681;
sh600020:3.870,3.970,3.910,3.830,26402546;
sh600021:7.160,7.260,7.250,7.130,5541005;
sh600023:3.530,3.590,3.560,3.520,20046918;
sh600026:5.680,5.840,5.790,5.660,24314769;
sh600027:3.330,3.390,3.360,3.320,30096912;
sh600028:4.710,4.780,4.750,4.700,101595444;
sh600029:6.110,6.210,6.150,6.080,49832090;
sh600030:23.750,24.180,23.880,23.400,312497318;
sh600031:16.750,17.180,17.080,16.700,70744500;
sh600033:2.800,2.850,2.830,2.790,13891758;
sh600035:3.060,3.130,3.100,3.060,9795815;
sh600036:35.630,36.170,35.750,35.410,65638699;
sh600037:8.940,9.240,9.090,8.910,19304851;
sh600038:42.220,44.600,43.800,42.220,12815934;
sh600050:5.370,5.540,5.440,5.360,195988193;
sh600054:8.140,8.220,8.210,8.110,7416117;
sh600055:12.460,12.660,12.710,12.300,11688015;
sh600056:14.780,14.930,14.960,14.630,27747386;
sh600057:3.910,3.980,3.990,3.890,12737598;
sh600059:7.620,7.780,7.750,7.620,3954745;
sh600060:12.910,13.120,13.050,12.600,20634238;
sh600062:13.970,14.100,14.080,13.940,14382732;
sh600064:8.960,9.180,9.060,8.950,16497940;
sh600066:14.100,14.420,14.270,14.080,22365580;
sh600068:6.100,6.210,6.150,6.080,38017200;
sh600072:12.100,12.670,12.660,12.080,23390363;
sh600073:7.410,7.610,7.630,7.410,14938509;
sh600075:4.900,5.100,5.050,4.900,14432767;
sh600085:27.750,28.090,28.360,27.630,11332496;
sh600089:6.230,6.340,6.330,6.230,19243557;
sh600093:13.730,14.360,14.130,13.700,45030947;
sh600097:9.100,9.280,9.320,9.100,1882269;
sh600098:5.950,6.070,6.030,5.930,2960917;
sh600100:9.190,9.660,9.520,9.190,80391837;
sh600104:21.540,22.740,22.660,21.520,45900435;
sh600105:3.870,4.070,3.980,3.850,23780253;
sh600106:2.720,2.780,2.760,2.710,7011027;
sh600109:8.680,9.200,9.150,8.610,102022352;
sh600114:13.000,13.460,13.100,12.560,60917483;
sh600116:7.400,7.460,7.420,7.350,4895136;
sh600118:37.000,38.030,39.500,36.900,73309088;
sh600125:5.060,5.260,5.180,5.060,20760322;
sh600126:4.570,4.600,4.580,4.530,8630507;
sh600129:12.510,12.650,12.720,12.510,6746090;
sh600131:16.500,17.750,16.940,16.470,20433021;
sh600132:49.000,48.960,49.490,48.500,2635495;
sh600133:4.830,4.960,4.980,4.830,10254402;
sh600138:10.400,10.820,10.660,10.390,22462046;
sh600141:10.290,10.440,10.580,10.210,31813924;
sh600143:9.150,9.450,9.270,9.090,79331701;
sh600150:19.040,20.090,19.940,19.030,17972619;
sh600153:8.120,8.260,8.200,8.120,15785648;
sh600158:9.680,9.940,9.910,9.670,15328839;
sh600170:3.170,3.240,3.230,3.170,39180181;
sh600171:21.600,22.250,21.890,21.350,80778892;
sh600176:10.200,10.300,10.280,10.070,36378832;
sh600177:6.820,6.870,6.890,6.780,19028002;
sh600183:25.890,28.000,28.340,25.700,85168781;
sh600195:11.800,12.220,12.230,11.800,23319329;
sh600196:26.450,26.760,26.770,26.330,23227958;
sh600216:15.040,15.100,15.150,14.640,48932171;
sh600217:5.600,5.780,5.740,5.590,22132217;
sh600219:2.150,2.190,2.170,2.140,92987941;
sh600233:14.890,15.280,15.130,14.660,35290546;
sh600252:3.160,3.220,3.190,3.160,26298735;
sh600256:2.840,2.920,2.900,2.840,42824971;
sh600258:17.040,17.170,17.150,16.910,18792830;
sh600260:12.450,12.760,12.680,12.410,33789167;
sh600261:4.100,4.210,4.160,4.080,16567176;
sh600269:3.650,3.760,3.710,3.640,13294382;
sh600271:23.090,23.570,23.550,23.090,25645431;
sh600276:91.550,92.380,92.460,91.050,15960424;
sh600284:6.290,6.340,6.320,6.220,10450535;
sh601658:5.490,5.560,5.510,5.480,69788822;
sh600969:5.970,6.120,6.040,5.960,3250083;
sh600297:3.200,3.540,3.290,3.200,102696473;
sh600298:27.010,27.450,27.480,27.010,9904600;
sh600299:10.800,11.010,10.920,10.680,14423867;
sh600305:16.580,17.000,16.780,16.510,14939640;
sh600309:49.810,51.490,51.100,49.750,17177853;
sh600312:5.810,6.040,5.950,5.810,12491533;
sh600315:27.440,27.990,28.100,27.440,6171359;
sh600316:12.680,13.940,13.640,12.680,20014931;
sh600320:3.320,3.380,3.360,3.310,10276802;
sh600325:7.000,7.070,7.040,6.930,27303726;
sh600332:35.920,36.240,36.260,35.920,16115221;
sh600340:24.830,25.060,25.100,24.830,16247354;
sh600343:8.000,8.670,8.590,8.000,18874173;
sh600345:19.280,19.990,19.800,19.140,5816981;
sh600350:4.140,4.270,4.280,4.080,17360648;
sh600352:12.870,13.160,13.170,12.860,67076783;
sh600361:3.680,3.740,3.750,3.670,13232271;
sh600362:14.590,14.900,14.710,14.520,36286355;
sh600369:4.890,5.040,4.930,4.830,71697499;
sh600372:13.600,14.770,14.550,13.600,23336118;
sh600376:7.000,7.130,7.060,6.960,9776801;
sh600377:10.440,10.680,10.440,10.120,31820517;
sh600380:10.750,10.910,10.900,10.680,26541759;
sh600383:14.050,14.060,14.190,13.730,49186574;
sh600388:10.140,10.560,10.410,10.140,20888589;
sh600390:7.950,8.070,8.050,7.900,24048716;
sh600391:14.000,14.450,14.450,13.700,7951922;
sh600406:19.240,19.390,19.580,19.020,31110541;
sh600410:10.300,10.580,10.350,10.140,81316074;
sh600418:4.610,4.710,4.700,4.590,21377097;
sh600420:9.810,9.970,10.000,9.810,12221270;
sh600422:10.660,10.730,10.820,10.600,18925959;
sh600428:3.220,3.300,3.270,3.210,9171235;
sh600435:7.960,8.520,8.300,7.940,39205370;
sh600436:127.500,128.160,129.500,126.250,5252945;
sh600439:2.990,3.100,3.060,2.980,11478693;
sh600446:19.680,20.130,19.820,19.400,47470551;
sh600452:16.020,16.850,16.260,15.900,4302200;
sh600460:18.790,18.500,18.980,17.780,147623928;
sh600477:3.780,3.830,3.890,3.760,43587142;
sh600482:17.500,18.400,18.250,17.500,6493285;
sh600483:8.170,8.280,8.190,8.120,6325451;
sh600486:76.000,77.100,78.500,75.610,12396382;
sh600487:15.560,16.040,15.880,15.560,51396322;
sh600489:8.040,8.120,8.140,8.000,43578591;
sh600496:3.210,3.330,3.250,3.200,40604461;
sh600497:4.000,4.070,4.050,3.970,59684477;
sh600498:24.460,25.600,25.160,24.410,22280289;
sh600500:5.890,6.110,6.120,5.810,52014158;
sh600507:9.130,9.270,9.190,9.120,14291222;
sh600511:29.000,29.000,29.060,28.280,8605368;
sh600516:10.170,10.540,10.410,10.120,71087809;
sh600519:1082.500,1093.820,1092.000,1082.400,2644623;
sh600522:7.860,8.130,8.030,7.860,80633359;
sh600529:35.280,35.920,36.060,34.700,3994685;
sh600535:15.780,15.960,15.930,15.670,18454486;
sh600536:68.600,70.300,69.990,68.200,19623569;
sh600545:5.800,5.790,5.910,5.770,12172016;
sh600547:33.600,33.940,34.020,33.420,46187233;
sh600548:9.870,10.040,9.870,9.540,16445479;
sh600557:14.170,14.340,14.300,14.170,10686199;
sh600563:58.300,58.880,58.300,56.960,4419254;
sh600565:2.990,3.050,3.040,2.980,19085228;
sh600566:25.450,25.640,25.670,25.410,7304779;
sh600570:98.200,98.500,98.730,96.520,21562934;
sh600571:10.150,10.500,10.280,10.070,18886793;
sh600572:6.270,6.320,6.300,6.210,56987667;
sh600577:2.640,2.680,2.650,2.600,25292250;
sh600578:2.840,2.880,2.860,2.830,5338621;
sh600580:13.200,13.480,13.550,13.200,31673050;
sh600582:2.870,2.930,2.920,2.870,30656161;
sh600583:6.850,7.000,7.020,6.820,18574974;
sh600584:30.000,30.750,30.490,29.560,86633653;
sh600585:52.820,53.420,53.100,52.380,29327831;
sh600588:43.400,44.010,43.750,42.380,36099151;
sh600590:5.500,5.640,5.590,5.470,16710992;
sh600597:11.250,11.500,11.440,11.180,13107148;
sh600598:12.410,13.200,13.200,12.210,122315188;
sh600600:45.000,45.500,45.360,44.900,5979417;
sh600606:6.090,6.170,6.140,6.040,45629400;
sh600611:3.560,3.670,3.640,3.550,11085907;
sh600612:45.890,46.200,45.890,45.500,2539038;
sh600616:4.390,4.570,4.470,4.390,4644849;
sh600618:8.630,8.910,8.870,8.630,15858475;
sh600619:7.250,7.890,7.890,7.250,4774723;
sh600622:4.000,4.130,4.280,3.870,136117953;
sh600633:9.830,10.220,10.150,10.100,25532079;
sh600635:4.270,4.420,4.400,4.270,43110074;
sh600637:10.800,11.180,11.070,10.760,30414678;
sh600642:5.330,5.430,5.400,5.320,10837038;
sh600643:8.700,8.850,8.840,8.650,25296379;
sh600648:15.060,15.580,15.490,15.050,4789852;
sh600650:8.750,9.020,8.890,8.710,3004451;
sh600655:7.420,7.500,7.480,7.370,7191325;
sh600657:3.530,3.570,3.550,3.500,11110267;
sh600658:4.350,4.470,4.420,4.310,4701595;
sh600660:24.500,25.280,25.050,24.500,14927870;
sh600663:11.820,12.130,12.240,11.720,7388919;
sh600667:11.410,11.560,11.500,11.100,105420300;
sh600674:8.930,9.040,9.030,8.920,6683613;
sh600685:13.150,13.720,13.720,13.080,10154014;
sh600686:6.500,6.680,6.710,6.500,6276792;
sh600688:3.570,3.630,3.600,3.550,9502407;
sh600690:18.280,18.580,18.430,18.020,28421491;
sh600699:28.280,28.800,29.050,28.280,55771874;
sh600702:25.470,26.050,25.990,25.400,8364569;
sh600703:25.300,24.850,25.600,24.410,126029419;
sh600704:5.470,5.500,5.670,5.330,107879671;
sh600705:4.370,4.490,4.440,4.370,58467976;
sh600713:4.810,4.840,4.850,4.800,16589055;
sh600717:5.560,5.700,5.650,5.540,13222166;
sh600718:13.020,13.250,13.180,12.960,22451237;
sh600720:12.070,12.260,12.200,11.970,24325558;
sh600723:5.470,5.600,5.530,5.450,7214600;
sh600728:9.250,9.840,9.650,9.240,65733908;
sh600729:26.450,27.150,26.950,26.370,6449901;
sh600733:6.430,6.630,6.640,6.430,30883974;
sh600741:26.360,28.210,27.640,26.360,24159593;
sh600743:2.200,2.240,2.210,2.180,8400821;
sh600745:124.000,124.460,124.400,120.970,23134611;
sh600749:8.900,9.140,9.200,8.820,3505207;
sh600750:12.800,13.070,12.980,12.790,8348542;
sh600754:26.480,26.660,26.890,26.300,4260544;
sh600760:27.200,29.470,28.770,27.200,27954030;
sh600761:9.790,9.850,9.820,9.690,4416116;
sh600763:100.010,103.790,103.940,102.600,3810993;
sh600765:8.920,9.680,9.420,8.900,22052076;
sh600775:8.880,9.080,8.960,8.840,13283189;
sh600776:18.150,18.780,18.440,18.130,22782688;
sh600779:45.640,46.560,46.490,45.300,4121727;
sh600787:4.800,4.930,5.010,4.790,21207393;
sh600789:12.110,12.330,12.450,11.950,126427221;
sh600790:3.130,3.180,3.170,3.130,7635524;
sh600794:3.360,3.500,3.510,3.360,27284513;
sh600795:2.120,2.150,2.140,2.110,64737731;
sh600797:9.270,9.500,9.370,9.230,41542194;
sh600798:3.110,3.180,3.160,3.110,5317396;
sh600801:23.210,23.470,23.440,22.910,32524825;
sh600803:9.950,10.340,10.350,10.280,12445772;
sh600804:6.250,6.280,6.310,6.110,77913159;
sh600805:4.520,4.660,4.670,4.500,7007711;
sh600809:87.980,87.400,88.160,86.700,4092105;
sh600812:8.930,9.060,9.030,8.880,40204797;
sh600814:4.760,4.910,4.840,4.760,2384725;
sh600816:3.100,3.200,3.240,3.080,137915021;
sh600820:5.470,5.580,5.610,5.460,20304570;
sh600823:4.180,4.200,4.220,4.140,10838698;
sh600826:10.110,10.400,10.330,10.050,3018249;
sh600827:7.710,7.840,7.770,7.700,6578242;
sh600835:15.030,15.370,15.380,14.960,6195654;
sh600837:14.280,14.800,14.500,14.220,159535142;
sh600839:2.570,2.620,2.610,2.570,40627583;
sh600845:46.360,47.970,47.800,46.340,13233869;
sh600848:21.750,21.680,22.150,21.370,8625297;
sh600850:27.210,27.890,27.660,27.080,10308758;
sh600859:12.420,12.660,12.660,12.410,5689879;
sh600872:37.850,38.380,38.430,37.840,7618555;
sh600873:4.210,4.390,4.440,4.210,34806530;
sh600875:9.060,9.340,9.250,9.000,40742158;
sh600884:15.430,15.590,15.700,15.210,32853487;
sh600886:8.070,8.220,8.180,8.070,12488231;
sh600887:29.430,30.170,29.750,29.400,60392606;
sh603551:17.900,18.860,19.000,17.700,8016506;
sh600893:22.120,22.190,22.190,21.550,13688430;
sh600895:13.800,14.140,14.280,13.690,17348446;
sh600897:19.770,20.190,20.100,19.750,1384933;
sh600900:17.600,17.690,17.690,17.550,14198011;
sh600958:9.800,10.080,9.840,9.730,66382755;
sh600967:9.990,10.790,10.400,10.320,23938873;
sh600970:5.990,6.120,6.040,5.960,20869775;
sh600975:7.850,8.100,8.140,7.830,33926527;
sh600987:5.880,6.030,5.990,5.880,5024742;
sh600993:16.340,16.670,16.530,16.330,5170751;
sh600995:7.130,7.280,7.230,7.110,6932451;
sh600998:15.670,16.650,16.060,15.600,22530505;
sh600999:18.070,18.520,18.180,17.900,32589226;
sh601003:5.090,5.160,5.140,5.070,6857431;
sh601006:7.290,7.400,7.330,7.270,35501454;
sh601007:7.870,8.020,7.940,7.860,1523343;
sh601009:7.810,8.050,7.880,7.810,53070065;
sh601010:3.020,3.100,3.050,3.000,10357098;
sh601012:31.810,33.090,32.560,31.800,61613542;
sh601018:3.340,3.410,3.380,3.320,22287378;
sh601021:38.710,38.920,39.200,38.700,8796464;
sh601038:6.180,6.390,6.440,6.150,21758147;
sh601088:16.730,16.890,16.810,16.620,29729631;
sh601099:3.380,3.490,3.420,3.360,195330417;
sh601107:3.510,3.620,3.570,3.490,9759983;
sh601111:7.980,8.150,8.020,7.950,59130897;
sh601116:12.580,12.890,12.900,12.570,5989780;
sh601117:7.170,7.310,7.250,7.130,27904910;
sh601137:12.120,12.730,12.440,12.020,24572057;
sh601139:6.770,7.070,6.900,6.770,15097372;
sh601158:5.340,5.400,5.370,5.330,4410773;
sh601166:17.770,18.150,17.850,17.670,84562069;
sh601169:5.240,5.330,5.270,5.230,48888877;
sh601186:9.150,9.290,9.240,9.120,48675357;
sh601198:11.980,12.310,12.100,11.900,33978088;
sh601211:17.690,17.750,17.690,17.300,53070795;
sh601216:2.790,2.870,2.870,2.780,39206817;
sh601231:20.260,21.020,21.340,20.250,47622396;
sh601238:10.370,11.040,10.770,10.370,27402695;
sh601288:3.420,3.470,3.460,3.420,182243858;
sh601360:24.290,25.190,24.610,24.140,31372585;
sh601318:81.000,82.390,81.670,80.720,66485843;
sh601328:5.270,5.340,5.310,5.270,55971251;
sh601333:2.600,2.660,2.640,2.600,27928742;
sh601336:45.820,46.900,46.200,45.770,19898356;
sh601377:6.690,6.850,6.780,6.640,84340623;
sh601390:5.300,5.390,5.350,5.290,48102684;
sh601398:5.420,5.490,5.450,5.410,210350631;
sh601519:8.100,8.590,8.360,8.000,170524148;
sh601555:8.890,9.330,8.950,8.750,89789847;
sh601579:8.020,8.170,8.160,8.020,1105500;
sh601588:2.810,2.870,2.850,2.810,31229857;
sh601600:3.110,3.170,3.140,3.100,65080949;
sh601601:33.610,34.240,33.890,33.560,37526387;
sh601607:20.400,20.160,20.480,20.110,34320473;
sh601618:2.520,2.560,2.550,2.510,55524945;
sh601628:30.710,31.440,31.060,30.520,25138032;
sh601633:8.100,8.660,8.420,8.100,39639361;
sh601636:5.200,5.260,5.250,5.140,40626233;
sh601668:5.500,5.540,5.530,5.460,209480533;
sh601669:3.950,4.010,3.990,3.930,34669127;
sh601688:19.400,19.750,19.580,19.210,179400207;
sh601717:6.080,6.210,6.160,6.080,16611316;
sh601718:3.900,3.910,3.950,3.840,67101783;
sh601766:6.260,6.430,6.380,6.250,81840357;
sh601788:11.950,12.230,12.020,11.810,39793481;
sh601800:7.960,8.090,8.030,7.950,39661216;
sh601801:5.020,5.140,5.120,5.010,7212427;
sh601808:18.150,18.400,18.150,17.880,11349804;
sh601857:5.290,5.380,5.330,5.270,83216696;
sh601872:5.410,5.650,5.550,5.410,74407469;
sh601877:28.230,28.280,28.300,27.830,13343744;
sh601880:1.770,1.810,1.800,1.770,25230032;
sh601888:80.940,81.250,81.810,80.770,14122003;
sh601890:5.230,5.530,5.520,5.230,28549840;
sh601899:4.550,4.610,4.630,4.480,241915762;
sh601901:8.000,8.060,8.000,7.830,84175330;
sh601919:4.300,4.440,4.410,4.290,21306410;
sh601928:7.200,7.370,7.420,7.190,14543784;
sh601933:8.990,9.100,9.120,8.920,99795148;
sh601939:6.640,6.740,6.680,6.620,89329851;
sh601965:7.920,8.270,8.080,7.870,8004527;
sh601985:4.570,4.680,4.630,4.560,32134252;
sh601988:3.560,3.600,3.590,3.550,87595430;
sh601989:4.420,4.600,4.540,4.410,146471203;
sh601991:2.120,2.180,2.160,2.120,14954434;
sh601992:3.280,3.350,3.340,3.270,46011696;
sh601998:5.550,5.660,5.580,5.540,30475392;
sh603000:20.980,21.520,21.250,20.760,29796728;
sh603005:95.000,104.500,101.990,100.350,20581187;
sh603008:13.510,13.700,13.570,13.400,5151339;
sh603011:4.510,4.680,4.590,4.510,6067963;
sh603019:48.600,48.920,49.800,48.130,44494756;
sh603026:34.400,35.010,35.050,34.090,6992773;
sh603066:9.150,9.450,9.750,8.820,22238223;
sh603100:8.240,8.570,8.430,8.240,3179882;
sh603118:15.330,15.330,15.330,14.670,73991775;
sh603128:5.590,5.840,5.870,5.560,35391140;
sh603169:4.980,5.100,5.090,4.970,11008317;
sh603198:17.200,17.400,17.280,17.040,5186134;
sh603199:21.660,22.000,22.030,21.600,1016800;
sh603288:105.150,105.370,106.190,104.550,2607363;
sh603306:13.100,13.540,13.560,13.100,1529192;
sh603328:11.490,12.050,11.830,11.490,22695683;
sh603338:68.340,70.700,70.000,68.140,2069264;
sh603355:23.380,23.850,23.850,23.250,1745931;
sh603368:34.910,35.350,35.210,34.890,3102604;
sh603369:30.190,30.270,30.350,29.690,11036370;
sh603398:9.100,9.320,9.230,9.060,3896708;
sh603589:45.220,46.350,46.010,45.220,5331739;
sh603598:15.390,15.800,15.760,15.220,17363748;
sh603599:16.100,17.090,17.110,16.100,19336494;
sh603606:11.340,11.600,11.440,11.230,10387771;
sh603636:13.860,13.870,14.170,13.530,26186633;
sh603678:25.500,27.800,26.520,25.440,31885553;
sh603686:12.390,12.540,12.470,12.250,17257521;
sh603696:7.660,7.960,7.970,7.660,3309667;
sh603698:11.420,11.790,11.680,11.340,3112766;
sh603699:12.090,12.280,12.250,12.050,4792166;
sh603718:15.030,16.530,16.320,15.000,16653703;
sh603766:3.450,3.590,3.520,3.430,24310091;
sh603799:53.000,54.600,53.990,52.010,52401249;
sh603806:50.060,50.230,50.500,49.420,3522176;
sh603866:38.310,38.240,38.730,37.890,3104753;
sh603883:70.870,71.880,71.390,69.630,2244096;
sh603885:12.150,12.490,12.270,12.110,17417292;
sh603889:5.260,5.370,5.330,5.260,2614200;
sh603898:14.800,15.210,15.150,14.800,1025532;
sh603899:48.290,48.100,48.770,47.850,4903430;
sh603939:84.170,86.080,86.280,84.170,1863472;
sh603993:5.310,5.400,5.430,5.240,511104628;
sh603225:11.050,11.290,11.290,11.000,3431556;
sh603195:151.000,166.850,166.850,143.010,33605505;
sh601816:7.230,7.300,7.360,7.220,284995406;
sh600673:8.630,8.800,8.810,8.630,24899998;
sh601916:4.230,4.330,4.260,4.230,100926006;
sh603027:21.900,22.160,22.280,21.760,6129192;
sh603520:47.980,49.390,49.350,47.820,2180648;
sh603868:35.180,36.700,36.300,35.180,1692404;
sh603737:91.540,93.260,92.340,90.690,1203014;
sh601611:6.250,6.410,6.340,6.230,15369873;
sh601127:9.380,9.580,9.530,9.350,3061821;
sh601966:23.110,24.310,23.570,22.760,11429052;
sh603322:17.710,18.380,18.550,17.700,3095915;
sh600919:6.550,6.680,6.600,6.550,34048005;
sh601811:11.950,12.360,12.230,11.710,2773615;
sh600977:12.920,13.320,13.240,12.900,15268174;
sh603986:309.000,318.000,320.870,309.000,4893185;
sh603658:120.240,122.250,121.880,118.200,1326958;
sh603189:23.650,23.950,23.880,23.250,8031129;
sh600908:5.040,5.190,5.090,5.030,18080248;
sh603421:16.100,16.600,16.480,16.060,5137484;
sh603777:10.090,10.330,10.280,10.000,4234246;
sh603816:42.130,42.750,42.350,41.730,2538161;
sh603160:313.990,324.480,328.480,312.080,4994077;
sh603258:32.000,32.620,32.740,31.750,6679195;
sh603290:43.290,43.290,43.290,43.290,80929;
sh601229:8.720,8.860,8.770,8.700,23789454;
sh603858:21.020,21.190,21.150,20.940,15868382;
sh603727:20.900,21.140,21.330,20.860,3176552;
sh603900:7.990,8.190,8.130,7.990,2618435;
sh600909:7.210,7.350,7.280,7.100,125739541;
sh603990:48.890,51.250,53.020,48.520,4230052;
sh603708:24.780,24.950,25.460,24.700,2920313;
sh603416:28.430,29.370,29.170,28.430,957612;
sh600996:8.250,8.600,8.360,8.220,17022669;
sh603298:13.040,13.210,13.160,13.000,3470894;
sh603218:19.520,20.020,19.870,19.320,2992371;
sh603929:16.100,16.040,16.180,15.770,10811822;
sh603186:47.410,51.180,50.940,47.410,5362728;
sh603444:429.000,433.500,435.160,419.810,885090;
sh603228:46.970,48.800,47.700,46.510,7649166;
sh603690:40.260,40.980,40.530,39.480,9809599;
sh603039:85.020,87.220,86.220,83.000,1442663;
sh603337:22.200,22.850,22.650,22.090,3103325;
sh601881:10.620,10.840,10.690,10.520,73320837;
sh603881:50.000,49.280,50.000,48.300,9389687;
sh603208:71.500,77.400,74.880,71.020,1197755;
sh600939:4.070,4.180,4.130,4.050,4279425;
sh603501:188.000,192.990,193.000,187.470,4626065;
sh603517:38.420,38.450,39.380,37.920,8037658;
sh603960:35.350,36.480,36.190,34.850,3346855;
sh603630:12.300,12.640,12.540,12.300,2907401;
sh603138:24.960,25.880,24.980,24.310,8780330;
sh603803:13.200,13.550,13.450,13.100,10617496;
sh603232:47.640,51.590,48.730,47.150,3442503;
sh603920:28.430,29.300,28.880,28.000,20985097;
sh603078:41.900,44.010,42.390,41.260,7291303;
sh601200:11.480,11.700,11.690,11.460,11000672;
sh603303:9.160,9.430,9.270,9.120,2968761;
sh603833:113.000,114.750,115.750,112.660,1564956;
sh601228:3.300,3.380,3.340,3.300,12139849;
sh603345:58.000,57.700,58.560,56.000,2763488;
sh601952:8.120,8.280,8.550,8.030,112798054;
sh603383:68.040,71.300,68.900,67.530,3294875;
sh603496:29.700,30.900,29.820,29.010,6776976;
sh603226:15.180,15.610,15.590,15.100,3180841;
sh603980:7.180,7.380,7.350,7.180,4511611;
sh601878:10.750,10.900,10.860,10.560,98786333;
sh603043:27.190,27.270,27.190,26.950,2381254;
sh603801:21.600,22.260,22.250,21.450,3345177;
sh603387:34.930,34.930,34.930,33.710,27672477;
sh603707:51.240,50.900,51.250,50.000,3383331;
sh603825:26.600,28.480,27.660,26.380,9180106;
sh603978:21.930,22.990,22.880,21.930,3895100;
sh603602:21.990,22.560,22.400,21.860,8188840;
sh601326:2.770,2.830,2.860,2.770,13885406;
sh603129:44.440,45.080,44.850,43.810,1889454;
sh601949:5.900,6.130,6.000,5.890,11503623;
sh603127:71.920,76.100,74.240,71.120,4910436;
sh603183:9.250,9.530,9.470,9.250,2623000;
sh603882:55.870,56.460,56.600,55.550,5598617;
sh603277:9.160,9.600,9.290,9.160,2622471;
sh603386:15.100,15.680,15.480,15.060,4890882;
sh603648:8.790,9.000,9.060,8.730,5851707;
sh603321:7.470,7.550,7.500,7.400,2254313;
sh603106:7.650,8.030,7.870,7.640,25011175;
sh603533:16.080,16.650,16.420,16.050,7444000;
sh603363:14.300,15.370,15.150,14.290,12892190;
sh603466:13.710,14.060,14.040,13.600,4932881;
sh601108:10.590,10.670,10.590,10.370,133741689;
sh603607:19.030,19.670,19.350,19.030,2297340;
sh603260:28.440,28.630,28.440,28.060,4965509;
sh603289:8.070,8.390,8.270,8.070,2792687;
sh603912:14.780,15.030,15.130,14.700,5392843;
sh603856:10.650,11.030,11.150,10.650,6725151;
sh600903:12.430,12.700,12.730,12.410,10255422;
sh603083:35.870,36.810,37.970,35.870,15800910;
sh603605:108.900,109.580,108.900,107.500,1388092;
sh603619:13.790,14.060,13.990,13.660,7411700;
sh603365:14.800,14.960,15.010,14.800,3468916;
sh603711:22.470,23.280,22.960,22.470,2170986;
sh603848:14.450,15.190,14.640,14.400,7322157;
sh600025:3.840,3.940,3.910,3.830,32631964;
sh603283:39.760,41.170,40.480,39.510,6866245;
sh603329:11.680,12.150,12.380,11.660,3827491;
sh603080:13.950,14.500,14.530,13.950,1660514;
sh601155:35.200,35.230,35.400,34.620,12673383;
sh603180:60.950,62.770,61.980,60.630,809919;
sh603056:11.270,11.580,11.580,10.930,17587060;
sh601828:10.750,11.060,10.860,10.670,9290895;
sh601838:8.290,8.480,8.320,8.260,26806240;
sh603156:25.950,26.450,26.310,25.930,3429901;
sh600901:5.420,5.580,5.490,5.420,24758412;
sh603214:37.660,38.150,38.510,37.640,1223619;
sh603259:109.470,114.000,113.330,109.440,12647808;
sh603486:25.660,25.310,25.670,24.750,4884315;
sh601138:18.440,19.190,18.670,18.220,81472052;
sh601330:10.260,10.470,10.460,10.190,19571400;
sh601066:33.660,33.790,33.950,32.870,93056690;
sh601869:31.130,31.920,31.830,30.980,3649346;
sh601577:8.220,8.450,8.280,8.220,17511517;
sh601162:6.290,6.420,6.350,6.210,208066771;
sh603220:18.990,19.600,19.300,18.900,7411446;
sh601319:7.100,7.250,7.160,7.090,91011527;
sh603187:34.230,34.900,34.750,34.150,4016220;
sh601860:4.600,4.750,4.630,4.570,57587585;
sh603121:17.940,18.550,18.280,17.900,4953046;
sh603739:24.950,24.650,24.950,24.550,2928741;
sh601598:3.690,3.810,3.760,3.680,37441237;
sh600928:6.380,6.630,6.440,6.370,32471301;
sh603068:115.000,118.900,120.790,112.400,7502240;
sh600968:2.580,2.630,2.610,2.580,54795641;
sh601698:19.670,20.040,21.360,19.650,114785683;
sh603236:234.700,247.480,245.500,229.000,958988;
sh603983:68.000,68.780,68.950,67.430,2202450;
sh603613:91.000,96.250,95.670,90.000,2303086;
sh603267:62.000,63.960,65.780,62.000,7242725;
sh603093:22.750,23.000,22.950,22.400,9615123;
sh603927:80.970,78.070,81.000,77.020,7161172;
sz000006:4.710,4.840,4.820,4.700,12374603;
sz000007:8.020,8.110,8.220,8.010,8053250;
sz000008:3.100,3.230,3.220,3.090,48375216;
sz000009:6.970,7.130,7.190,6.920,101153243;
sz000011:8.040,8.210,8.170,8.010,3853453;
sz000017:3.840,3.860,3.870,3.780,6235740;
sz000023:11.500,11.720,11.600,11.400,3001262;
sz000025:18.990,19.360,19.360,18.900,4967245;
sz000028:47.710,47.630,47.940,47.050,6279228;
sz000036:3.740,3.780,3.800,3.740,11258504;
sz000038:10.330,10.450,10.460,10.150,9860942;
sz000045:7.150,7.440,7.270,7.110,12340259;
sz000050:16.300,16.710,16.600,16.220,34879582;
sz000055:4.390,4.440,4.500,4.260,9434411;
sz000058:6.770,6.990,6.960,6.750,24670086;
sz000059:5.440,5.560,5.530,5.430,14449272;
sz000061:5.840,6.110,6.280,5.840,39874852;
sz000068:3.520,3.610,3.590,3.500,13507670;
sz000078:5.250,5.260,5.330,5.090,165984595;
sz000150:4.080,4.310,4.250,4.070,20801688;
sz000151:8.440,8.680,8.710,8.410,5501071;
sz000155:4.900,5.040,4.980,4.880,28597496;
sz000301:4.800,4.920,4.940,4.780,9667035;
sz000402:7.080,7.200,7.190,7.070,11263578;
sz000415:3.310,3.420,3.410,3.310,37418097;
sz000416:4.820,4.940,5.000,4.780,18460302;
sz000421:4.070,4.160,4.130,4.070,2292701;
sz000430:4.470,4.620,4.560,4.470,3326606;
sz000498:4.180,4.250,4.220,4.180,7250328;
sz000501:10.910,11.000,11.030,10.870,7593989;
sz000503:15.050,15.500,15.560,15.000,23997278;
sz000505:5.760,5.900,6.150,5.760,27161608;
sz000506:2.610,2.660,2.640,2.600,18384226;
sz000507:5.020,5.220,5.180,5.020,10289689;
sz000510:3.940,4.030,4.010,3.920,11953473;
sz000514:4.020,4.050,4.020,3.940,7354643;
sz000517:2.770,2.810,2.790,2.730,33558728;
sz000518:5.690,5.760,5.790,5.580,66796381;
sz000523:7.010,7.140,7.190,7.010,13810812;
sz000525:10.330,10.640,10.640,10.330,23440957;
sz000526:28.100,29.290,28.750,27.850,2728289;
sz000529:6.450,6.650,6.660,6.450,7705179;
sz000530:3.720,3.780,3.750,3.640,10159844;
sz000531:6.120,6.350,6.210,6.120,4602314;
sz000532:10.430,10.740,10.640,10.430,9314212;
sz000533:2.520,2.610,2.580,2.510,9915761;
sz000536:2.190,2.260,2.220,2.180,45849763;
sz000537:6.750,6.890,6.860,6.730,13979698;
sz000540:3.720,3.720,3.720,3.720,41201981;
sz000543:4.120,4.200,4.170,4.110,20945752;
sz000544:6.020,6.180,6.140,6.020,5989313;
