sh600048:14.960,15.030,15.160,14.920,33392200;
sh600053:24.010,25.880,24.480,24.010,7073357;
sh600061:12.300,12.150,12.380,12.100,11422461;
sh600063:3.690,3.640,3.740,3.610,23718779;
sh600071:8.870,8.810,8.950,8.710,995300;
sh600076:3.820,3.820,3.850,3.800,7762482;
sh600077:2.800,2.820,2.820,2.790,2958743;
sh600078:5.640,5.740,5.840,5.540,111317809;
sh600079:14.960,14.960,14.960,14.960,3009083;
sh600081:10.780,10.590,10.780,10.480,3186846;
sh600082:3.400,3.430,3.430,3.370,4097700;
sh600090:3.990,3.990,4.040,3.970,8055303;
sh600101:5.850,5.930,5.850,5.800,1942648;
sh600111:9.060,9.040,9.180,8.950,36280622;
sh600113:6.140,6.230,6.150,6.100,6078030;
sh600115:4.160,4.130,4.160,4.110,20807304;
sh600120:8.520,8.520,8.600,8.420,7597506;
sh600146:10.780,10.350,10.780,10.300,8224532;
sh600151:4.400,4.350,4.410,4.310,4950800;
sh600156:4.520,4.560,4.680,4.460,11536400;
sh600160:7.050,6.890,7.070,6.860,21437933;
sh600161:35.660,35.700,36.970,35.550,7675194;
sh600162:2.040,2.040,2.040,2.020,6346902;
sh600169:2.070,2.030,2.070,2.030,10629600;
sh600175:1.320,1.300,1.340,1.300,30990864;
sh600197:13.130,13.180,13.350,13.110,4260086;
sh600199:5.050,5.020,5.090,5.000,4125678;
sh600200:6.770,6.840,6.910,6.730,25673546;
sh600203:9.030,9.090,9.240,8.960,21880500;
sh600206:12.510,12.440,12.620,12.320,35320523;
sh600207:4.280,4.130,4.280,4.120,2508466;
sh600208:3.050,3.020,3.060,3.010,34905690;
sh600213:7.400,7.290,7.490,7.240,3166400;
sh600218:8.490,8.400,8.540,8.360,4619140;
sh600221:1.560,1.570,1.570,1.540,85785650;
sh600223:6.820,6.780,6.930,6.710,14739844;
sh600226:2.340,2.330,2.380,2.290,29724886;
sh600227:2.970,3.010,3.050,2.950,10983300;
sh600235:4.700,4.890,4.710,4.560,29655833;
sh600236:4.540,4.560,4.590,4.540,1760945;
sh600242:7.880,7.540,7.900,7.510,28705004;
sh600246:7.040,7.160,7.210,6.920,23249563;
sh600262:15.270,15.370,15.310,15.000,590222;
sh600266:6.820,6.780,6.820,6.740,5412123;
sh600267:14.140,14.400,14.700,14.060,57570477;
sh600268:5.900,6.020,6.000,5.820,26056343;
sh600278:9.090,9.040,9.160,8.980,2438451;
sh600279:3.720,3.690,3.730,3.680,1939411;
sh600283:9.370,9.920,9.540,9.250,8611985;
sh600285:8.200,8.440,8.540,8.160,11023198;
sh600288:11.220,11.070,11.220,11.000,1721367;
sh600291:7.230,7.080,7.240,7.050,9480008;
sh600293:2.730,2.700,2.740,2.680,6324135;
sh600300:3.330,3.350,3.470,3.320,93994777;
sh600310:3.710,3.720,3.760,3.700,3337933;
sh600311:2.630,2.590,2.670,2.580,23913333;
sh600313:4.130,4.370,4.590,4.050,187221558;
sh600317:2.160,2.150,2.170,2.130,4234897;
sh600322:2.550,2.520,2.550,2.510,9120134;
sh600323:19.800,19.760,19.920,19.680,10462875;
sh600326:6.620,6.560,6.650,6.530,5969550;
sh600336:4.910,4.850,4.970,4.840,8336730;
sh600337:4.360,4.470,4.410,4.300,38251394;
sh600338:8.220,8.080,8.270,8.000,7203940;
sh600339:2.800,2.790,2.810,2.730,46048365;
sh600351:5.010,5.020,5.030,4.980,3573200;
sh600353:5.240,5.190,5.270,5.160,6777300;
sh600354:3.320,3.490,3.490,3.300,11906777;
sh600355:3.160,3.130,3.190,3.110,9601200;
sh600360:8.150,7.960,8.190,7.920,67931748;
sh600363:13.000,13.060,13.350,12.980,5873137;
sh600366:5.930,6.100,6.150,5.870,78150181;
sh600371:13.180,13.090,13.750,12.900,28918132;
sh600375:4.450,4.430,4.460,4.360,4054700;
sh600381:4.580,4.600,4.630,4.550,3001235;
sh600392:7.150,7.100,7.300,6.980,44454867;
sh600393:2.590,2.590,2.600,2.560,12226100;
sh600398:6.300,6.300,6.380,6.230,5143302;
sh600419:12.190,12.420,12.740,12.100,10496536;
sh600425:3.640,3.610,3.680,3.590,14407900;
sh600429:5.370,5.460,5.670,5.350,11794818;
sh600449:13.300,13.320,14.110,13.150,22496375;
sh600455:23.900,24.020,24.500,23.660,1546250;
sh600463:6.000,6.030,6.050,5.950,1112174;
sh600466:6.070,6.020,6.090,5.970,11758379;
sh600467:2.470,2.730,2.610,2.450,116194170;
sh600476:12.490,12.490,12.580,12.370,1698701;
sh600478:3.960,3.960,4.020,3.930,10262104;
sh600479:8.620,8.660,8.730,8.580,4012872;
sh600480:8.650,8.830,8.970,8.650,7238720;
sh600481:2.990,2.930,2.990,2.930,1922692;
sh600488:4.300,4.330,4.370,4.290,4762500;
sh600495:4.820,4.530,4.860,4.500,63377775;
sh600499:4.310,4.200,4.310,4.160,6196551;
sh600501:8.150,8.180,8.320,8.070,5390297;
sh600503:3.090,3.080,3.120,3.060,11742116;
sh600505:8.590,9.010,8.690,8.460,4086500;
sh600506:8.700,9.570,9.570,8.700,7688741;
sh600517:6.620,6.530,6.650,6.490,7847558;
sh600520:8.740,8.600,8.820,8.600,2422700;
sh600525:5.200,5.140,5.240,5.120,7708713;
sh600526:6.070,5.980,6.070,5.820,6218015;
sh600527:2.360,2.410,2.440,2.340,35440763;
sh600530:3.290,3.280,3.340,3.260,5940750;
sh600533:3.130,3.130,3.140,3.090,11806566;
sh600537:3.020,3.000,3.040,2.980,4163935;
sh600549:11.330,11.210,11.470,11.140,7417599;
sh600559:8.520,8.500,8.640,8.470,7347326;
sh600562:13.840,13.570,13.840,13.530,5257024;
sh600568:1.470,1.460,1.510,1.440,27596733;
sh600573:6.170,6.230,6.360,6.170,4776873;
sh600587:17.060,17.350,17.640,16.900,11607199;
sh600593:39.800,41.730,40.240,39.680,1193180;
sh600596:8.530,8.480,8.600,8.460,5268883;
sh600601:3.270,3.210,3.290,3.200,10714437;
sh600602:7.220,7.090,7.270,7.070,6395190;
sh600603:5.630,5.590,5.680,5.560,5966297;
sh600604:7.180,7.370,7.240,7.130,28927735;
sh600613:6.800,6.830,6.910,6.740,2982500;
sh600623:5.460,5.380,5.460,5.340,6051824;
sh600624:8.360,8.440,8.420,8.210,15439513;
sh600626:5.100,5.080,5.180,5.040,6607326;
sh600628:11.720,11.780,12.170,11.720,4112047;
sh600630:7.330,7.430,7.500,7.300,7044600;
sh600638:5.230,5.170,5.230,5.110,1605400;
sh600639:11.950,12.010,11.970,11.850,1408285;
sh600640:17.900,17.710,18.260,17.570,10611395;
sh600641:19.600,19.160,19.710,18.970,13110117;
sh600644:4.810,4.860,4.840,4.800,1255119;
sh600645:18.100,18.290,18.570,18.030,5291671;
sh600647:12.570,12.850,12.890,12.510,1495930;
sh600649:5.400,5.370,5.420,5.330,4271535;
sh600651:3.550,3.580,3.630,3.550,6130554;
sh600661:15.860,15.920,16.240,15.860,1168001;
sh600662:3.810,3.810,3.820,3.790,4299698;
sh600668:14.100,14.030,14.230,13.930,4651186;
sh603179:21.930,22.780,22.760,21.500,3829091;
sh600671:10.770,11.320,11.870,10.700,3964262;
sh600677:4.250,4.220,4.390,4.190,10912854;
sh600678:6.830,6.770,6.960,6.730,14462400;
sh600682:8.390,8.430,8.580,8.330,8781003;
sh600683:3.750,3.720,3.760,3.700,5313901;
sh600684:3.110,3.120,3.130,3.100,3292971;
sh600689:8.010,8.020,8.060,7.910,1433400;
sh600693:4.910,4.860,4.910,4.820,2261972;
sh600695:7.970,7.820,8.020,7.720,18759777;
sh600697:14.980,14.800,14.990,14.780,1412817;
sh600706:7.230,7.220,7.230,7.130,1628076;
sh600708:3.030,3.020,3.050,3.010,8547694;
sh600711:4.180,4.150,4.190,4.150,12555010;
sh600712:5.490,5.560,5.700,5.450,35335770;
sh600716:3.900,3.780,3.910,3.750,5942900;
sh600719:4.510,4.450,4.720,4.450,19442643;
sh600724:3.720,3.780,3.810,3.710,8682860;
sh600730:4.300,4.310,4.360,4.280,2076449;
sh600734:3.980,3.890,4.050,3.860,11441858;
sh600736:5.220,5.280,5.240,5.140,11544100;
sh600737:8.360,8.630,8.590,8.290,35412357;
sh600744:2.210,2.200,2.230,2.180,2610339;
sh600746:6.070,6.000,6.130,5.950,2669723;
sh600748:5.120,5.040,5.130,5.020,8657588;
sh603893:57.000,55.400,57.880,54.900,6395036;
sh600755:6.300,6.260,6.310,6.230,5389234;
sh600756:18.860,18.550,18.890,18.500,3294002;
sh600764:27.440,27.070,27.440,26.800,1166757;
sh600770:4.650,4.540,4.670,4.510,7260969;
sh600771:13.050,12.870,13.160,12.830,3579586;
sh600773:5.410,5.450,5.490,5.400,8205285;
sh600777:1.800,1.790,1.810,1.770,69417527;
sh600783:13.200,14.190,13.300,13.090,20595409;
sh600784:4.330,4.340,4.350,4.260,2068300;
sh600785:14.740,14.480,14.790,14.350,760717;
sh600796:5.590,5.790,5.780,5.570,5987900;
sh600800:5.150,5.170,5.450,5.110,12571357;
sh600802:10.780,10.590,10.960,10.550,13772014;
sh600808:2.500,2.470,2.500,2.460,16723100;
sh600818:9.460,9.560,9.690,9.460,994500;
sh600819:4.850,4.790,4.870,4.730,2967200;
sh600821:3.740,3.780,3.760,3.710,1991481;
sh600822:8.610,8.560,8.660,8.510,1405944;
sh600824:3.100,3.080,3.110,3.050,8070200;
sh600825:5.180,5.370,5.200,5.120,10571282;
sh600828:4.110,4.060,4.130,4.050,3776408;
sh600829:6.960,6.980,7.050,6.910,2684300;
sh600830:5.580,5.480,5.580,5.390,16753947;
sh600831:8.220,8.150,8.360,8.130,14446344;
sh600833:9.080,9.100,9.150,9.030,797002;
sh600834:6.260,6.230,6.280,6.210,604009;
sh600836:5.270,5.380,5.270,5.070,17940997;
sh600838:5.930,5.820,5.990,5.740,10240500;
sh600841:6.500,6.510,6.560,6.470,553503;
sh600843:6.400,6.320,6.440,6.300,1953400;
sh600846:8.320,8.280,8.370,8.250,4801934;
sh600851:8.010,7.900,8.200,7.880,3467415;
sh600853:3.740,3.660,3.750,3.650,18390467;
sh600854:3.660,3.710,3.740,3.650,3313945;
sh600855:24.100,24.510,24.510,23.500,44457231;
sh600857:9.600,9.760,9.700,9.560,1037215;
sh600860:3.290,3.180,3.400,3.170,14425501;
sh600861:9.930,10.150,9.950,10.020,2106100;
sh600862:12.410,12.520,12.550,12.340,7681507;
sh600864:6.560,6.470,6.590,6.430,18432919;
sh600865:6.310,6.280,6.310,6.230,4907504;
sh600866:5.310,5.340,5.450,5.280,29409581;
sh600867:10.590,10.690,10.860,10.570,14496508;
sh600868:3.170,3.170,3.200,3.130,21715208;
sh600869:4.330,4.220,4.340,4.210,26183200;
sh600871:2.120,2.070,2.120,2.050,50289263;
sh600874:7.110,7.060,7.130,6.980,7291737;
sh600876:13.180,13.060,13.380,13.020,3448467;
sh600879:6.590,6.490,6.650,6.440,28139986;
sh600880:3.710,3.610,3.720,3.610,14943577;
sh600882:22.410,21.780,22.630,21.510,5926052;
sh600885:29.670,29.070,29.830,28.530,8430175;
sh600888:4.320,4.230,4.320,4.220,5610476;
sh600889:5.460,5.520,5.590,5.410,4288000;
sh600894:7.460,7.170,7.460,7.130,18277697;
sh600898:6.050,5.950,6.060,5.880,2365929;
sh600917:6.440,6.410,6.510,6.370,2149900;
sh600959:3.660,3.640,3.710,3.620,7741680;
sh600962:7.280,8.050,8.050,7.210,8920666;
sh600965:8.070,7.980,8.250,7.950,11921110;
sh600966:7.580,7.390,7.670,7.340,12677744;
sh600973:4.160,4.060,4.160,4.030,13601137;
sh600976:15.470,15.540,15.600,15.400,647200;
sh600980:11.940,11.780,11.950,11.750,2078100;
sh600981:3.280,3.630,3.630,3.260,17648671;
sh600982:2.700,2.700,2.730,2.690,2347013;
sh600983:5.170,5.930,5.780,5.060,48921056;
sh600986:3.720,3.640,3.730,3.620,16686363;
sh600988:8.710,8.730,8.900,8.610,130397866;
sh600990:38.500,37.810,38.680,37.510,1273891;
sh600992:6.230,6.260,6.320,6.230,2959600;
sh601002:5.880,5.660,5.880,5.610,11464859;
sh601008:3.390,3.370,3.400,3.360,4467500;
sh601016:2.190,2.170,2.190,2.160,15214600;
sh601069:14.050,13.920,14.200,13.910,9981719;
sh601100:61.500,61.200,62.400,60.500,2358936;
sh601106:2.600,2.580,2.610,2.570,11338139;
sh601118:5.410,5.590,5.600,5.350,92393908;
sh601126:6.140,6.040,6.200,6.010,7575511;
sh601168:5.810,5.740,5.820,5.710,11750366;
sh601199:3.680,3.630,3.680,3.610,10416690;
sh601222:5.290,5.210,5.310,5.200,8867132;
sh601226:3.810,3.770,3.820,3.760,1209400;
sh601233:11.700,11.390,11.700,11.360,17748547;
sh601311:8.610,8.450,8.610,8.410,5351565;
sh601339:3.410,3.410,3.440,3.380,4296037;
sh601388:1.660,1.650,1.670,1.640,10994140;
sh601515:6.070,6.180,6.090,6.010,7247175;
sh601567:7.450,7.400,7.640,7.390,7431548;
sh601608:3.330,3.260,3.330,3.240,10007200;
sh601616:2.970,2.900,2.970,2.880,11551133;
sh601677:10.330,10.210,10.350,10.160,3105900;
sh601689:18.000,17.240,18.230,16.710,23440176;
sh601700:5.750,5.610,5.760,5.580,21038319;
sh601727:4.670,4.630,4.680,4.590,10214159;
sh601789:4.250,4.180,4.310,4.160,29463008;
sh601799:85.390,83.430,85.690,82.660,950775;
sh601818:3.610,3.590,3.610,3.560,86155191;
sh601866:2.020,2.000,2.030,1.990,25468636;
sh601958:6.160,6.130,6.230,6.100,8643837;
sh601968:4.430,4.500,4.460,4.410,2660100;
sh601996:2.710,2.690,2.720,2.680,6946100;
sh603002:4.310,4.260,4.330,4.230,9841750;
sh603003:7.400,7.160,7.430,7.140,17711183;
sh603006:10.290,10.170,10.390,10.080,1003500;
sh603009:7.500,7.380,7.690,7.320,19662386;
sh603010:12.220,11.890,12.230,11.860,5692967;
sh603015:5.930,5.780,5.930,5.730,1321100;
sh603017:10.680,10.460,10.760,10.460,1851500;
sh603018:13.640,13.580,13.640,13.330,14158635;
sh603020:8.660,8.580,8.860,8.480,8673940;
sh603021:5.920,5.880,6.050,5.810,3109560;
sh603022:19.500,20.310,20.680,19.360,13311624;
sh603023:5.150,5.020,5.150,5.010,17202164;
sh603025:8.010,7.780,8.050,7.760,3945009;
sh603085:6.290,6.320,6.520,6.280,4965772;
sh603088:8.920,8.780,8.930,8.750,1280652;
sh603099:7.920,7.990,7.920,7.860,1040392;
sh603108:9.980,10.070,10.200,9.940,4372248;
sh603111:7.160,6.610,7.160,6.530,35974550;
sh603116:7.070,7.260,7.500,7.000,5669953;
sh603117:3.570,3.510,3.570,3.490,3367922;
sh603123:8.700,9.140,9.160,8.580,10729136;
sh603126:4.410,4.350,4.410,4.350,3329001;
sh603158:18.020,17.370,18.140,17.210,3030300;
sh603168:8.050,8.250,8.230,8.050,3513255;
sh603222:46.880,46.880,46.880,46.880,690300;
sh603227:4.140,4.100,4.140,4.080,1912791;
sh603268:13.900,13.690,13.970,13.550,731028;
sh603299:6.020,6.390,6.160,5.970,20616903;
sh603300:6.890,6.910,7.000,6.770,10086640;
sh603308:13.920,13.600,13.940,13.400,4655800;
sh603318:7.120,7.380,7.220,7.080,15740849;
sh603333:7.830,7.520,7.880,7.510,24187460;
sh603366:5.380,5.300,5.480,5.290,9449700;
sh603456:19.450,19.520,19.970,19.310,6218632;
sh603508:52.750,52.210,52.750,51.820,1121801;
sh603519:11.820,12.050,12.370,11.680,2139680;
sh603566:17.450,17.100,17.850,17.020,3241642;
sh603568:28.510,28.040,28.540,27.750,2521323;
sh603600:13.220,12.920,13.230,12.730,6143249;
sh603601:10.560,11.180,11.210,10.450,76629916;
sh603609:12.160,12.400,12.740,12.100,18723852;
sh603611:16.580,16.880,16.980,16.420,1551979;
sh603616:7.700,7.410,7.700,7.380,5498401;
sh603618:5.800,5.630,5.820,5.600,12991160;
sh603688:22.010,21.530,22.310,21.380,4470335;
sh603703:18.650,18.300,18.660,18.150,4495850;
sh603789:13.020,12.880,13.050,12.880,1593860;
sh603800:11.330,10.970,11.360,10.950,3717555;
sh603808:11.130,11.090,11.220,10.950,2251325;
sh603818:6.730,6.740,6.740,6.670,750400;
sh603838:7.860,7.820,7.890,7.780,885800;
sh603918:13.520,13.050,13.880,12.980,32028106;
sh603936:18.000,17.820,18.180,17.650,5533389;
sh603968:13.310,13.040,13.310,12.930,1944038;
sh603989:25.450,25.020,25.770,24.710,3590484;
sh603997:10.560,10.920,10.920,10.520,63533489;
sh603998:6.730,6.740,6.870,6.630,4042871;
sh603999:5.800,5.680,5.800,5.650,3302680;
sh600127:8.930,9.870,9.750,8.500,245177269;
sh603377:14.440,15.110,14.500,14.250,3954380;
sh601900:10.060,9.920,10.080,9.820,4972918;
sh603919:14.180,14.560,14.480,14.030,6120165;
sh603861:8.140,8.120,8.270,8.080,1932100;
sh603028:11.750,11.050,11.800,10.910,5061800;
sh603798:10.020,9.820,10.130,9.810,1586700;
sh603701:10.580,10.650,10.750,10.380,4988706;
sh603726:14.820,14.990,16.000,14.820,28466328;
sh603528:7.050,7.160,7.080,6.880,4662303;
sh603339:11.830,11.820,11.940,11.740,924413;
sh603131:15.420,15.200,15.790,15.110,2275054;
sh603016:21.000,21.920,21.020,20.520,4424498;
sh603069:10.800,10.980,11.240,10.610,7184200;
sh600936:3.700,3.690,3.720,3.660,2349900;
sh601997:7.690,7.680,7.730,7.640,10551248;
sh601595:11.680,12.440,11.750,11.570,10611764;
sh603515:24.040,23.900,24.090,23.790,1003510;
sh603843:4.720,4.620,4.740,4.600,17257527;
sh601163:12.930,12.780,13.050,12.700,2122038;
sh603393:40.070,40.450,41.270,40.070,5423610;
sh603738:26.100,24.890,26.310,24.680,8553079;
sh601128:6.850,6.840,6.930,6.800,15466064;
sh603313:17.910,17.250,17.920,17.100,7249862;
sh600926:7.720,7.650,7.720,7.600,11908190;
sh603888:22.380,22.590,22.630,22.070,7821365;
sh603060:20.660,20.660,20.950,20.520,847121;
sh603633:11.150,10.870,11.150,10.850,2295196;
sh603987:10.900,10.990,11.270,10.800,6710766;
sh603336:15.970,16.070,16.420,15.820,12015059;
sh603660:11.010,10.980,11.240,10.910,5085726;
sh603559:26.600,25.870,26.980,25.670,43741077;
sh603033:25.300,25.330,26.650,24.910,2259002;
sh603389:4.230,4.160,4.320,4.140,2047138;
sh603058:6.550,6.590,6.630,6.530,901400;
sh603886:17.060,17.200,17.600,17.050,5639531;
sh603239:12.050,12.490,12.370,11.870,2950097;
sh601375:4.890,4.830,4.900,4.810,18641512;
sh603035:13.180,12.860,13.290,12.810,4198647;
sh603877:14.400,14.370,14.550,14.300,652216;
sh603689:10.490,10.440,10.530,10.400,1174177;
sh603579:27.730,27.240,27.730,27.210,919826;
sh603639:26.130,25.780,26.490,25.660,763419;
sh601858:9.700,9.350,9.700,9.300,2820948;
sh603638:36.500,36.400,37.240,35.880,2452116;
sh603429:36.400,35.570,36.400,35.000,1149590;
sh603966:9.660,9.570,9.700,9.530,726760;
sh603089:11.740,11.590,11.830,11.500,660210;
sh603360:27.630,27.630,27.630,27.630,1355968;
sh603677:10.360,10.190,10.480,10.180,555823;
sh603637:13.520,13.540,13.670,13.510,640073;
sh601212:2.830,2.830,2.850,2.810,21052700;
sh603603:6.850,6.780,6.870,6.730,2103500;
sh603817:5.730,5.670,5.730,5.630,938400;
sh603717:7.800,7.920,7.970,7.740,3390280;
sh603656:13.260,13.150,13.400,13.020,287810;
sh603133:17.740,17.330,17.920,17.160,6244200;
sh603811:25.070,25.390,25.630,25.070,1946747;
sh603955:18.390,17.900,19.110,17.800,5292140;
sh603908:22.990,22.640,22.990,22.500,344272;
sh603991:19.790,19.590,20.430,19.080,1371689;
sh603578:19.540,19.420,19.690,19.400,305800;
sh601366:5.960,6.010,6.110,5.960,10251350;
sh603787:11.530,11.480,11.860,11.450,2931600;
sh603320:17.900,19.400,19.400,17.900,4653715;
sh603906:9.110,9.010,9.200,8.980,1532884;
sh603586:17.040,17.000,17.270,16.920,1308500;
sh603538:27.550,27.540,28.130,26.130,4397311;
sh603385:10.570,10.200,10.650,10.180,3807700;
sh603178:7.870,8.010,7.980,7.820,2909136;
sh603238:24.620,26.100,25.780,24.620,3038832;
sh603229:26.230,25.800,27.500,25.530,2591985;
sh603728:13.360,13.840,14.090,13.300,19751934;
sh603896:27.500,27.960,28.040,27.150,1387786;
sh603488:8.290,8.110,8.290,8.080,1262600;
sh603197:26.600,25.680,26.770,25.400,3388511;
sh603580:12.320,12.000,12.370,11.930,2547460;
sh603200:51.880,55.420,55.780,49.960,4926715;
sh603042:19.700,20.200,20.260,19.400,21921572;
sh603536:14.690,15.250,15.880,14.300,23783667;
sh603326:18.100,18.020,18.300,17.840,1188160;
sh603316:11.100,11.340,11.450,11.100,3026600;
sh603335:4.360,4.240,4.390,4.200,19934409;
sh603380:15.620,15.410,15.660,15.400,1437500;
sh603286:15.680,15.460,15.940,15.150,2766300;
sh603938:23.000,22.370,23.100,22.150,2701047;
sh603331:17.480,17.480,17.600,17.100,1143050;
sh603933:12.800,12.410,12.800,12.350,1387228;
sh603595:27.850,27.650,28.170,27.410,1590892;
sh603612:10.550,10.420,10.700,10.300,2414360;
sh603676:10.340,11.470,10.590,10.270,12012677;
sh603063:8.450,8.310,8.580,8.260,2037400;
sh603233:62.370,63.880,65.570,62.110,2380758;
sh603357:9.900,9.720,9.900,9.670,2567019;
sh603860:26.510,26.380,27.060,26.060,462580;
sh603880:13.270,13.670,13.950,13.270,8392992;
sh603776:18.560,18.440,18.770,18.330,1688828;
sh603976:15.450,15.790,15.930,15.400,1912880;
sh603079:38.970,42.310,40.080,38.060,5283811;
sh603725:6.360,6.370,6.430,6.300,1075960;
sh603813:17.500,17.210,17.680,17.210,620927;
sh603136:21.970,21.450,22.060,21.360,1062377;
sh603378:29.770,29.370,29.950,29.060,802086;
sh603367:16.440,16.870,16.930,16.290,5666273;
sh603103:13.700,14.190,13.950,13.610,5740871;
sh603110:14.230,14.130,14.460,14.110,949260;
sh603499:15.470,14.890,15.650,14.670,2045839;
sh603829:10.140,10.530,10.350,10.100,3179210;
sh603722:27.530,27.600,28.000,27.050,1983950;
sh603659:66.380,65.670,66.570,64.620,6557587;
sh603076:19.930,19.810,19.990,19.720,235600;
sh603661:34.880,34.660,35.150,34.520,311200;
sh601019:6.540,6.490,6.540,6.450,2017803;
sh603890:16.370,15.550,16.670,15.210,30153958;
sh603477:12.640,12.900,13.150,12.400,11697272;
sh603895:19.340,18.990,19.340,18.930,507071;
sh603516:40.080,39.290,40.150,39.250,1489830;
sh603871:26.720,26.680,27.080,26.440,411096;
sh603709:26.280,26.000,26.490,25.700,750600;
sh603712:26.070,26.510,27.000,25.880,11330245;
sh603059:24.550,24.580,24.880,24.470,852200;
sh600929:5.880,6.060,6.020,5.810,18774079;
sh603897:16.720,16.450,16.800,16.380,1765145;
sh603301:40.500,42.400,42.780,39.940,12686567;
sh603773:31.330,31.510,31.940,31.120,1675901;
sh603666:91.300,92.960,92.680,89.890,899909;
sh601990:15.430,15.030,15.480,15.010,105008774;
sh603713:51.910,56.690,55.600,51.650,4931941;
sh601606:8.830,9.140,9.550,8.710,14879699;
sh603590:37.670,39.160,38.330,37.610,2983342;
sh603192:25.770,25.170,25.890,25.010,1239993;
sh601068:4.260,4.230,4.270,4.200,4314443;
sh603297:32.880,32.310,32.880,32.000,567540;
sh603790:14.250,13.860,14.260,13.770,9361632;
sh603583:40.770,40.460,41.280,40.120,1140528;
sh601975:2.440,2.450,2.460,2.420,48407567;
sh603629:23.400,22.770,23.480,22.680,919577;
sh603185:39.720,39.230,39.990,38.200,3879855;
sh601298:5.820,5.730,5.820,5.720,4602652;
sh603700:32.680,34.090,34.050,32.500,3145843;
sh601615:10.330,10.150,10.340,10.100,5889461;
sh601865:11.050,10.860,11.100,10.770,6167769;
sh603317:47.250,46.760,48.000,46.610,2254100;
sh603697:13.260,13.380,13.590,13.200,6708771;
sh603982:15.930,15.530,16.310,15.450,5889438;
sh603327:25.450,24.890,25.450,24.790,1703581;
sh603915:12.360,12.400,12.670,12.320,2297943;
sh601236:19.600,19.630,19.950,19.480,29290469;
sh603530:22.380,21.310,22.530,21.270,8754828;
sh603115:17.380,17.220,17.430,17.130,1103682;
sh603992:18.600,18.620,19.180,18.270,3477433;
sh603755:47.190,46.700,48.710,46.600,544500;
sh600000:10.130,10.150,10.210,10.120,14842382;
sh600004:12.560,13.000,12.890,12.550,18910836;
sh600006:4.070,4.010,4.080,4.000,8868303;
sh600007:12.840,12.670,12.880,12.620,2062131;
sh600008:3.060,3.090,3.090,3.060,19727954;
sh600009:62.600,63.400,63.960,62.600,9248045;
sh600011:4.420,4.330,4.420,4.320,19160288;
sh600012:5.120,5.100,5.130,5.080,1359400;
sh600015:6.510,6.470,6.520,6.460,9546283;
sh600016:5.700,5.710,5.720,5.680,54920472;
sh600017:2.470,2.450,2.480,2.430,8979400;
sh600018:4.400,4.360,4.410,4.350,13599878;
sh600019:4.810,4.790,4.810,4.770,19678392;
sh600020:3.790,3.770,3.790,3.750,6225700;
sh600021:7.100,7.220,7.180,7.090,7195949;
sh600023:3.400,3.370,3.400,3.370,7276929;
sh600026:7.290,7.150,7.580,7.150,81856823;
sh600027:3.420,3.400,3.450,3.390,24218011;
sh600028:4.540,4.460,4.540,4.450,167679712;
sh600029:5.170,5.150,5.170,5.120,18760531;
sh600030:22.270,22.130,22.380,22.070,58183730;
sh600031:17.600,17.880,17.970,17.530,68412130;
sh600033:2.730,2.730,2.740,2.720,2534090;
sh600035:3.150,3.100,3.150,3.100,12137048;
sh600036:32.000,32.150,32.290,31.990,25161829;
sh600037:8.750,8.680,8.760,8.630,6274700;
sh600038:41.390,41.490,41.580,41.020,3368630;
sh600050:5.240,5.260,5.310,5.210,83339952;
sh600054:8.230,8.200,8.250,8.160,2326250;
sh600055:13.420,13.750,14.080,13.380,17202584;
sh600056:14.740,14.990,14.950,14.630,23548839;
sh600057:4.810,4.830,4.920,4.760,17190969;
sh600059:7.300,7.330,7.410,7.270,3103716;
sh600060:9.720,9.550,9.750,9.480,8628744;
sh600062:12.380,12.440,12.560,12.360,5683343;
sh600064:8.310,8.290,8.320,8.200,5837782;
sh600066:13.250,13.250,13.370,13.120,9174114;
sh600068:6.400,6.300,6.440,6.270,45822850;
sh600072:11.170,11.050,11.260,11.050,11116565;
sh600073:8.620,8.600,8.850,8.580,33834198;
sh600075:4.840,4.880,4.910,4.810,6457085;
sh600085:24.690,24.780,25.150,24.600,4182018;
sh600089:7.360,7.170,7.360,7.160,63295340;
sh600093:12.210,11.930,12.280,11.850,11562552;
sh600097:9.550,9.940,9.850,9.470,7537398;
sh600098:5.930,5.870,5.950,5.830,2027000;
sh600100:8.140,8.040,8.170,8.010,14540214;
sh600104:19.500,19.330,19.560,19.130,18167083;
sh600105:4.640,4.520,4.640,4.490,19609809;
sh600106:2.750,2.740,2.760,2.730,2516714;
sh600109:9.180,9.060,9.190,9.030,29222221;
sh600114:9.160,9.250,9.340,9.120,19669665;
sh600116:8.170,8.220,8.230,8.110,8627374;
sh600118:30.850,29.810,30.850,29.600,20698363;
sh600125:4.790,4.740,4.790,4.720,6319320;
sh600126:6.700,6.710,6.860,6.630,40837368;
sh600129:11.190,11.100,11.280,11.090,2055647;
sh600131:18.090,18.000,18.380,17.910,6939405;
sh600132:47.200,47.120,48.000,46.390,3620803;
sh600133:5.740,5.930,5.880,5.670,32790588;
sh600138:9.820,9.860,9.920,9.750,9617367;
sh600141:9.970,9.840,10.040,9.790,13812131;
sh600143:8.050,7.960,8.160,7.910,36948659;
sh600150:18.510,18.350,18.550,18.350,7975874;
sh600153:7.580,7.600,7.650,7.520,7842696;
sh600158:8.380,8.470,8.510,8.340,6113833;
sh600170:3.200,3.170,3.210,3.160,13225870;
sh600171:17.150,16.920,17.210,16.800,17023744;
sh600176:8.030,7.940,8.030,7.900,19837810;
sh600177:6.370,6.400,6.420,6.350,6862617;
sh600183:27.300,26.460,27.450,26.280,32744797;
sh600195:12.810,12.680,13.130,12.650,12942857;
sh600196:31.900,32.960,33.390,31.800,71207212;
sh600216:16.860,16.810,17.480,16.570,33638346;
sh600217:5.240,5.130,5.240,5.110,4551327;
sh600219:2.090,2.070,2.100,2.070,34361053;
sh600233:11.340,11.200,11.530,11.200,13485946;
sh600252:3.250,3.260,3.300,3.230,20386751;
sh600256:2.660,2.620,2.670,2.610,26122940;
sh600258:13.400,13.430,13.720,13.320,14317262;
sh600260:13.400,13.110,13.450,13.090,27473536;
sh600261:3.650,3.590,3.650,3.570,6886627;
sh600269:3.480,3.470,3.490,3.470,4147949;
sh600271:19.200,19.020,19.260,18.980,10847585;
sh600276:91.800,93.730,94.150,91.530,29210344;
sh600284:6.400,6.580,6.550,6.360,20755478;
sh601658:5.250,5.260,5.260,5.230,11272065;
sh600969:6.300,6.250,6.310,6.230,2685633;
sh600297:4.000,3.930,4.000,3.860,50230506;
sh600298:34.390,34.780,35.170,34.250,7308201;
sh600299:11.560,11.390,11.760,11.330,15151324;
sh600305:19.200,19.430,19.650,19.020,13121739;
sh600309:42.200,42.920,44.130,42.100,23453686;
sh600312:8.410,8.190,8.440,8.120,40846241;
sh600315:24.860,24.620,24.930,24.580,2995541;
sh600316:12.300,12.550,12.560,12.210,13017903;
sh600320:3.280,3.280,3.300,3.270,4584647;
sh600325:6.510,6.490,6.530,6.420,11796078;
sh600332:30.460,30.920,31.170,30.450,7831258;
sh600340:21.240,21.350,21.510,21.130,8952149;
sh600343:8.050,8.010,8.120,7.990,3565462;
sh600345:21.510,21.040,21.510,20.950,4230633;
sh600350:4.170,4.170,4.200,4.140,3936500;
sh600352:11.960,11.750,11.960,11.720,29742448;
sh600361:4.280,4.370,4.400,4.220,37003797;
sh600362:12.710,12.660,12.710,12.590,8330508;
sh600369:4.520,4.500,4.550,4.460,13912494;
sh600372:13.080,13.060,13.220,12.970,5693555;
sh600376:6.630,6.620,6.700,6.570,4578691;
sh600377:9.380,9.650,9.730,9.360,5603150;
sh600380:11.230,11.270,11.420,11.160,11780303;
sh600383:13.870,14.040,14.250,13.820,14588708;
sh600388:8.870,9.020,9.030,8.810,14561107;
sh600390:7.320,7.170,7.340,7.160,9901251;
sh600391:16.680,16.800,16.890,16.440,9583701;
sh600406:19.490,19.310,19.640,19.160,12900261;
sh600410:13.900,13.280,14.040,13.220,140441540;
sh600418:5.000,4.880,5.030,4.870,15019019;
sh600420:9.300,9.350,9.490,9.300,7909993;
sh600422:9.700,9.780,9.910,9.690,7281918;
sh600428:3.160,3.140,3.160,3.120,5920201;
sh600435:7.420,7.310,7.420,7.300,7073302;
sh600436:122.500,126.990,128.150,122.500,5407882;
sh600439:2.710,2.690,2.710,2.670,7154031;
sh600446:17.170,16.950,17.250,16.880,9405905;
sh600452:16.710,16.810,16.840,16.560,1369904;
sh600460:15.250,14.910,15.250,14.870,33318259;
sh600477:3.910,3.840,3.920,3.840,15831960;
sh600482:16.640,16.410,16.710,16.340,3362087;
sh600483:8.150,8.110,8.160,8.080,3074313;
sh600486:69.070,69.930,70.490,68.310,2659419;
sh600487:16.800,16.420,16.880,16.400,46766186;
sh600489:7.970,7.880,8.010,7.850,36066665;
sh600496:3.790,3.780,3.920,3.770,25056334;
sh600497:3.610,3.560,3.620,3.540,21278657;
sh600498:33.500,32.770,33.680,32.540,41129531;
sh600500:5.190,5.110,5.190,5.090,9152780;
sh600507:8.130,8.040,8.170,7.970,9644581;
sh600511:28.880,30.080,30.150,28.770,15023423;
sh600516:9.300,9.200,9.360,9.180,30302817;
sh600519:1139.030,1139.790,1147.960,1131.980,2761761;
sh600522:10.030,9.900,10.080,9.850,99574694;
sh600529:32.950,32.120,32.960,31.420,5255185;
sh600535:13.820,13.920,13.960,13.800,7336146;
sh600536:73.600,71.900,73.830,71.620,11424909;
sh600545:5.460,5.420,5.560,5.400,5432875;
sh600547:34.300,34.320,34.660,34.130,45017445;
sh600548:8.730,8.880,8.820,8.700,4062988;
sh600557:13.050,13.190,13.490,13.010,4924396;
sh600563:46.400,45.660,46.780,45.510,1516823;
sh600565:2.820,2.780,2.830,2.760,16515502;
sh600566:21.700,21.870,22.190,21.550,5076859;
sh600570:89.030,88.200,89.500,88.010,8252827;
sh600571:9.090,8.920,9.110,8.880,5938983;
sh600572:5.980,5.550,5.980,5.510,126480516;
sh600577:2.800,2.730,2.810,2.710,12178100;
sh600578:2.750,2.700,2.750,2.700,5234900;
sh600580:10.810,10.710,10.940,10.680,15699358;
sh600582:2.980,2.930,2.990,2.920,12711515;
sh600583:5.330,5.240,5.350,5.150,42571599;
sh600584:21.480,21.190,21.600,20.950,59309546;
sh600585:54.200,54.620,55.410,54.200,17589934;
sh600588:43.210,42.960,43.590,42.580,21359924;
sh600590:5.510,5.390,5.520,5.390,7065730;
sh600597:11.000,11.190,11.350,10.990,18168738;
sh600598:15.700,15.580,16.140,15.380,79453988;
sh600600:44.810,45.370,46.110,44.780,7231079;
sh600606:5.470,5.480,5.520,5.430,21604694;
sh600611:3.580,3.650,3.660,3.560,10645887;
sh600612:39.240,38.780,39.770,38.660,1563186;
sh600616:4.490,4.540,4.600,4.470,6473800;
sh600618:7.320,7.280,7.370,7.260,3586900;
sh600619:8.210,8.290,8.370,8.190,1861952;
sh600622:3.680,3.590,3.690,3.570,10707817;
sh600633:9.200,9.070,9.350,8.930,18213158;
sh600635:4.120,4.310,4.130,4.070,44959565;
sh600637:8.860,8.770,8.900,8.770,10438404;
sh600642:5.290,5.290,5.320,5.270,5924952;
sh600643:7.970,7.860,8.000,7.830,11291595;
sh600648:14.660,14.550,14.660,14.150,3946209;
sh600650:8.630,8.580,8.670,8.530,930532;
sh600655:7.250,7.270,7.320,7.180,5930937;
sh600657:3.740,3.760,3.760,3.710,11110503;
sh600658:4.310,4.260,4.350,4.260,1746649;
sh600660:18.900,18.760,18.970,18.650,14362263;
sh600663:11.260,11.160,11.280,11.100,1534867;
sh600667:10.600,10.310,10.680,10.290,63744173;
sh600674:9.350,9.300,9.390,9.200,3853459;
sh600685:14.130,13.920,14.480,13.860,18547681;
sh600686:6.200,6.100,6.200,6.080,2155810;
sh600688:4.250,4.120,4.250,4.010,61188958;
sh600690:14.800,14.780,14.910,14.700,24703153;
sh600699:20.960,19.850,20.970,19.710,48145992;
sh600702:22.860,22.780,23.060,22.680,3684970;
sh600703:21.250,21.510,21.690,20.810,131570547;
sh600704:4.820,4.740,4.840,4.730,15221612;
sh600705:3.930,3.900,3.950,3.890,14889718;
sh600713:4.380,4.360,4.410,4.330,5845800;
sh600717:5.420,5.370,5.420,5.360,4077836;
sh600718:11.500,11.480,11.520,11.400,8010192;
sh600720:13.280,13.060,13.530,13.000,26800667;
sh600723:5.430,5.370,5.480,5.320,3479549;
sh600728:9.130,8.910,9.140,8.870,32712668;
sh600729:27.540,27.600,27.740,27.500,6070340;
sh600733:5.600,5.510,5.620,5.420,21930576;
sh600741:20.990,20.350,21.190,20.150,21003519;
sh600743:2.160,2.150,2.170,2.130,5109000;
sh600745:109.000,106.990,109.950,106.110,15588423;
sh600749:8.200,8.170,8.240,8.130,911616;
sh600750:11.500,11.540,11.610,11.460,2851355;
sh600754:24.000,24.880,24.730,23.800,4595121;
sh600760:28.200,28.340,28.850,28.130,6742608;
sh600761:9.240,9.190,9.250,9.140,3902603;
sh600763:108.660,108.900,110.980,107.900,1975572;
sh600765:8.790,8.760,8.890,8.650,6025722;
sh600775:8.800,8.600,8.800,8.580,10877239;
sh600776:17.280,17.050,17.280,16.990,8395381;
sh600779:43.540,43.590,44.090,43.240,3056985;
sh600787:4.570,4.530,4.570,4.480,10514530;
sh600789:9.690,9.820,9.840,9.610,60144389;
sh600790:3.100,3.090,3.110,3.080,5084095;
sh600794:3.260,3.210,3.260,3.200,9177740;
sh600795:2.030,2.020,2.040,2.020,27813710;
sh600797:9.150,8.910,9.180,8.890,25933882;
sh600798:3.220,3.150,3.230,3.120,14191500;
sh600801:22.800,22.600,23.110,22.510,13159407;
sh600803:8.580,8.600,8.670,8.470,9780395;
sh600804:6.210,6.110,6.210,6.080,42980478;
sh600805:4.560,4.540,4.620,4.510,2311231;
sh600809:91.100,90.790,91.900,89.800,3646903;
sh600814:5.220,5.300,5.220,5.120,15527939;
sh600820:5.510,5.440,5.520,5.410,9599797;
sh600823:4.140,4.140,4.150,4.110,7127340;
sh600826:10.050,10.240,10.410,10.050,893767;
sh600827:7.620,7.540,7.640,7.510,4960040;
sh600835:13.970,13.790,14.030,13.760,1756628;
sh600837:13.000,12.890,13.000,12.840,34677944;
sh600839:2.800,2.730,2.800,2.730,39189735;
sh600845:41.150,40.270,41.750,40.110,5452747;
sh600848:19.600,19.550,19.660,19.380,3103670;
sh600850:22.220,21.890,22.380,21.730,3244661;
sh600859:12.070,11.990,12.100,11.950,2361966;
sh600872:46.000,46.620,47.500,45.610,6263988;
sh600873:4.450,4.540,4.540,4.410,40048716;
sh600875:8.480,8.480,8.560,8.380,6000004;
sh600884:10.990,10.730,10.990,10.710,10040697;
sh600886:7.900,7.880,7.960,7.850,7280101;
sh600887:29.150,29.430,29.680,29.010,38832352;
sh603551:16.660,16.760,17.210,16.430,5914051;
sh600893:21.410,21.710,21.520,21.240,7945282;
sh600895:12.350,12.590,12.350,12.190,11942858;
sh600897:17.680,17.870,17.880,17.680,891013;
sh600900:17.260,17.220,17.270,17.120,9093944;
sh600958:9.430,9.410,9.500,9.330,29181262;
sh600967:9.140,9.080,9.140,9.050,6728167;
sh600970:6.040,5.900,6.040,5.880,16776607;
sh600975:8.490,8.670,8.980,8.490,31954097;
sh600987:5.550,5.580,5.590,5.530,1889399;
sh600993:15.030,15.020,15.180,14.850,2558819;
sh600995:7.400,7.420,7.420,7.320,2509308;
sh600998:16.940,17.600,18.300,16.940,12355654;
sh600999:17.790,17.810,17.930,17.680,14004121;
sh601003:4.940,4.810,4.960,4.790,12180118;
sh601006:6.770,6.780,6.780,6.740,15915007;
sh601007:8.030,8.040,8.030,7.960,1340847;
sh601009:7.280,7.270,7.320,7.250,20332549;
sh601010:3.120,3.080,3.120,3.070,4354500;
sh601012:26.000,25.330,26.000,25.160,43756673;
sh601018:3.390,3.310,3.390,3.300,35131068;
sh601021:33.130,33.310,33.420,32.900,2654148;
sh601038:6.120,6.220,6.360,6.100,15256766;
sh601088:16.080,16.120,16.260,16.080,12347987;
sh601099:3.330,3.240,3.330,3.220,99626077;
sh601107:3.420,3.400,3.430,3.380,4832300;
sh601111:6.710,6.640,6.710,6.600,25827835;
sh601116:12.310,12.400,12.450,12.140,4995750;
sh601117:5.990,5.890,5.990,5.870,27476262;
sh601137:12.290,11.830,12.290,11.800,4115201;
sh601139:7.200,7.280,7.420,7.160,9511131;
sh601158:5.220,5.210,5.230,5.200,2115860;
sh601166:16.030,16.060,16.080,15.900,42080765;
sh601169:4.840,4.840,4.850,4.820,26972040;
sh601186:9.790,9.670,9.820,9.650,51166090;
sh601198:11.000,10.900,11.030,10.860,7245403;
sh601211:16.450,16.350,16.500,16.310,14929922;
sh601216:2.460,2.440,2.470,2.430,16053959;
sh601231:16.900,16.600,16.900,16.400,19576554;
sh601238:10.260,10.150,10.320,10.070,9887358;
sh601288:3.390,3.400,3.400,3.380,115780429;
sh601360:19.350,19.050,19.350,18.960,15459218;
sh601318:69.100,68.860,69.260,68.410,42025417;
sh601328:5.190,5.170,5.200,5.160,31167300;
sh601333:2.400,2.370,2.400,2.350,17830700;
sh601336:40.790,40.670,40.930,40.540,6672782;
sh601377:6.280,6.190,6.290,6.160,26814458;
sh601390:5.530,5.520,5.540,5.470,52643317;
sh601398:5.160,5.140,5.180,5.120,109604624;
sh601519:7.350,7.250,7.390,7.210,22550624;
sh601555:8.000,7.840,8.020,7.800,35366450;
sh601579:7.690,7.730,7.720,7.650,707928;
sh601588:2.690,2.670,2.690,2.660,9052769;
sh601600:2.930,2.890,2.930,2.880,26373122;
sh601601:28.120,27.710,28.200,27.500,21907965;
sh601607:18.740,18.930,19.040,18.710,26836755;
sh601618:2.610,2.580,2.610,2.560,29157813;
sh601628:26.620,26.300,26.640,26.170,6267072;
sh601633:8.350,8.160,8.400,8.140,15295169;
sh601636:4.760,4.780,4.870,4.710,16253145;
sh601668:5.260,5.240,5.280,5.220,75928156;
sh601669:3.820,3.760,3.820,3.760,53396771;
sh601688:17.660,17.470,17.660,17.390,37446400;
sh601717:5.510,5.470,5.550,5.450,11329979;
sh601718:3.810,3.760,3.870,3.710,60429621;
sh601766:6.500,6.420,6.510,6.420,28084658;
sh601788:11.050,10.900,11.080,10.890,11263259;
sh601800:8.140,8.010,8.150,7.980,63209302;
sh601801:4.780,4.750,4.780,4.730,3196402;
sh601808:12.600,12.830,12.990,12.250,57255588;
sh601857:4.730,4.630,4.730,4.610,279856007;
sh601872:6.460,6.370,6.750,6.330,161852235;
sh601877:23.990,23.610,23.990,23.600,4585984;
sh600663:11.260,11.160,11.280,11.100,1534867;
sh600667:10.600,10.310,10.680,10.290,63744173;
sh600674:9.350,9.300,9.390,9.200,3853459;
sh600685:14.130,13.920,14.480,13.860,18547681;
sh600686:6.200,6.100,6.200,6.080,2155810;
sh600688:4.250,4.120,4.250,4.010,61188958;
sh600690:14.800,14.780,14.910,14.700,24703153;
sh600699:20.960,19.850,20.970,19.710,48145992;
sh600702:22.860,22.780,23.060,22.680,3684970;
sh600703:21.250,21.510,21.690,20.810,131570547;
sh600704:4.820,4.740,4.840,4.730,15221612;
sh600705:3.930,3.900,3.950,3.890,14889718;
sh600713:4.380,4.360,4.410,4.330,5845800;
sh600717:5.420,5.370,5.420,5.360,4077836;
sh600718:11.500,11.480,11.520,11.400,8010192;
sh600720:13.280,13.060,13.530,13.000,26800667;
sh600723:5.430,5.370,5.480,5.320,3479549;
sh600728:9.130,8.910,9.140,8.870,32712668;
sh600729:27.540,27.600,27.740,27.500,6070340;
