sh600048:15.180,14.940,15.180,14.840,38659332;
sh600053:25.430,25.370,26.130,25.360,4274155;
sh600061:12.450,12.440,12.670,12.410,19856648;
sh600063:3.830,3.820,3.850,3.790,15607944;
sh600071:9.110,9.030,9.220,9.010,1719600;
sh600076:3.870,3.890,3.880,3.850,8473200;
sh600077:2.840,2.840,2.870,2.830,3794285;
sh600078:5.750,5.710,5.820,5.590,50369995;
sh600079:19.000,19.600,19.500,18.620,76315938;
sh600081:11.080,11.470,11.340,10.900,11435604;
sh600082:3.550,3.580,3.570,3.520,4734600;
sh600090:4.070,4.090,4.090,4.060,9407352;
sh600101:6.050,6.070,6.080,6.040,2900884;
sh600111:9.200,9.080,9.210,9.060,26688630;
sh600113:6.510,6.460,6.620,6.440,6930458;
sh600115:4.300,4.280,4.320,4.270,35392959;
sh600120:8.860,8.910,9.030,8.810,9809073;
sh600146:12.020,13.200,13.250,11.950,19861848;
sh600151:4.560,4.520,4.590,4.490,8797671;
sh600156:4.750,4.690,4.770,4.630,8124787;
sh600160:7.070,7.060,7.110,7.020,19686469;
sh600161:36.460,37.880,37.080,36.310,14560531;
sh600162:2.070,2.080,2.090,2.070,6921195;
sh600169:2.090,2.080,2.100,2.060,11476000;
sh600175:1.310,1.310,1.310,1.290,32586786;
sh600197:13.210,13.130,13.260,13.110,4821247;
sh600199:5.160,5.170,5.190,5.140,11108300;
sh600200:7.090,7.380,7.330,7.090,48954150;
sh600203:10.100,9.840,10.110,9.800,33929208;
sh600206:13.070,12.930,13.070,12.830,31988965;
sh600207:4.250,4.310,4.310,4.230,5246200;
sh600208:3.130,3.120,3.160,3.120,50081882;
sh600213:7.680,7.650,7.710,7.570,5646758;
sh600218:8.750,8.700,8.820,8.660,6262871;
sh600221:1.600,1.590,1.600,1.580,56901494;
sh600223:7.300,7.210,7.340,7.070,28089535;
sh600226:2.480,2.510,2.550,2.460,49167691;
sh600227:2.990,3.090,3.030,2.990,16698267;
sh600235:4.830,4.940,5.040,4.810,22721850;
sh600236:4.520,4.540,4.570,4.510,1199779;
sh600242:7.810,7.950,7.980,7.700,32064800;
sh600246:6.990,6.910,7.030,6.770,33796476;
sh600262:15.540,15.430,15.690,15.280,610391;
sh600266:6.860,6.830,6.880,6.820,7334681;
sh600267:17.000,16.490,17.710,16.320,154904371;
sh600268:6.410,6.880,6.980,6.310,62629796;
sh600278:9.300,9.290,9.320,9.240,2914703;
sh600279:3.780,3.790,3.850,3.760,4773503;
sh600283:10.210,10.000,10.650,10.030,10145548;
sh600285:8.720,8.850,8.780,8.660,6452023;
sh600288:11.410,11.430,11.540,11.410,2447453;
sh600291:7.260,7.380,7.450,7.230,16144929;
sh600293:2.850,2.900,2.910,2.850,15346084;
sh600300:3.990,3.780,4.080,3.650,228456070;
sh600310:3.870,3.910,3.950,3.850,5302218;
sh600311:2.650,2.680,2.660,2.640,17082572;
sh600313:4.300,4.260,4.300,4.060,125296444;
sh600317:2.170,2.170,2.180,2.150,5046950;
sh600322:2.570,2.570,2.590,2.560,13084620;
sh600323:19.520,19.610,19.610,19.360,7397566;
sh600326:7.060,6.950,7.060,6.900,16061104;
sh600336:5.130,5.140,5.170,5.100,13738350;
sh600337:4.370,4.380,4.370,4.320,15234970;
sh600338:8.350,8.290,8.370,8.240,4353200;
sh600339:2.810,2.790,2.820,2.770,20183778;
sh600351:5.150,5.150,5.160,5.110,5904977;
sh600353:5.440,5.460,5.570,5.390,10533846;
sh600354:4.030,3.760,4.030,3.650,44165962;
sh600355:3.350,3.480,3.430,3.310,32127639;
sh600360:8.240,8.110,8.250,8.050,51660829;
sh600363:14.250,14.270,14.440,14.210,5514377;
sh600366:6.000,6.020,6.060,5.860,48425640;
sh600371:13.250,13.700,13.340,12.820,32384085;
sh600375:4.600,4.570,4.650,4.540,3807782;
sh600381:4.660,4.700,4.720,4.660,5442649;
sh600392:7.310,7.260,7.440,7.220,35662557;
sh600393:2.690,2.800,2.750,2.680,27140394;
sh600398:6.550,6.480,6.560,6.460,4332397;
sh600419:12.730,12.700,12.790,12.490,8209749;
sh600425:3.750,3.770,3.850,3.750,20191907;
sh600429:5.710,5.630,5.740,5.580,10486311;
sh600449:14.820,14.600,15.090,14.410,21655298;
sh600455:24.820,25.040,25.180,24.810,1744826;
sh600463:6.250,6.230,6.320,6.190,1354601;
sh600466:6.220,6.160,6.250,6.130,12642777;
sh600467:3.600,3.050,3.630,3.040,310757852;
sh600476:13.050,13.100,13.260,12.980,2791720;
sh600478:4.040,4.060,4.120,4.040,11961336;
sh600479:8.990,9.050,8.990,8.920,8731111;
sh600480:8.900,8.760,8.920,8.720,5070889;
sh600481:3.070,3.030,3.080,3.010,7988203;
sh600488:4.610,4.670,4.610,4.560,11966455;
sh600495:4.590,4.590,4.630,4.530,34248828;
sh600499:4.380,4.340,4.410,4.330,7859504;
sh600501:10.400,9.870,10.890,9.770,59521666;
sh600503:3.150,3.140,3.160,3.130,13775638;
sh600505:9.600,9.780,9.710,9.520,4891531;
sh600506:10.130,9.800,10.160,9.670,7199335;
sh600517:6.790,6.910,7.000,6.780,15253310;
sh600520:8.940,8.980,9.160,8.800,2353202;
sh600525:5.190,5.170,5.220,5.170,9663130;
sh600526:6.410,6.330,6.550,6.300,9612300;
sh600527:2.770,3.040,3.040,2.740,126217667;
sh600530:3.520,3.530,3.570,3.500,5880718;
sh600533:3.220,3.200,3.240,3.200,16054700;
sh600537:3.080,3.120,3.120,3.070,6221300;
sh600549:11.480,11.600,11.690,11.450,10796146;
sh600559:8.840,8.780,8.850,8.700,8048775;
sh600562:14.900,15.060,15.070,14.690,9209524;
sh600568:1.440,1.460,1.460,1.440,35286871;
sh600573:6.480,6.430,6.500,6.380,3873123;
sh600587:17.530,18.000,17.780,17.460,13084623;
sh600593:41.400,40.580,41.490,40.340,1006200;
sh600596:8.690,8.640,8.690,8.620,6763887;
sh600601:3.370,3.660,3.500,3.370,78858346;
sh600602:7.450,7.450,7.460,7.380,7546222;
sh600603:5.720,6.030,5.880,5.690,18952992;
sh600604:7.310,7.300,7.450,7.300,13048523;
sh600613:7.140,7.110,7.140,7.060,3794820;
sh600623:5.530,5.490,5.540,5.480,6199407;
sh600624:8.620,8.660,8.690,8.600,14279159;
sh600626:5.230,5.220,5.250,5.190,7493700;
sh600628:12.580,12.600,13.270,12.450,7982070;
sh600630:7.660,7.690,7.720,7.620,9253205;
sh600638:5.350,5.340,5.410,5.300,2117660;
sh600639:12.500,12.570,12.500,12.320,2552228;
sh600640:20.850,22.360,22.300,20.850,33863436;
sh600641:19.670,19.440,19.750,19.380,7566874;
sh600644:4.940,4.930,4.970,4.910,1451300;
sh600645:18.700,19.800,19.400,18.700,16494530;
sh600647:13.430,13.430,13.610,13.310,1660000;
sh600649:5.400,5.400,5.440,5.370,4703586;
sh600651:3.650,3.650,3.700,3.630,9027360;
sh600661:16.500,16.660,16.880,16.440,1990158;
sh600662:3.910,3.930,3.920,3.890,6538917;
sh600668:14.620,14.620,14.780,14.550,6614104;
sh603179:22.910,22.850,23.150,22.540,906791;
sh600671:12.500,12.380,12.500,12.230,4397969;
sh600677:4.100,4.090,4.130,4.030,18868881;
sh600678:7.130,7.100,7.230,7.060,13687351;
sh600682:8.660,8.560,8.690,8.540,9257532;
sh600683:3.920,3.970,3.980,3.860,11444741;
sh600684:3.220,3.260,3.330,3.210,9124925;
sh600689:8.300,8.290,8.370,8.270,2111300;
sh600693:4.860,4.850,4.870,4.830,3315671;
sh600695:8.120,8.170,8.550,8.040,32259156;
sh600697:15.040,15.100,15.120,15.040,1059174;
sh600706:7.570,7.570,7.640,7.470,2268239;
sh600708:3.090,3.100,3.130,3.090,16851429;
sh600711:4.310,4.250,4.310,4.230,17047428;
sh600712:5.910,5.800,5.920,5.790,22281400;
sh600716:3.890,3.910,3.910,3.860,3728300;
sh600719:4.460,4.420,4.500,4.410,4544243;
sh600724:3.830,3.810,3.850,3.810,7823133;
sh600730:4.430,4.540,4.470,4.410,7203224;
sh600734:3.860,4.080,4.190,3.820,36561692;
sh600736:5.330,5.350,5.360,5.300,10717138;
sh600737:9.390,9.190,9.480,9.060,70278622;
sh600744:2.320,2.330,2.350,2.310,5872570;
sh600746:6.220,6.150,6.250,6.120,3264290;
sh600748:5.380,5.660,5.450,5.290,44689720;
sh603893:55.850,54.700,55.880,54.530,3916252;
sh600755:6.370,6.570,6.390,6.340,34094614;
sh600756:19.180,19.100,19.320,18.970,4888899;
sh600764:28.500,28.040,28.630,27.900,1941267;
sh600770:4.730,4.780,4.810,4.720,8117053;
sh600771:13.200,13.470,13.250,13.050,7259367;
sh600773:5.630,5.620,5.720,5.610,5511600;
sh600777:1.820,1.810,1.830,1.800,40424496;
sh600783:14.100,13.990,14.440,13.950,10372884;
sh600784:4.440,4.440,4.460,4.420,1750132;
sh600785:15.000,14.850,15.150,14.820,739702;
sh600796:5.950,5.900,6.080,5.860,6808990;
sh600800:5.210,5.200,5.220,5.150,9882754;
sh600802:11.270,11.220,11.560,11.180,16487269;
sh600808:2.590,2.580,2.610,2.550,31863046;
sh600818:9.810,9.800,9.940,9.740,938603;
sh600819:4.910,4.840,4.920,4.830,3647700;
sh600821:3.890,3.890,3.950,3.880,1946601;
sh600822:8.680,8.690,8.700,8.640,2350500;
sh600824:3.360,3.340,3.450,3.310,16916963;
sh600825:5.380,5.370,5.500,5.350,7083737;
sh600828:4.210,4.180,4.220,4.160,5897574;
sh600829:7.200,7.290,7.230,7.140,7050040;
sh600830:6.400,6.840,6.840,6.280,85396739;
sh600831:8.540,8.630,8.680,8.490,20382411;
sh600833:9.370,9.430,9.460,9.350,1673096;
sh600834:6.410,6.440,6.420,6.350,1754649;
sh600836:5.480,5.500,5.580,5.430,15872850;
sh600838:6.400,6.360,6.500,6.310,23954855;
sh600841:6.720,6.730,6.750,6.690,933300;
sh600843:6.590,6.590,6.660,6.570,2505900;
sh600846:8.520,8.520,8.580,8.480,5765131;
sh600851:8.100,8.180,8.150,8.040,4049188;
sh600853:3.800,3.810,3.870,3.770,23244120;
sh600854:3.870,3.860,3.910,3.840,5830512;
sh600855:23.580,24.000,24.300,23.460,100731709;
sh600857:9.780,9.910,9.860,9.780,1030785;
sh600860:3.380,3.540,3.530,3.380,6105369;
sh600861:10.210,10.560,10.430,10.210,2701876;
sh600862:13.240,13.140,13.340,13.010,12246837;
sh600864:6.650,6.660,6.770,6.630,31789326;
sh600865:6.390,6.460,6.540,6.370,9453325;
sh600866:5.780,5.950,5.920,5.710,65287143;
sh600867:11.880,11.930,11.880,11.610,37169029;
sh600868:3.230,3.260,3.290,3.230,23775784;
sh600869:4.320,4.390,4.490,4.300,38570654;
sh600871:2.090,2.100,2.110,2.080,26401400;
sh600874:6.990,6.930,7.000,6.900,6986100;
sh600876:13.550,13.650,13.600,13.360,4539599;
sh600879:7.040,6.960,7.150,6.920,59507790;
sh600880:3.920,3.920,4.030,3.890,29956599;
sh600882:21.850,22.920,22.020,21.710,7834510;
sh600885:30.400,30.680,30.470,30.120,4279068;
sh600888:4.460,4.450,4.470,4.400,8297790;
sh600889:5.630,5.670,5.720,5.590,4243600;
sh600894:7.580,7.440,7.750,7.410,20434332;
sh600898:6.390,6.360,6.450,6.330,2277056;
sh600917:6.430,6.400,6.470,6.400,1801000;
sh600959:3.700,3.740,3.730,3.700,13180894;
sh600962:8.330,8.170,8.420,8.100,11643884;
sh600965:8.180,8.250,8.200,8.000,14339436;
sh600966:7.590,7.490,7.640,7.460,13941700;
sh600973:4.240,4.210,4.290,4.200,14643720;
sh600976:15.940,15.980,16.120,15.940,1528800;
sh600980:12.400,12.400,12.540,12.330,2242266;
sh600981:3.670,3.650,3.740,3.640,17375555;
sh600982:2.760,2.780,2.790,2.760,3088400;
sh600983:6.600,6.470,7.400,6.470,61476821;
sh600986:3.870,3.880,3.900,3.830,28702275;
sh600988:9.000,9.180,9.030,8.810,96852634;
sh600990:39.720,39.420,40.240,39.170,1328216;
sh600992:6.500,6.480,6.550,6.450,3441586;
sh601002:6.030,6.060,6.110,5.990,11187417;
sh601008:3.450,3.450,3.460,3.440,7073100;
sh601016:2.210,2.210,2.220,2.200,14535000;
sh601069:14.520,14.550,14.520,14.340,10320990;
sh601100:64.160,66.000,65.360,63.210,3704818;
sh601106:2.640,2.630,2.650,2.630,11893030;
sh601118:5.370,5.370,5.420,5.250,59195919;
sh601126:6.180,6.270,6.330,6.150,10877851;
sh601168:5.940,5.850,5.950,5.830,14830553;
sh601199:3.770,3.780,3.830,3.770,11689900;
sh601222:5.240,5.250,5.270,5.220,10821500;
sh601226:3.950,3.950,3.980,3.920,2637750;
sh601233:11.960,11.840,12.010,11.770,14972557;
sh601311:8.830,8.740,8.860,8.720,5625124;
sh601339:3.530,3.520,3.540,3.490,5476559;
sh601388:1.710,1.710,1.720,1.690,18363600;
sh601515:6.650,6.620,6.740,6.530,9924720;
sh601567:7.540,8.280,7.730,7.540,28074739;
sh601608:3.370,3.390,3.430,3.360,15916852;
sh601616:3.060,3.070,3.150,3.030,19715500;
sh601677:10.450,10.350,10.450,10.320,4624840;
sh601689:17.580,17.230,17.720,17.130,10400210;
sh601700:5.770,5.880,5.980,5.750,34445336;
sh601727:4.710,4.690,4.720,4.690,9916678;
sh601789:4.280,4.440,4.380,4.200,49885704;
sh601799:85.550,87.230,87.730,85.500,1020873;
sh601818:3.620,3.590,3.620,3.590,62552901;
sh601866:2.040,2.030,2.050,2.020,22955743;
sh601958:6.260,6.260,6.260,6.170,13102327;
sh601968:4.590,4.580,4.630,4.570,1986600;
sh601996:2.800,2.870,2.810,2.770,23198517;
sh603002:4.490,4.440,4.520,4.440,10941478;
sh603003:7.430,7.470,7.500,7.340,10927500;
sh603006:10.570,10.550,10.770,10.510,1124800;
sh603009:7.490,7.490,7.500,7.320,11581015;
sh603010:12.400,12.390,12.560,12.230,4909961;
sh603015:5.990,6.050,6.120,5.990,1559100;
sh603017:10.750,10.740,10.960,10.670,3426399;
sh603018:14.210,13.790,14.210,13.760,8918021;
sh603020:8.970,8.920,9.060,8.760,8008737;
sh603021:6.040,6.110,6.110,5.980,1539422;
sh603022:19.400,19.000,19.940,18.880,6372700;
sh603023:5.160,5.340,5.180,5.080,16523741;
sh603025:7.990,7.940,8.060,7.830,4935255;
sh603085:6.590,6.570,6.670,6.560,3044330;
sh603088:9.060,9.150,9.110,9.000,1799013;
sh603099:8.330,8.350,8.420,8.250,1635091;
sh603108:10.400,10.480,10.480,10.340,6166148;
sh603111:7.330,7.320,7.480,7.240,25784434;
sh603116:7.350,7.640,7.450,7.260,4442660;
sh603117:3.630,3.640,3.640,3.600,6234019;
sh603123:9.110,9.590,9.280,8.990,9213542;
sh603126:4.490,4.470,4.520,4.450,5521878;
sh603158:18.180,17.950,18.250,17.680,3600534;
sh603168:8.480,8.500,8.520,8.400,2901986;
sh603222:45.600,46.780,45.600,44.500,2914886;
sh603227:4.180,4.200,4.230,4.170,3691900;
sh603268:13.680,13.910,13.720,13.600,1280140;
sh603299:6.470,6.560,6.560,6.430,11457546;
sh603300:7.030,7.210,7.230,7.000,11060220;
sh603308:15.080,14.890,15.400,14.850,8252600;
sh603318:8.410,7.910,8.410,7.890,18529214;
sh603333:7.840,8.200,8.340,7.740,45758022;
sh603366:5.580,5.610,5.640,5.510,11612294;
sh603456:20.850,22.210,21.640,20.200,19581308;
sh603508:55.780,54.880,55.950,54.370,2667815;
sh603519:12.240,12.240,12.340,12.150,1438160;
sh603566:18.260,18.160,18.370,17.860,6830200;
sh603568:28.700,29.830,30.250,28.700,4109081;
sh603600:13.020,13.120,13.330,12.810,9102089;
sh603601:10.870,11.030,11.160,10.810,38591330;
sh603609:13.250,13.520,13.470,13.000,30904692;
sh603611:17.080,17.150,17.220,16.860,2101999;
sh603616:7.790,7.680,7.880,7.670,5462700;
sh603618:5.990,6.070,6.140,5.920,14817550;
sh603688:22.320,22.770,22.660,22.150,6116411;
sh603703:17.870,17.910,17.950,17.670,4608093;
sh603789:13.100,13.050,13.140,13.030,2234238;
sh603800:11.180,11.100,11.180,11.070,1808503;
sh603808:11.600,11.500,11.620,11.430,3563411;
sh603818:6.880,6.820,6.890,6.790,978651;
sh603838:7.920,7.940,7.990,7.900,829600;
sh603918:14.160,13.650,14.580,13.120,23662661;
sh603936:18.660,18.620,18.920,18.540,5267096;
sh603968:13.380,13.280,13.530,13.270,1835700;
sh603989:25.060,25.310,25.140,24.480,2793053;
sh603997:9.730,9.730,10.050,9.730,15783300;
sh603998:6.960,7.020,7.020,6.920,6186500;
sh603999:5.930,5.990,6.020,5.900,5358040;
sh600127:11.000,10.950,11.250,10.430,217719654;
sh603377:14.830,14.960,14.850,14.580,4356129;
sh601900:10.240,10.230,10.340,10.180,4002400;
sh603919:14.450,14.400,14.500,14.220,2998069;
sh603861:8.370,8.450,8.530,8.290,3517600;
sh603028:11.170,12.120,12.120,11.070,7055387;
sh603798:10.080,10.100,10.200,10.020,2715800;
sh603701:11.160,11.040,11.260,11.010,3832526;
sh603726:14.360,14.150,14.480,14.100,12360733;
sh603528:7.510,7.930,8.020,7.510,13322172;
sh603339:12.320,12.270,12.380,12.190,848802;
sh603131:16.380,16.220,16.650,16.120,4800029;
sh603016:23.580,22.690,23.580,22.600,2687600;
sh603069:10.830,10.600,10.830,10.500,5892231;
sh600936:3.790,3.850,3.830,3.780,6751000;
sh601997:7.740,7.730,7.760,7.710,12060565;
sh601595:12.790,12.680,13.110,12.620,6870985;
sh603515:24.210,24.450,24.260,24.100,1519780;
sh603843:4.860,4.840,4.970,4.800,23056820;
sh601163:13.110,13.110,13.170,13.070,1899984;
sh603393:43.320,44.990,44.400,42.780,7484363;
sh603738:26.120,25.600,26.500,25.480,7336683;
sh601128:6.920,6.910,6.980,6.900,10207141;
sh603313:18.010,17.840,18.180,17.680,7112970;
sh600926:7.820,7.790,7.850,7.770,9490611;
sh603888:23.980,25.300,24.350,23.590,22765633;
sh603060:21.050,21.460,21.400,20.910,2315655;
sh603633:11.170,11.140,11.280,11.100,2629242;
sh603987:11.490,11.790,11.580,11.320,12305583;
sh603336:16.700,16.610,16.700,16.150,12296976;
sh603660:12.110,12.490,12.350,11.850,19346390;
sh603559:26.140,26.300,27.780,26.140,28817568;
sh603033:26.100,28.450,28.230,26.010,4184470;
sh603389:4.390,4.380,4.460,4.360,1859294;
sh603058:6.940,6.850,7.040,6.810,1890300;
sh603886:17.470,18.410,17.640,17.310,9222964;
sh603239:12.210,11.990,12.330,11.960,1730149;
sh601375:5.030,5.030,5.110,5.020,30033300;
sh603035:13.080,12.910,13.200,12.690,8049100;
sh603877:14.820,14.950,15.030,14.710,587700;
sh603689:10.560,10.570,10.630,10.550,1365200;
sh603579:28.280,28.080,28.390,27.980,854100;
sh603639:26.300,26.790,26.700,26.300,1472032;
sh601858:9.700,9.800,9.780,9.640,2680500;
sh603638:37.200,38.610,38.500,36.900,2661838;
sh603429:36.060,34.800,36.240,34.430,3351707;
sh603966:9.770,9.750,9.870,9.750,1223150;
sh603089:12.000,11.920,12.050,11.870,1065154;
sh603360:29.220,30.370,30.080,29.220,6428171;
sh603677:10.520,10.730,10.850,10.520,1074849;
sh603637:14.160,14.130,14.370,13.870,1436057;
sh601212:2.900,2.910,2.920,2.890,20553600;
sh603603:7.040,7.150,7.150,7.020,3075164;
sh603817:5.890,5.870,5.910,5.850,1563600;
sh603717:8.050,8.010,8.090,7.990,2293520;
sh603656:13.830,14.000,13.970,13.720,621404;
sh603133:18.450,18.380,18.650,18.320,3455700;
sh603811:25.400,26.100,25.690,25.220,2812357;
sh603955:18.720,18.780,18.730,18.370,3041332;
sh603908:23.430,23.160,23.430,23.040,527500;
sh603991:26.080,23.190,26.080,23.060,8014147;
sh603578:19.660,19.700,19.780,19.620,496100;
sh601366:6.450,6.160,6.460,6.130,11599050;
sh603787:12.250,12.360,12.480,12.230,2655400;
sh603320:17.960,20.170,20.170,17.700,16027856;
sh603906:9.270,9.290,9.360,9.240,1675428;
sh603586:16.930,16.840,17.020,16.730,856900;
sh603538:32.060,35.390,33.450,31.690,16224082;
sh603385:10.610,10.900,11.080,10.580,7456700;
sh603178:8.350,8.360,8.380,8.250,2578000;
sh603238:28.550,29.940,29.780,27.300,3018300;
sh603229:29.900,30.500,30.100,29.300,4112744;
sh603728:13.200,13.330,13.420,13.030,10310696;
sh603896:30.250,30.000,30.580,29.750,2155049;
sh603488:8.520,8.500,8.590,8.450,1407800;
sh603197:26.680,27.150,26.780,26.470,3125353;
sh603580:12.830,12.500,12.840,12.460,2621732;
sh603200:62.000,65.690,71.790,61.540,4009788;
sh603042:20.450,19.950,21.180,19.900,12577530;
sh603536:14.990,14.880,15.000,14.520,12448948;
sh603326:18.000,18.560,18.450,18.000,2133596;
sh603316:11.360,11.330,11.540,11.240,3824400;
sh603335:4.420,4.440,4.510,4.340,18511160;
sh603380:16.100,16.400,16.460,16.100,2037100;
sh603286:15.720,15.770,15.940,15.700,1107800;
sh603938:23.640,23.220,23.690,22.970,1748835;
sh603331:17.700,17.760,17.760,17.550,2666057;
sh603933:13.450,13.380,13.580,13.300,2463477;
sh603595:28.150,27.900,28.580,27.250,2272740;
sh603612:10.750,10.840,11.100,10.710,4783193;
sh603676:12.150,11.990,12.330,11.580,19379313;
sh603063:8.720,8.620,8.720,8.570,2014800;
sh603233:62.790,64.000,65.580,62.790,2189281;
sh603357:10.130,10.000,10.180,10.030,2872410;
sh603860:26.680,26.790,27.070,26.560,464600;
sh603880:14.540,15.410,14.800,14.320,12744940;
sh603776:19.100,19.150,19.270,18.900,2652716;
sh603976:16.270,16.110,16.410,16.000,1929180;
sh603079:43.230,43.840,43.750,42.800,4739267;
sh603725:6.650,6.670,6.760,6.640,2017792;
sh603813:17.630,17.800,17.780,17.570,1170509;
sh603136:22.900,23.760,23.170,22.710,3375584;
sh603378:31.350,30.610,31.350,30.050,1225348;
sh603367:17.480,17.390,17.550,17.250,5036500;
sh603103:14.690,14.530,14.840,14.370,2691280;
sh603110:14.720,14.850,14.850,14.700,1188726;
sh603499:16.520,16.570,16.600,16.100,5393520;
sh603829:11.380,11.330,11.440,11.040,3898825;
sh603722:28.340,28.230,28.970,28.080,2005582;
sh603659:66.870,66.530,67.000,64.510,3672612;
sh603076:23.990,21.720,24.000,21.620,1132008;
sh603661:35.580,35.450,35.880,35.390,424700;
sh601019:6.590,6.550,6.620,6.530,3278200;
sh603890:15.410,15.930,16.200,15.150,18298372;
sh603477:12.750,12.680,12.830,12.430,6730793;
sh603895:19.900,19.810,20.070,19.650,699685;
sh603516:40.410,40.400,40.580,40.050,1289068;
sh603871:28.110,27.670,28.140,27.630,543896;
sh603709:27.270,26.790,27.390,26.650,714680;
sh603712:28.000,27.810,28.390,27.320,7375888;
sh603059:25.360,25.570,26.140,25.360,1064850;
sh600929:6.550,6.750,6.600,6.430,30408563;
sh603897:17.200,16.980,17.250,16.950,1542904;
sh603301:40.000,40.780,40.920,39.800,7071100;
sh603773:32.290,32.370,32.550,32.110,1137912;
sh603666:99.180,100.330,100.780,98.600,504080;
sh601990:15.320,15.260,15.650,15.210,119137054;
sh603713:61.650,61.170,61.840,59.010,2035037;
sh601606:10.160,9.960,10.430,10.000,22457549;
sh603590:40.060,39.800,40.100,39.590,2044265;
sh603192:25.860,26.200,26.160,25.780,1157000;
sh601068:4.390,4.330,4.390,4.330,3975500;
sh603297:33.090,32.530,33.250,32.530,796580;
sh603790:13.900,13.790,13.980,13.770,4721179;
sh603583:45.680,46.200,46.300,44.500,3308917;
sh601975:2.540,2.490,2.540,2.480,46803454;
sh603629:24.050,23.690,24.440,23.610,1278700;
sh603185:39.760,39.580,40.300,39.260,2121706;
sh601298:5.790,5.770,5.820,5.760,5182089;
sh603700:36.000,35.920,36.320,35.500,1788955;
sh601615:10.460,10.170,10.480,10.150,13075358;
sh601865:11.020,11.070,11.170,10.960,6189703;
sh603317:49.770,51.200,51.280,49.130,3559585;
sh603697:13.540,13.730,13.590,13.310,8976490;
sh603982:15.920,16.120,16.350,15.850,6203100;
sh603327:26.500,26.350,26.710,26.060,2107400;
sh603915:12.800,13.420,12.810,12.700,11966660;
sh601236:20.340,20.180,20.760,20.090,31444010;
sh603530:20.960,22.390,21.960,20.960,12881112;
sh603115:17.830,17.940,18.140,17.830,1632465;
sh603992:18.300,17.910,18.450,17.880,3376893;
sh603755:46.950,49.150,46.950,46.290,1035687;
sh600000:10.260,10.200,10.290,10.180,13569586;
sh600004:13.240,13.610,13.810,13.240,12333394;
sh600006:4.130,4.300,4.210,4.100,38709950;
sh600007:12.860,12.930,12.980,12.840,2204200;
sh600008:3.130,3.140,3.150,3.120,13812200;
sh600009:64.190,65.590,66.100,64.190,10410973;
sh600011:4.360,4.380,4.410,4.350,19651331;
sh600012:5.170,5.160,5.180,5.130,2560300;
sh600015:6.560,6.530,6.570,6.530,9256409;
sh600016:5.800,5.780,5.810,5.780,62324480;
sh600017:2.500,2.490,2.510,2.480,7083300;
sh600018:4.430,4.410,4.440,4.410,10636601;
sh600019:4.940,4.920,4.960,4.900,21842206;
sh600020:3.870,3.850,3.870,3.830,6730615;
sh600021:7.550,7.440,7.580,7.430,5930702;
sh600023:3.410,3.410,3.420,3.400,10208041;
sh600026:8.340,8.350,8.500,8.020,53411156;
sh600027:3.440,3.550,3.550,3.440,42784938;
sh600028:4.520,4.510,4.530,4.500,79263855;
sh600029:5.310,5.290,5.350,5.270,33879320;
sh600030:22.780,22.650,22.980,22.650,114692952;
sh600031:19.000,18.880,19.100,18.580,49273393;
sh600033:2.750,2.750,2.770,2.730,5367553;
sh600035:3.200,3.190,3.210,3.170,11725200;
sh600036:32.290,32.300,32.350,32.110,28664595;
sh600037:9.000,9.010,9.080,8.930,9970457;
sh600038:43.500,43.600,43.970,43.010,5586122;
sh600050:5.430,5.520,5.560,5.410,338479784;
sh600054:8.840,9.070,9.150,8.770,14590410;
sh600055:14.860,15.450,14.960,14.490,24357304;
sh600056:15.150,15.500,15.150,15.020,29959280;
sh600057:5.210,5.090,5.230,5.080,20876243;
sh600059:7.450,7.450,7.480,7.390,3067750;
sh600060:10.030,9.950,10.070,9.860,8983052;
sh600062:12.930,12.960,12.950,12.820,7851253;
sh600064:8.480,8.390,8.490,8.390,6965480;
sh600066:12.990,13.010,13.050,12.940,9746551;
sh600068:6.440,6.390,6.500,6.360,39313390;
sh600072:11.840,11.650,12.040,11.620,18836054;
sh600073:9.000,9.210,9.220,8.850,45643826;
sh600075:5.000,4.950,5.050,4.930,7747431;
sh600085:25.080,25.230,25.120,24.960,6233698;
sh600089:7.430,7.660,7.770,7.380,125824454;
sh600093:12.760,12.790,12.910,12.640,13619263;
sh600097:10.920,10.840,11.100,10.730,6887553;
sh600098:5.890,5.870,5.890,5.850,1984600;
sh600100:8.250,8.290,8.270,8.210,23099756;
sh600104:19.320,19.470,19.440,19.190,20033028;
sh600105:4.730,4.740,4.800,4.710,21840426;
sh600106:2.880,2.850,2.890,2.840,13998520;
sh600109:9.400,9.830,10.160,9.350,113351736;
sh600114:9.620,9.690,9.690,9.430,21334244;
sh600116:8.530,8.650,8.930,8.530,15479599;
sh600118:32.440,32.680,33.470,32.330,28218831;
sh600125:4.870,4.930,4.900,4.850,14612332;
sh600126:6.880,7.200,7.100,6.610,65824303;
sh600129:12.120,12.180,12.170,11.990,5222640;
sh600131:18.110,19.530,18.500,18.050,23320507;
sh600132:47.380,49.710,49.230,47.110,6777080;
sh600133:6.130,6.110,6.150,6.040,37140131;
sh600138:10.310,10.250,10.330,10.180,12741324;
sh600141:10.200,10.080,10.250,10.050,14733356;
sh600143:8.500,8.360,8.520,8.330,43943066;
sh600150:19.060,19.060,19.230,18.820,11010640;
sh600153:7.690,7.640,7.690,7.610,5576041;
sh600158:8.630,8.720,8.840,8.630,7636716;
sh600170:3.240,3.230,3.250,3.220,14221720;
sh600171:17.490,17.370,17.530,17.220,13062205;
sh600176:8.340,8.460,8.520,8.270,42651547;
sh600177:6.490,6.460,6.500,6.450,6599857;
sh600183:28.740,28.730,29.450,28.400,28230365;
sh600195:13.180,13.310,13.230,12.990,17320764;
sh600196:34.000,33.620,34.670,33.510,60657236;
sh600216:17.010,18.010,17.350,16.950,54211620;
sh600217:5.240,5.270,5.360,5.240,9051957;
sh600219:2.110,2.100,2.110,2.090,28255075;
sh600233:11.720,11.630,11.770,11.560,10294678;
sh600252:3.420,3.420,3.450,3.390,39319458;
sh600256:2.680,2.650,2.680,2.650,16636703;
sh600258:14.380,14.370,14.390,14.180,9902085;
sh600260:15.000,15.170,15.400,14.880,115920989;
sh600261:3.690,3.710,3.730,3.670,6894152;
sh600269:3.530,3.510,3.530,3.500,5663100;
sh600271:19.730,19.670,19.780,19.480,11528981;
sh600276:94.790,96.790,96.820,94.450,17708066;
sh600284:6.760,6.750,6.800,6.720,9579333;
sh601658:5.280,5.260,5.290,5.220,20937071;
sh600969:6.400,6.390,6.530,6.380,6071623;
sh600297:3.930,3.930,4.020,3.910,32814922;
sh600298:35.000,35.950,35.170,34.520,12759357;
sh600299:12.530,13.120,12.750,12.410,37765333;
sh600305:19.860,20.460,20.530,19.800,14550633;
sh600309:43.370,43.180,43.750,43.000,7145378;
sh600312:8.460,8.850,8.890,8.380,78661088;
sh600315:25.620,25.550,25.730,25.430,3085555;
sh600316:13.300,13.210,13.400,13.100,13638633;
sh600320:3.340,3.290,3.340,3.290,4826942;
sh600325:6.530,6.550,6.590,6.500,19334226;
sh600332:31.540,31.420,31.630,31.310,8812040;
sh600340:21.880,21.580,21.890,21.520,6622404;
sh600343:8.880,8.580,8.920,8.560,9246076;
sh600345:22.200,22.260,22.570,21.910,5469137;
sh600350:4.180,4.180,4.200,4.170,4368204;
sh600352:12.350,12.190,12.380,12.150,28322657;
sh600361:4.510,4.540,4.750,4.470,32722723;
sh600362:13.450,13.140,13.490,13.120,14109843;
sh600369:4.630,4.630,4.690,4.620,26481370;
sh600372:13.490,13.450,13.650,13.410,6689240;
sh600376:6.660,6.580,6.660,6.570,6925715;
sh600377:9.670,9.750,9.680,9.600,3887600;
sh600380:11.900,11.980,12.070,11.820,22380458;
sh600383:13.880,13.580,13.930,13.150,34735440;
sh600388:9.240,9.170,9.270,9.140,6598673;
sh600390:7.400,7.420,7.570,7.380,12187687;
sh600391:18.670,18.270,19.070,18.110,19194077;
sh600406:20.130,20.520,20.750,20.130,19601538;
sh600410:14.000,13.560,14.260,13.550,118076517;
sh600418:5.020,5.240,5.140,5.020,38411543;
sh600420:9.900,9.870,9.900,9.750,11354953;
sh600422:10.310,10.360,10.390,10.200,15003400;
sh600428:3.230,3.230,3.250,3.210,7050670;
sh600435:7.850,7.780,7.960,7.750,20538911;
sh600436:131.750,131.130,131.780,129.510,2845813;
sh600439:2.800,2.830,2.840,2.780,14501469;
sh600446:17.800,18.050,18.430,17.740,21682020;
sh600452:19.570,20.250,20.470,19.310,6824334;
sh600460:15.400,15.260,15.450,15.210,21494984;
sh600477:4.040,4.250,4.120,4.010,48945660;
sh600482:17.090,16.890,17.200,16.830,5458960;
sh600483:8.210,8.170,8.220,8.160,3380200;
sh600486:73.260,73.950,73.790,72.700,2565662;
sh600487:17.300,17.200,17.440,17.050,46831032;
sh600489:8.410,8.430,8.440,8.330,25392255;
sh600496:3.980,4.050,4.070,3.970,45802033;
sh600497:3.650,3.620,3.660,3.600,25173441;
sh600498:34.520,33.900,34.600,33.760,33046120;
sh600500:5.290,5.230,5.290,5.210,8730100;
sh600507:5.540,5.650,5.980,5.540,15087798;
sh600511:32.270,32.500,32.450,31.600,9879380;
sh600516:9.380,9.340,9.430,9.330,27106594;
sh600519:1166.000,1158.500,1169.000,1147.960,2281697;
sh600522:10.900,10.870,11.030,10.710,110504065;
sh600529:34.000,35.480,35.200,33.910,6920784;
sh600535:14.530,14.820,14.620,14.460,16460677;
sh600536:74.900,74.190,75.480,73.800,9735569;
sh600545:5.550,5.560,5.680,5.520,5512030;
sh600547:36.100,36.500,36.150,35.660,32945665;
sh600548:8.970,9.120,8.980,8.930,4120812;
sh600557:13.870,13.870,13.940,13.770,6144759;
sh600563:48.890,48.600,49.100,48.010,1633873;
sh600565:2.870,2.880,2.890,2.850,14024700;
sh600566:22.590,22.400,22.590,22.320,5165962;
sh600570:92.800,93.520,95.470,92.770,12585807;
sh600571:9.520,9.570,9.770,9.520,10240038;
sh600572:5.530,5.590,5.550,5.510,52092559;
sh600577:2.890,2.880,2.920,2.860,16056554;
sh600578:2.760,2.800,2.830,2.760,9499100;
sh600580:10.930,10.930,10.950,10.840,15007531;
sh600582:2.990,3.000,3.010,2.990,11990002;
sh600583:5.440,5.410,5.490,5.360,19864016;
sh600584:22.180,21.720,22.180,21.510,41740878;
sh600585:57.870,57.950,58.590,57.300,22552394;
sh600588:43.970,43.830,44.320,43.080,15678179;
sh600590:5.750,5.870,5.870,5.750,11565425;
sh600597:11.680,11.700,11.760,11.510,14806591;
sh600598:16.000,15.970,16.260,15.540,67214732;
sh600600:46.110,46.720,46.250,45.410,6292124;
sh600606:5.510,5.470,5.520,5.460,26738320;
sh600611:3.780,3.760,3.810,3.740,10318182;
sh600612:40.080,40.570,40.290,39.700,1539711;
sh600616:4.660,4.660,4.690,4.640,5137715;
sh600618:7.610,7.610,7.650,7.570,3469346;
sh600619:8.500,8.420,8.570,8.400,2080710;
sh600622:3.770,3.750,3.830,3.740,11288980;
sh600633:9.300,9.210,9.370,9.170,13658526;
sh600635:4.290,4.270,4.370,4.250,17719822;
sh600637:9.300,9.300,9.360,9.230,13203205;
sh600642:5.360,5.350,5.380,5.350,3343048;
sh600643:8.010,8.060,8.140,7.980,17015873;
sh600648:14.750,14.770,14.750,14.670,3085689;
sh600650:8.850,8.820,8.880,8.790,1261864;
sh600655:7.480,7.440,7.480,7.390,4849858;
sh600657:3.720,3.710,3.740,3.700,7238637;
sh600658:4.430,4.410,4.480,4.380,2137096;
sh600660:18.910,18.870,18.980,18.800,9680057;
sh600663:11.280,11.230,11.300,11.180,1607681;
sh600667:10.800,10.630,10.830,10.560,41117796;
sh600674:9.360,9.290,9.380,9.280,3618724;
sh600685:14.960,14.840,15.180,14.600,20887816;
sh600686:6.280,6.270,6.330,6.240,3003900;
sh600688:4.280,4.230,4.320,4.210,29651604;
sh600690:14.930,14.870,15.000,14.860,18609558;
sh600699:20.720,20.510,20.850,20.300,24018088;
sh600702:23.350,23.260,23.450,23.110,4207844;
sh600703:22.320,22.220,22.370,21.860,74336272;
sh600704:4.830,4.820,4.840,4.810,14027774;
sh600705:4.020,4.000,4.050,4.000,18396953;
sh600713:4.480,4.490,4.490,4.450,6670682;
sh600717:5.480,5.500,5.490,5.460,5213179;
sh600718:11.840,12.140,11.940,11.740,23735546;
sh600720:13.550,13.430,13.630,13.260,22748633;
sh600723:5.520,5.570,5.570,5.510,4632117;
sh600728:10.970,11.650,11.550,10.960,271146670;
sh600729:27.490,27.500,27.530,27.450,3602330;
sh600733:5.650,5.820,5.850,5.600,39868390;
sh600741:20.750,21.300,21.020,20.750,16940866;
sh600743:2.190,2.200,2.220,2.180,6060620;
sh600745:111.590,108.280,112.500,107.280,12558651;
sh600749:8.550,8.640,8.700,8.490,2602466;
sh600750:11.820,11.850,11.850,11.740,5183824;
sh600754:26.010,26.090,26.150,25.620,2395498;
sh600760:30.790,31.000,31.240,30.410,17178815;
sh600761:9.500,9.420,9.540,9.400,5140959;
sh600763:109.400,112.640,113.300,109.400,2899708;
sh600765:9.240,9.150,9.330,9.120,7357748;
sh600775:9.060,9.160,9.290,9.060,15348082;
sh600776:18.020,18.370,18.130,17.850,20410020;
sh600779:45.340,44.740,45.680,44.510,2245775;
sh600787:4.630,4.650,4.640,4.590,14547121;
sh600789:10.260,10.810,10.750,10.160,116588021;
sh600790:3.150,3.160,3.170,3.150,7246239;
sh600794:3.310,3.340,3.330,3.300,17553237;
sh600795:2.050,2.040,2.050,2.040,16520837;
sh600797:9.190,9.510,9.350,9.150,52256746;
sh600798:3.220,3.210,3.240,3.200,8524800;
sh600801:25.030,24.990,25.100,24.440,28166907;
sh600803:9.040,9.030,9.130,8.950,8896180;
sh600804:6.300,6.430,6.480,6.280,58313443;
sh600805:4.630,4.610,4.680,4.590,4952400;
sh600809:92.800,93.800,93.640,92.320,3589812;
sh600814:5.450,5.530,5.660,5.430,23957844;
sh600820:5.580,5.550,5.600,5.540,8986914;
sh600823:4.120,4.140,4.140,4.110,5889380;
sh600826:10.300,10.320,10.430,10.280,1452404;
sh600827:8.170,8.180,8.370,8.130,14430223;
sh600835:14.080,14.020,14.150,14.010,2406924;
sh600837:13.170,13.120,13.310,13.100,53427939;
sh600839:2.870,2.850,2.890,2.840,45051836;
sh600845:41.980,42.300,42.270,41.680,4874555;
sh600848:19.650,19.570,19.740,19.500,2464834;
sh600850:23.100,23.170,23.450,22.950,3076260;
sh600859:12.220,12.220,12.280,12.200,2894662;
sh600872:46.650,47.480,46.920,45.800,5235216;
sh600873:4.660,4.590,4.660,4.560,47877253;
sh600875:8.670,8.700,8.780,8.670,7379693;
sh600884:11.090,11.020,11.180,10.990,8418461;
sh600886:7.890,7.810,7.900,7.800,7370916;
sh600887:30.060,30.150,30.480,30.040,41212718;
sh603551:17.960,17.650,17.960,17.460,6762813;
sh600893:23.280,23.250,23.440,22.920,8448196;
sh600895:12.650,12.590,12.720,12.570,6786702;
sh600897:18.150,18.540,18.240,18.060,1433663;
sh600900:17.210,17.060,17.210,17.020,7143370;
sh600958:9.700,9.610,9.780,9.600,20778771;
sh600967:9.560,9.560,9.650,9.500,8267628;
sh600970:6.050,6.040,6.080,6.020,11344294;
sh600975:8.900,8.780,8.950,8.590,38908861;
sh600987:5.700,5.670,5.720,5.650,2799106;
sh600993:15.480,15.520,15.590,15.380,3059870;
sh600995:7.850,7.790,7.870,7.760,5859300;
sh600998:17.990,18.380,18.250,17.800,7955070;
sh600999:17.940,17.870,18.150,17.840,11795906;
sh601003:4.900,4.950,4.970,4.900,6436194;
sh601006:6.870,6.860,6.890,6.850,10502041;
sh601007:8.270,8.280,8.290,8.180,2170974;
sh601009:7.600,7.560,7.630,7.560,23438340;
sh601010:3.160,3.190,3.190,3.150,9187150;
sh601012:25.490,25.090,25.740,24.980,45012336;
sh601018:3.350,3.350,3.390,3.340,21953342;
sh601021:33.880,33.600,33.950,33.600,4682950;
sh601038:6.610,6.440,6.640,6.430,17276374;
sh601088:16.180,16.000,16.180,16.000,12323749;
sh601099:3.360,3.360,3.430,3.340,119547248;
sh601107:3.550,3.560,3.610,3.550,10464858;
sh601111:6.860,6.860,6.930,6.810,35306555;
sh601116:12.850,12.790,13.060,12.740,7769979;
sh601117:6.100,6.040,6.110,6.030,17563347;
sh601137:12.100,11.930,12.120,11.800,3894702;
sh601139:7.220,7.150,7.260,7.130,10452544;
sh601158:5.280,5.280,5.290,5.250,2684100;
sh601166:16.140,16.030,16.160,16.010,27103032;
sh601169:4.870,4.850,4.880,4.840,34212517;
sh601186:9.870,9.820,9.990,9.800,58241739;
sh601198:11.170,11.150,11.290,11.120,14756455;
sh601211:16.750,16.650,16.860,16.630,20185323;
sh601216:2.530,2.670,2.640,2.520,87982839;
sh601231:17.600,17.230,17.600,17.050,15048834;
sh601238:10.350,10.440,10.460,10.330,11729956;
sh601288:3.410,3.400,3.420,3.390,72232000;
sh601360:20.100,20.160,20.470,20.020,22549810;
sh601318:69.650,69.640,69.820,69.380,36830815;
sh601328:5.210,5.170,5.220,5.170,45331206;
sh601333:2.410,2.400,2.420,2.400,15292146;
sh601336:41.290,41.140,41.390,41.100,5519999;
sh601377:6.360,6.340,6.430,6.330,47176913;
sh601390:5.780,5.740,5.850,5.740,52726310;
sh601398:5.140,5.130,5.150,5.120,73582092;
sh601519:7.680,8.100,8.310,7.650,106029636;
sh601555:8.130,8.120,8.290,8.110,43275523;
sh601579:7.760,7.820,7.810,7.740,943580;
sh601588:2.720,2.730,2.740,2.710,8896600;
sh601600:2.960,2.930,2.970,2.930,23066845;
sh601601:27.690,27.630,27.780,27.510,18631069;
sh601607:19.730,19.850,19.850,19.450,37931551;
sh601618:2.640,2.630,2.650,2.620,34323319;
sh601628:26.310,26.240,26.480,26.160,7214740;
sh601633:8.260,8.270,8.340,8.210,16261500;
sh601636:4.820,4.870,4.880,4.770,20214598;
sh601668:5.330,5.290,5.340,5.280,80753723;
sh601669:3.810,3.800,3.860,3.790,56842645;
sh601688:18.100,18.190,18.530,18.100,80358447;
sh601717:5.580,5.580,5.610,5.560,12231475;
sh601718:3.860,3.810,3.880,3.800,64009666;
sh601766:6.460,6.420,6.480,6.410,33752983;
sh601788:11.120,11.090,11.240,11.070,19522865;
sh601800:8.270,8.200,8.390,8.200,60885960;
sh601801:4.850,4.840,4.880,4.830,2447300;
sh601808:13.010,12.940,13.080,12.700,30057122;
sh601857:4.670,4.650,4.680,4.630,132237118;
sh601872:7.000,6.830,7.040,6.750,101695961;
sh601877:24.070,24.020,24.240,23.960,4426979;
sh600663:11.280,11.230,11.300,11.180,1607681;
sh600667:10.800,10.630,10.830,10.560,41117796;
sh600674:9.360,9.290,9.380,9.280,3618724;
sh600685:14.960,14.840,15.180,14.600,20887816;
sh600686:6.280,6.270,6.330,6.240,3003900;
sh600688:4.280,4.230,4.320,4.210,29651604;
sh600690:14.930,14.870,15.000,14.860,18609558;
sh600699:20.720,20.510,20.850,20.300,24018088;
sh600702:23.350,23.260,23.450,23.110,4207844;
sh600703:22.320,22.220,22.370,21.860,74336272;
sh600704:4.830,4.820,4.840,4.810,14027774;
sh600705:4.020,4.000,4.050,4.000,18396953;
sh600713:4.480,4.490,4.490,4.450,6670682;
sh600717:5.480,5.500,5.490,5.460,5213179;
sh600718:11.840,12.140,11.940,11.740,23735546;
sh600720:13.550,13.430,13.630,13.260,22748633;
sh600723:5.520,5.570,5.570,5.510,4632117;
sh600728:10.970,11.650,11.550,10.960,271146670;
sh600729:27.490,27.500,27.530,27.450,3602330;
sh600733:5.650,5.820,5.850,5.600,39868390;
