sh600010:1.160,1.140,1.170,1.140,162822729;
sh600010:1.160,1.140,1.170,1.140,162822729;
sh600048:15.060,14.420,15.210,14.400,91866719;
sh600053:23.810,23.400,24.130,23.310,5515121;
sh600061:12.600,12.050,12.720,12.000,24663429;
sh600063:4.100,3.880,4.110,3.880,39548126;
sh600071:9.020,8.890,9.250,8.880,3060071;
sh600076:4.010,3.830,4.050,3.830,23034310;
sh600077:2.940,2.880,2.980,2.830,8071539;
sh600078:4.440,4.420,4.560,4.400,19617239;
sh600079:13.290,13.290,13.550,13.160,22565296;
sh600081:10.740,10.520,10.920,10.500,3886497;
sh600082:3.900,3.760,4.030,3.700,35884918;
sh600090:4.130,4.050,4.190,4.030,13937749;
sh600101:5.980,5.900,6.070,5.890,3618746;
sh600111:8.750,8.600,8.880,8.600,23641524;
sh600113:6.360,6.100,6.370,6.100,8507667;
sh600115:4.380,4.260,4.440,4.250,51338211;
sh600120:9.060,8.650,9.110,8.620,13661828;
sh600146:11.930,11.290,12.090,11.280,11214395;
sh600151:4.490,4.260,4.520,4.250,16074765;
sh600156:5.430,5.320,5.500,5.290,30569472;
sh600160:7.960,7.610,8.010,7.600,97644400;
sh600161:34.210,34.110,35.280,34.070,15829232;
sh600162:2.150,2.060,2.170,2.060,13842474;
sh600169:2.170,2.090,2.190,2.070,26400828;
sh600175:1.360,1.320,1.360,1.320,38845527;
sh600197:12.840,12.610,12.940,12.600,3970375;
sh600199:5.020,4.930,5.080,4.900,4423700;
sh600200:7.230,6.900,7.300,6.900,29296641;
sh600203:11.480,11.750,12.580,11.100,72711533;
sh600206:15.380,15.450,16.200,15.260,109287516;
sh600207:4.340,4.170,4.380,4.160,6252500;
sh600208:3.110,3.020,3.130,3.000,80871714;
sh600213:7.270,7.260,7.400,7.230,6877533;
sh600218:8.980,8.730,9.110,8.690,9416276;
sh600221:1.710,1.660,1.720,1.660,137015050;
sh600223:7.160,6.830,7.280,6.830,24767876;
sh600226:2.500,2.420,2.530,2.410,34609772;
sh600227:2.820,2.800,2.840,2.770,13276858;
sh600235:4.600,4.420,4.660,4.400,9001900;
sh600236:4.400,4.400,4.460,4.380,5216164;
sh600242:7.700,8.580,8.160,7.700,74248024;
sh600246:5.150,5.140,5.350,5.030,8450423;
sh600262:15.400,15.130,15.600,15.100,363402;
sh600266:7.090,6.910,7.120,6.900,12042022;
sh600267:14.250,14.250,14.250,14.250,12900965;
sh600268:6.090,5.760,6.140,5.750,34648008;
sh600278:10.000,9.500,10.010,9.500,6124900;
sh600279:3.850,3.770,3.860,3.760,4641302;
sh600283:8.700,8.540,8.800,8.540,1043460;
sh600285:8.500,8.380,8.680,8.360,5786192;
sh600288:11.340,11.220,11.400,11.090,4766458;
sh600291:7.390,7.100,7.430,7.100,11706949;
sh600293:2.910,2.860,2.960,2.840,27817596;
sh600300:3.050,3.000,3.100,2.980,21084572;
sh600311:2.710,2.670,2.740,2.650,18327647;
sh600313:3.270,3.090,3.330,3.080,88234500;
sh600317:2.210,2.200,2.210,2.180,10787006;
sh600322:2.680,2.580,2.700,2.570,24050100;
sh600323:19.760,19.590,20.090,19.450,9856912;
sh600326:6.470,6.320,6.590,6.290,14000636;
sh600336:5.420,5.060,5.520,4.970,36609289;
sh600337:4.150,4.140,4.240,4.120,10144882;
sh600338:8.780,8.510,8.930,8.500,10380795;
sh600339:2.800,2.720,2.820,2.720,23925744;
sh600351:5.190,5.020,5.190,5.020,4553835;
sh600353:5.660,5.460,5.740,5.460,15383600;
sh600354:4.250,4.090,4.340,4.080,16290921;
sh600355:3.450,3.230,3.470,3.230,30093402;
sh600360:9.120,9.200,9.150,8.760,164067378;
sh600363:14.440,13.580,14.640,13.500,11816715;
sh600366:5.260,5.080,5.300,5.070,15437481;
sh600371:10.970,10.600,11.090,10.560,7488970;
sh600375:4.670,4.530,4.820,4.500,9971488;
sh600381:4.880,4.750,4.930,4.750,3523216;
sh600392:6.710,6.540,6.780,6.510,15411629;
sh600393:2.630,2.580,2.660,2.560,17393400;
sh600398:6.390,6.230,6.470,6.230,11888999;
sh600419:11.090,10.900,11.190,10.900,2947954;
sh600425:3.840,3.800,3.980,3.800,40510748;
sh600429:4.940,4.810,4.960,4.800,2133007;
sh600449:10.540,10.420,10.740,10.400,11060158;
sh600455:24.210,23.470,24.620,23.470,2276800;
sh600463:6.590,6.360,6.930,6.360,7167848;
sh600466:6.250,6.000,6.280,6.000,25350121;
sh600467:2.260,2.200,2.280,2.200,14962546;
sh600476:12.680,12.270,12.800,12.250,2631930;
sh600478:3.960,3.910,4.010,3.900,14191484;
sh600479:8.500,8.400,8.600,8.350,6457061;
sh600480:9.210,9.250,9.510,9.130,12136019;
sh600481:3.080,2.980,3.080,2.970,5306331;
sh600488:4.420,4.320,4.490,4.300,7242749;
sh600495:4.650,4.470,4.840,4.420,67552289;
sh600499:4.510,4.400,4.570,4.400,13605518;
sh600501:8.230,8.130,8.310,8.060,7851587;
sh600503:3.240,3.080,3.280,3.070,28488170;
sh600505:9.400,9.400,9.510,9.100,4314303;
sh600506:8.600,8.530,8.630,8.410,7167609;
sh600517:7.780,7.340,7.940,7.250,46842705;
sh600520:10.190,10.190,10.190,10.190,938900;
sh600525:5.320,5.250,5.440,5.210,16499643;
sh600526:5.280,5.170,5.350,5.160,4187702;
sh600527:2.600,2.510,2.630,2.500,43465150;
sh600530:3.610,3.520,3.670,3.520,5840650;
sh600533:3.550,3.520,3.760,3.520,50269451;
sh600537:3.200,3.180,3.240,3.170,10858314;
sh600549:11.930,11.620,12.050,11.590,10505580;
sh600559:8.680,8.460,8.770,8.450,10439468;
sh600562:14.530,14.040,14.850,14.010,8512820;
sh600568:1.610,1.560,1.630,1.550,31750446;
sh600573:5.790,5.640,5.870,5.640,2508873;
sh600587:16.160,15.590,16.460,15.580,9803677;
sh600593:38.800,38.790,38.870,38.420,704720;
sh600596:8.500,8.370,8.590,8.360,7032782;
sh600601:3.300,3.230,3.340,3.230,14276735;
sh600602:7.750,7.490,7.790,7.490,11616593;
sh600603:6.000,5.630,6.040,5.590,20038192;
sh600604:7.430,7.200,7.560,7.180,22581499;
sh600613:7.080,6.840,7.160,6.820,3793420;
sh600623:5.570,5.410,5.590,5.400,10769093;
sh600624:8.870,8.500,8.920,8.480,20997528;
sh600626:6.170,5.900,6.190,5.880,17689038;
sh600628:9.900,9.850,10.040,9.840,2473477;
sh600630:7.820,7.620,7.880,7.610,12384467;
sh600638:5.530,5.390,5.570,5.310,3636241;
sh600639:12.300,11.890,12.370,11.880,2338253;
sh600640:17.280,17.060,17.680,16.990,10546722;
sh600641:21.290,21.320,21.960,21.100,36114348;
sh600644:4.930,4.950,5.060,4.930,1818608;
sh600645:19.000,19.240,19.290,18.300,16140177;
sh600647:14.020,13.240,14.400,13.240,4481847;
sh600649:5.470,5.360,5.620,5.260,16151515;
sh600651:3.840,3.860,4.080,3.760,36972113;
sh600661:16.660,16.340,16.850,16.230,2303537;
sh600662:4.090,3.940,4.130,3.930,15754782;
sh600668:14.030,13.780,14.380,13.720,8447397;
sh603179:22.820,21.700,22.830,21.590,2540188;
sh600671:11.020,10.760,11.150,10.730,1156500;
sh600677:5.120,5.040,5.510,5.040,36979845;
sh600678:7.720,7.610,8.150,7.600,30361756;
sh600682:9.130,8.730,9.220,8.710,13725345;
sh600683:4.860,4.860,5.230,4.860,53252845;
sh600684:3.310,3.190,3.340,3.180,8396900;
sh600689:8.110,7.800,8.170,7.780,2573180;
sh600693:5.080,5.090,5.270,5.020,6518835;
sh600695:7.940,7.460,7.980,7.400,22085998;
sh600697:15.260,14.970,15.300,14.970,1628200;
sh600706:9.100,8.430,9.320,8.300,14591743;
sh600708:3.220,3.050,3.260,3.000,59239227;
sh600711:4.300,4.180,4.340,4.170,22572706;
sh600712:5.620,5.420,5.700,5.350,22790800;
sh600716:3.970,3.890,3.990,3.890,3302677;
sh600719:3.900,3.870,3.990,3.850,2901500;
sh600724:4.230,4.100,4.460,4.090,40180088;
sh600730:4.650,4.450,4.700,4.450,4136182;
sh600734:4.760,4.520,4.790,4.520,10511864;
sh600736:5.950,5.660,6.140,5.660,47203757;
sh600737:7.960,7.630,8.030,7.590,18553370;
sh600744:2.290,2.260,2.340,2.260,5058513;
sh600746:6.380,6.270,6.450,6.250,3218000;
sh600748:6.100,5.780,6.160,5.780,85225593;
sh603893:70.010,71.840,71.650,69.410,10888922;
sh600755:6.480,6.300,6.520,6.290,12375803;
sh600756:19.180,18.900,19.310,18.880,7142320;
sh600764:26.980,26.000,27.220,25.900,3448200;
sh600770:5.000,4.920,5.100,4.920,11347697;
sh600771:14.390,13.990,14.510,13.970,4445863;
sh600773:5.670,5.500,5.710,5.500,11401440;
sh600777:1.820,1.790,1.830,1.780,72708107;
sh600783:13.620,13.110,13.780,13.080,10724878;
sh600784:4.500,4.310,4.520,4.310,3322120;
sh600785:14.040,13.500,14.140,13.500,524124;
sh600796:5.460,5.330,5.580,5.300,3387778;
sh600800:5.350,5.520,5.520,5.230,44144116;
sh600802:10.850,10.700,11.250,10.690,26465347;
sh600808:2.690,2.680,2.820,2.660,72959188;
sh600818:9.820,9.700,10.040,9.700,1085204;
sh600819:4.600,4.480,4.640,4.460,3965681;
sh600821:4.200,4.020,4.250,4.010,6219160;
sh600822:8.810,8.730,8.870,8.640,3079402;
sh600824:3.080,3.050,3.110,3.050,4539457;
sh600825:4.620,4.540,4.660,4.540,5059400;
sh600828:3.900,3.810,3.940,3.810,3173180;
sh600829:7.070,6.970,7.300,6.960,6944128;
sh600830:6.100,5.800,6.180,5.800,57045815;
sh600831:8.630,8.330,8.740,8.310,16124862;
sh600833:9.210,9.010,9.280,9.000,1466787;
sh600834:6.320,6.280,6.390,6.270,1677695;
sh600836:4.610,4.750,4.820,4.560,19018680;
sh600838:5.470,5.460,5.600,5.440,7704836;
sh600841:6.430,6.330,6.510,6.300,1412602;
sh600843:6.950,6.710,7.030,6.670,4915955;
sh600846:8.340,8.140,8.420,8.120,10405529;
sh600851:7.490,7.350,7.640,7.330,4728501;
sh600853:3.920,3.920,4.240,3.810,85462640;
sh600854:3.610,3.490,3.680,3.460,4500000;
sh600855:10.950,10.380,11.020,10.340,5395040;
sh600857:9.730,9.770,9.850,9.630,1013947;
sh600860:4.420,4.340,4.510,4.210,5488100;
sh600861:10.280,9.610,10.310,9.580,3941301;
sh600862:12.290,11.890,12.600,11.890,18468647;
sh600864:7.060,6.640,7.100,6.600,44236020;
sh600865:5.960,5.810,5.980,5.760,2759451;
sh600866:5.810,5.400,5.900,5.360,58196805;
sh600867:10.660,10.210,10.820,10.200,25775566;
sh600868:3.260,3.270,3.320,3.180,46338542;
sh600869:5.100,4.870,5.140,4.860,113015275;
sh600871:2.050,2.020,2.070,2.010,28329700;
sh600874:6.980,6.990,7.040,6.910,8203018;
sh600876:13.400,13.060,13.650,13.050,5367827;
sh600879:6.850,6.570,6.890,6.550,64486755;
sh600880:3.650,3.520,3.700,3.510,7609002;
sh600882:19.480,18.870,20.410,18.660,4475235;
sh600885:29.850,28.850,30.740,28.850,12191016;
sh600888:4.660,4.500,4.730,4.490,13635662;
sh600889:4.690,4.510,4.730,4.510,3758855;
sh600894:6.710,6.440,6.800,6.440,8461300;
sh600898:6.950,6.850,7.100,6.850,2218276;
sh600917:6.460,6.330,6.480,6.320,3118923;
sh600959:3.720,3.660,3.740,3.650,13175575;
sh600962:7.590,7.180,7.640,7.160,7601232;
sh600965:7.540,7.540,7.750,7.460,9823619;
sh600966:8.360,7.850,8.430,7.830,24130262;
sh600973:4.620,4.540,4.710,4.540,74135061;
sh600976:16.090,15.650,16.190,15.600,1275536;
sh600980:11.900,11.490,12.020,11.460,1647349;
sh600981:3.560,3.390,3.620,3.370,28923652;
sh600982:2.750,2.720,2.800,2.700,3625400;
sh600983:4.260,4.150,4.270,4.150,1121129;
sh600986:3.830,3.710,3.860,3.700,31119200;
sh600988:6.850,6.590,6.960,6.580,95474267;
sh600990:39.400,37.880,39.650,37.760,2169926;
sh600992:6.340,6.120,6.450,6.120,1873400;
sh601002:5.920,5.660,5.990,5.650,17231139;
sh601008:3.660,3.550,3.680,3.550,16514123;
sh601016:2.290,2.230,2.310,2.230,20176900;
sh601069:13.600,13.170,13.680,13.130,9054514;
sh601100:51.320,50.050,53.140,50.050,4172798;
sh601106:2.660,2.610,2.680,2.610,23273479;
sh601118:5.090,4.690,5.120,4.690,105921725;
sh601126:6.760,6.790,6.830,6.660,32361772;
sh601168:5.910,5.650,5.970,5.640,27484388;
sh601199:4.130,3.950,4.150,3.940,43813009;
sh601222:5.780,5.580,5.810,5.560,37827213;
sh601226:3.930,3.860,3.970,3.860,3858850;
sh601233:12.930,12.830,13.150,12.800,26318682;
sh601311:9.130,8.700,9.200,8.630,13566326;
sh601339:3.550,3.630,3.590,3.530,14857052;
sh601388:1.770,1.720,1.780,1.710,21691259;
sh601515:6.120,5.940,6.210,5.920,8713010;
sh601567:7.720,7.490,7.800,7.450,10224748;
sh601608:3.420,3.320,3.440,3.310,19398134;
sh601616:3.560,3.300,3.600,3.300,111817305;
sh601677:10.450,10.190,10.560,10.190,6446500;
sh601689:19.020,18.010,19.450,17.900,19862716;
sh601700:6.800,6.670,6.880,6.590,70734635;
sh601727:5.000,4.830,5.020,4.830,48697521;
sh601789:4.200,4.150,4.480,4.150,65227725;
sh601799:87.030,87.500,92.280,86.900,2256731;
sh601818:3.700,3.630,3.730,3.620,106880870;
sh601866:2.050,2.010,2.060,2.000,59138789;
sh601958:6.160,5.990,6.210,5.990,14453918;
sh601968:4.470,4.430,4.510,4.410,2844233;
sh601996:2.960,2.770,2.970,2.750,45979331;
sh603002:5.270,5.270,5.270,5.270,2862801;
sh603003:7.800,7.840,7.840,7.550,25165886;
sh603006:10.450,10.050,10.550,10.010,1954000;
sh603009:7.360,7.110,7.390,7.110,8770253;
sh603010:12.790,13.020,13.100,12.750,17878284;
sh603015:6.530,6.450,6.790,6.380,7007672;
sh603017:9.700,9.880,10.030,9.700,2794300;
sh603018:11.510,11.020,11.840,11.020,11747394;
sh603020:7.640,7.510,7.720,7.510,2652734;
sh603021:6.080,5.950,6.120,5.920,1789790;
sh603022:16.600,15.880,16.680,15.410,3203600;
sh603023:5.150,5.050,5.490,5.050,27929156;
sh603025:9.150,9.270,9.310,9.020,10871615;
sh603085:6.440,6.190,6.580,6.180,4428738;
sh603088:9.000,9.440,9.240,9.000,7045503;
sh603099:8.050,7.950,8.140,7.950,1508000;
sh603108:10.050,9.680,10.100,9.670,6775586;
sh603111:6.300,6.030,6.450,6.030,24064774;
sh603116:6.390,6.260,6.460,6.250,2159838;
sh603117:3.720,3.560,3.730,3.560,9549440;
sh603123:9.830,9.020,9.960,9.000,12449100;
sh603126:4.430,4.320,4.480,4.310,4646300;
sh603158:19.580,19.350,20.100,19.090,5710887;
sh603168:8.250,8.010,8.370,8.000,3223622;
sh603222:51.560,51.150,51.990,50.750,533900;
sh603227:4.160,4.050,4.240,4.050,8483800;
sh603268:14.110,13.600,14.240,13.600,1151640;
sh603299:5.900,5.760,5.960,5.750,4911200;
sh603300:7.370,7.000,7.460,6.920,23349160;
sh603308:16.100,15.580,16.560,15.550,9984555;
sh603318:7.880,7.710,8.260,7.710,13447700;
sh603333:6.920,7.030,7.290,6.900,18124876;
sh603366:5.770,5.460,5.790,5.460,18851419;
sh603456:19.000,18.780,19.500,18.740,12349176;
sh603508:56.300,53.480,56.680,53.480,3048847;
sh603519:13.030,14.080,14.080,13.030,8027754;
sh603566:16.660,16.360,16.840,16.270,3491552;
sh603568:26.360,26.180,26.560,25.600,3925916;
sh603600:12.590,12.310,12.700,12.170,8205677;
sh603601:12.160,11.710,12.490,11.710,93137165;
sh603609:10.820,10.680,11.080,10.640,10356477;
sh603611:18.650,18.530,19.110,18.500,3885074;
sh603616:7.900,8.430,8.750,7.830,26449817;
sh603618:6.620,6.360,6.880,6.360,49031540;
sh603688:24.630,24.100,25.440,24.100,9661364;
sh603703:19.420,19.630,19.660,18.900,9847388;
sh603789:13.010,12.850,13.040,12.840,1834914;
sh603800:10.750,10.790,10.910,10.660,2012825;
sh603808:11.730,11.400,11.880,11.400,2614550;
sh603818:6.880,6.880,6.950,6.750,1939922;
sh603838:7.410,7.350,7.510,7.310,685400;
sh603918:11.090,10.630,11.230,10.630,3351666;
sh603936:19.000,18.430,19.210,18.370,8404051;
sh603968:12.930,12.610,13.050,12.600,1091000;
sh603989:24.170,23.590,24.990,23.580,1917657;
sh603997:6.960,6.860,7.090,6.810,2921343;
sh603998:6.620,6.410,6.710,6.410,3884700;
sh603999:5.840,5.700,5.930,5.680,6557800;
sh600127:4.390,4.260,4.460,4.240,19171553;
sh603377:15.260,14.820,15.260,14.580,2687062;
sh601900:9.400,9.240,9.560,9.220,5170822;
sh603919:13.200,12.440,13.310,12.430,5655810;
sh603861:10.000,9.640,10.480,9.630,15409650;
sh603028:10.680,10.710,10.970,10.530,2162200;
sh603798:9.670,9.450,9.740,9.420,1493523;
sh603701:11.300,10.870,11.430,10.870,5129758;
sh603726:26.200,25.920,26.240,25.800,2998468;
sh603528:7.700,7.400,7.820,7.370,8577400;
sh603339:12.080,11.780,12.200,11.770,1081820;
sh603131:17.210,16.370,17.440,16.350,6513360;
sh603016:20.780,19.500,20.970,19.500,3578016;
sh603069:11.480,11.110,11.630,11.000,5310731;
sh600936:3.820,3.680,3.830,3.680,5852700;
sh601997:7.970,7.790,8.010,7.780,18458213;
sh601595:12.540,12.150,12.670,12.130,2451041;
sh603515:24.180,24.120,24.600,23.920,2519460;
sh603843:4.300,4.360,4.580,4.260,17215986;
sh601163:13.200,12.930,13.440,12.920,3787606;
sh603393:36.500,36.100,37.540,35.610,9295852;
sh603738:25.980,26.420,26.420,25.890,6168871;
sh601128:7.630,7.280,7.650,7.220,39639901;
sh603313:20.560,20.020,21.090,19.870,6617916;
sh600926:8.130,7.890,8.180,7.870,17765238;
sh603888:22.670,22.430,23.300,22.400,13544795;
sh603060:19.940,20.000,20.380,19.810,1401948;
sh603633:11.350,10.940,11.480,10.920,3737185;
sh603987:10.720,10.370,11.300,10.270,11770828;
sh603336:14.300,15.660,15.240,14.180,24908626;
sh603660:11.810,11.830,12.030,11.660,12073595;
sh603559:26.500,25.000,26.950,24.920,34821190;
sh603033:21.670,22.050,22.750,21.390,3975938;
sh603389:4.640,4.460,4.690,4.460,2739292;
sh603058:6.590,6.450,6.680,6.410,1948417;
sh603886:15.800,15.560,16.060,15.500,2643082;
sh603239:11.960,11.370,12.270,11.110,2833200;
sh601375:5.400,5.160,5.450,5.150,42547878;
sh603035:13.230,12.750,13.690,12.750,8491674;
sh603032:18.130,17.220,18.130,17.200,2743951;
sh603877:15.960,15.890,16.260,15.770,1611500;
sh603689:10.810,10.600,10.840,10.590,2409109;
sh603579:26.300,25.410,26.440,25.310,879933;
sh603639:24.160,24.110,24.550,24.110,1571119;
sh601858:9.960,9.710,10.070,9.660,2411100;
sh603638:28.410,28.720,30.200,28.160,2135406;
sh603429:33.730,32.680,34.290,32.380,3039300;
sh603966:9.780,9.500,9.810,9.500,2327008;
sh603089:11.750,11.530,11.980,11.520,1026230;
sh603360:26.630,25.980,27.030,25.910,2625758;
sh603677:11.240,10.730,11.290,10.600,2251674;
sh603637:13.060,12.880,13.210,12.850,686803;
sh601212:2.870,2.830,2.930,2.820,16271090;
sh603603:7.450,7.070,7.530,7.050,4692158;
sh603817:6.180,6.000,6.260,6.000,2542600;
sh603717:7.780,7.750,7.850,7.700,4268426;
sh603656:14.050,13.850,14.460,13.850,731452;
sh603133:19.570,19.360,19.960,19.200,5812900;
sh603811:23.740,23.210,24.120,23.170,1443836;
sh603955:15.700,15.560,16.210,15.560,1528470;
sh603908:22.410,21.950,22.920,21.830,302900;
sh603991:18.880,18.800,19.400,18.440,2929900;
sh603578:20.550,20.500,20.550,20.200,868117;
sh601366:6.310,6.220,6.430,6.100,14882318;
sh603787:12.100,11.820,12.400,11.810,3588500;
sh603320:15.990,15.690,16.200,15.660,1130058;
sh603906:9.390,9.320,9.520,9.280,2574712;
sh603586:16.260,15.780,16.400,15.760,1159900;
sh603538:27.490,27.400,28.690,27.150,7765652;
sh603385:9.840,9.800,10.040,9.760,5265272;
sh603178:8.520,8.190,8.620,8.150,3747100;
sh603238:24.050,23.430,24.210,23.280,2645900;
sh603229:22.400,23.220,23.280,22.000,2019300;
sh603728:12.200,11.630,12.340,11.630,4721825;
sh603896:27.600,26.710,27.870,26.710,872993;
sh603488:8.010,8.000,8.180,8.000,1280400;
sh603197:27.260,25.990,27.640,25.920,4677949;
sh603580:11.200,11.150,11.460,11.110,749276;
sh603200:43.000,45.580,46.080,42.050,5300702;
sh603042:21.380,20.200,21.900,19.900,24546981;
sh603536:12.180,12.140,12.910,12.030,6674642;
sh603326:17.800,17.600,18.180,17.530,1890500;
sh603316:10.720,10.950,10.950,10.590,5480900;
sh603335:4.140,4.060,4.190,4.050,8017058;
sh603380:16.950,18.200,18.290,16.940,10956553;
sh603286:16.200,15.580,16.400,15.520,1631344;
sh603938:31.220,28.660,32.380,28.650,5943400;
sh603331:18.120,17.790,18.730,17.720,2588425;
sh603933:13.600,12.940,13.600,12.930,2879584;
sh603595:29.990,28.440,30.690,28.000,4095692;
sh603612:11.380,10.960,11.580,10.950,3954560;
sh603676:10.540,10.200,10.830,10.160,4558420;
sh603063:8.500,8.300,8.570,8.260,4036732;
sh603233:52.850,52.390,54.550,51.310,3263062;
sh603357:10.190,9.800,10.360,10.070,5495573;
sh603860:25.210,24.460,25.560,24.410,383500;
sh603880:14.970,14.590,15.160,14.480,7602288;
sh603776:18.570,18.180,19.080,18.180,4071443;
sh603976:15.170,14.970,15.550,14.960,1584850;
sh603079:41.760,40.600,42.830,40.520,2942440;
sh603725:6.380,6.250,6.560,6.220,1970083;
sh603813:17.700,17.310,17.750,17.310,579500;
sh603136:21.960,21.480,22.300,21.400,1552549;
sh603378:27.380,27.350,28.200,27.000,1197700;
sh603367:16.550,15.890,16.720,15.890,5507971;
sh603103:15.450,14.880,15.730,14.880,4762345;
sh603110:14.660,14.490,15.200,14.460,2272643;
sh603499:14.770,14.360,14.970,14.330,1159320;
sh603829:10.600,10.270,10.800,10.210,6608704;
sh603722:26.380,27.520,29.150,26.380,2927585;
sh603659:70.000,65.770,70.580,65.660,7093105;
sh603076:20.980,20.500,21.230,20.500,458100;
sh603661:35.200,34.320,35.540,34.220,628850;
sh601019:6.480,6.390,6.520,6.380,4034293;
sh603890:12.050,12.620,13.010,12.050,37459066;
sh603477:11.250,11.410,11.560,11.100,9565620;
sh603895:19.600,19.900,20.880,19.500,2879307;
sh603516:43.400,43.240,45.540,43.160,3471666;
sh603871:26.950,26.600,27.200,26.600,710280;
sh603709:24.080,24.000,24.770,23.280,557900;
sh603712:24.830,25.420,26.500,24.710,14364858;
sh603059:26.100,25.100,26.950,25.050,4567503;
sh600929:5.520,5.400,5.570,5.380,5393400;
sh603897:16.700,16.200,16.870,16.180,1498900;
sh603301:46.920,46.750,47.680,44.730,19795130;
sh603773:34.240,33.020,35.070,33.010,1885320;
sh603666:86.460,87.070,88.500,84.950,940560;
sh601990:16.520,15.300,16.770,14.810,261421065;
sh603713:51.600,50.140,52.800,49.890,1766354;
sh601606:8.860,8.520,8.930,8.490,5826543;
sh603590:38.630,39.960,40.380,38.420,5317642;
sh603192:26.670,25.840,26.850,25.840,2085193;
sh601068:4.410,4.320,4.470,4.300,8342274;
sh603297:37.400,36.500,38.110,36.400,2337932;
sh603790:12.530,12.210,12.690,12.190,1588430;
sh603583:39.310,38.150,41.630,38.080,4778938;
sh601975:2.480,2.420,2.500,2.410,58870673;
sh603629:23.150,22.460,23.460,22.380,752371;
sh603185:40.260,37.880,40.400,37.880,5301413;
sh601298:5.700,5.690,5.790,5.690,13365841;
sh603700:31.210,31.260,32.590,31.010,2688752;
sh601615:10.580,10.120,10.580,10.100,9407087;
sh601865:11.500,11.150,11.780,11.150,7975800;
sh603317:40.750,40.630,41.800,40.280,1461216;
sh603697:11.590,11.620,11.790,11.580,5056779;
sh603982:14.700,14.250,15.060,14.220,2901499;
sh603327:25.950,25.090,26.280,25.090,3255200;
sh603915:13.100,12.600,13.100,12.600,4139073;
sh601236:21.080,20.130,21.470,19.880,49575500;
sh603530:20.190,21.000,20.900,19.900,12486835;
sh603115:17.500,17.060,17.710,17.050,1860900;
sh603992:17.850,17.070,18.190,17.050,2843607;
sh603755:44.390,42.210,44.500,42.060,360836;
sh600000:10.400,10.210,10.500,10.200,33176646;
sh600004:13.180,13.220,13.400,13.130,19652423;
sh600006:4.070,4.040,4.230,4.040,16898077;
sh600007:13.050,12.700,13.180,12.660,2163000;
sh600008:3.120,3.060,3.130,3.040,23961402;
sh600009:64.000,63.300,65.800,63.120,16450324;
sh600011:4.610,4.470,4.630,4.470,33945527;
sh600012:5.300,5.220,5.340,5.220,3447835;
sh600015:6.860,6.700,6.880,6.680,28650305;
sh600016:5.710,5.600,5.720,5.590,81174498;
sh600017:2.560,2.530,2.580,2.520,15884927;
sh600018:4.490,4.400,4.530,4.390,34035362;
sh600019:4.920,4.870,4.950,4.860,54120169;
sh600020:3.900,3.820,3.930,3.800,17712175;
sh600021:7.190,7.120,7.210,7.030,5558946;
sh600023:3.420,3.390,3.430,3.390,18254740;
sh600026:7.950,7.600,8.050,7.400,95191096;
sh600027:3.220,3.140,3.230,3.130,38377200;
sh600028:4.590,4.530,4.620,4.520,141096749;
sh600029:5.560,5.390,5.630,5.370,64931743;
sh600030:23.030,22.230,23.180,22.200,152189444;
sh600031:16.050,15.390,16.560,15.350,126834320;
sh600033:2.800,2.760,2.820,2.750,6237404;
sh600035:3.510,3.330,3.560,3.270,50283602;
sh600036:31.880,30.820,32.280,30.760,82431704;
sh600037:9.030,8.710,9.100,8.700,14745707;
sh600038:41.170,40.230,41.560,40.160,5892729;
sh600050:5.340,5.200,5.390,5.180,120916151;
sh600054:8.160,8.040,8.260,8.030,3915055;
sh600055:11.660,12.150,12.870,11.660,10034785;
sh600056:15.040,14.430,15.060,14.420,32581184;
sh600057:4.430,4.270,4.520,4.260,20550177;
sh600059:7.550,7.410,7.600,7.380,3966584;
sh600060:11.200,10.420,11.280,10.370,21833220;
sh600062:12.530,12.330,12.650,12.330,7407642;
sh600064:8.810,8.610,8.910,8.580,12882496;
sh600066:13.270,12.740,13.350,12.690,18913375;
sh600068:6.660,6.530,6.800,6.510,50477579;
sh600072:11.070,10.700,11.170,10.680,9073365;
sh600073:7.900,8.220,8.130,7.870,43988714;
sh600075:4.830,4.700,4.870,4.700,6770533;
sh600085:25.220,24.810,25.360,24.700,8503989;
sh600089:8.220,7.950,8.270,7.950,232413958;
sh600093:12.470,11.880,12.530,11.830,15250963;
sh600097:9.150,9.120,9.330,9.040,1430835;
sh600098:5.920,5.870,5.950,5.820,2138360;
sh600100:8.560,8.370,8.680,8.350,26137104;
sh600104:20.720,20.100,20.970,20.000,31785276;
sh600105:5.090,4.770,5.120,4.760,56511860;
sh600106:2.790,2.740,2.810,2.740,7249131;
sh600109:9.500,9.000,9.590,9.000,74838095;
sh600114:10.150,9.800,10.280,10.020,22963044;
sh600116:7.950,7.810,8.090,7.790,9441867;
sh600118:31.880,31.180,32.250,31.110,36463609;
sh600125:5.020,4.890,5.040,4.880,11867473;
sh600126:6.560,6.320,6.720,6.210,82475485;
sh600129:12.070,11.840,12.100,11.800,3052294;
sh600131:20.320,20.830,22.230,20.320,31528442;
sh600132:48.870,46.700,48.870,46.410,2839466;
sh600133:5.760,5.420,5.810,5.340,59334525;
sh600138:10.410,10.080,10.450,10.080,18119758;
sh600141:9.720,9.390,9.750,9.340,11988838;
sh600143:8.470,8.150,8.540,8.140,83921703;
sh600150:17.980,17.500,18.110,17.500,8734878;
sh600153:7.530,7.260,7.550,7.250,18442871;
sh600158:10.560,10.100,10.600,10.060,32089108;
sh600170:3.260,3.190,3.280,3.180,32167658;
sh600171:18.580,18.620,19.100,18.570,42019532;
sh600176:8.100,7.920,8.250,7.900,36499285;
sh600177:6.480,6.380,6.530,6.370,17676952;
sh600183:29.160,28.450,29.900,28.380,45260676;
sh600195:12.110,11.880,12.580,11.820,17138201;
sh600196:29.800,28.620,31.280,28.580,118202453;
sh600216:17.100,16.700,17.710,16.690,58247701;
sh600217:5.400,5.190,5.440,5.180,12802908;
sh600219:2.140,2.090,2.150,2.090,73272133;
sh600233:11.820,11.250,11.850,11.250,27391651;
sh600252:3.320,3.190,3.340,3.180,52555082;
sh600256:2.710,2.660,2.740,2.660,34165658;
sh600258:15.450,14.820,15.760,14.780,17953332;
sh600260:13.890,13.410,14.010,13.380,52808880;
sh600261:3.850,3.740,3.920,3.740,17093157;
sh600269:3.630,3.550,3.640,3.550,8765185;
sh600271:20.850,20.210,21.170,20.200,19369282;
sh600276:81.200,80.600,84.260,80.290,28389686;
sh600284:6.170,6.080,6.250,6.080,11671838;
sh601658:5.380,5.300,5.400,5.300,30672237;
sh600969:6.040,5.930,6.080,5.930,2794361;
sh600297:4.150,3.970,4.200,3.920,48543880;
sh600298:31.500,30.620,32.280,30.610,9920216;
sh600299:11.190,10.700,11.300,10.680,11254600;
sh600305:17.880,17.780,18.410,17.690,15834062;
sh600309:42.300,41.690,43.350,41.340,29332901;
sh600312:9.940,9.290,9.940,9.220,162753145;
sh600315:26.850,26.770,27.330,26.450,8348740;
sh600316:13.320,12.560,13.460,12.540,14703415;
sh600320:3.260,3.210,3.290,3.200,7146000;
sh600325:6.620,6.310,6.650,6.300,31574790;
sh600332:32.190,31.300,32.650,31.280,9582897;
sh600340:22.420,21.920,22.720,21.920,11038453;
sh600343:8.650,8.250,8.660,8.210,8749074;
sh600345:22.810,21.500,23.080,21.450,11146594;
sh600350:4.270,4.180,4.290,4.170,8332090;
sh600352:12.850,12.520,13.050,12.500,49934500;
sh600361:3.580,3.500,3.640,3.500,5344300;
sh600362:13.260,12.800,13.360,12.780,24331595;
sh600369:4.850,4.630,4.870,4.630,36765000;
sh600372:13.110,12.600,13.190,12.600,8002784;
sh600376:6.790,6.580,6.820,6.540,10267385;
sh600377:9.890,9.650,9.950,9.640,8406901;
sh600380:10.820,10.640,10.950,10.620,17570756;
sh600383:13.400,12.790,13.550,12.760,34631255;
sh600388:10.350,9.980,10.440,10.180,8418018;
sh600390:8.350,7.970,8.450,7.970,35427935;
sh600391:20.410,19.420,21.010,19.420,23998394;
sh600406:21.510,20.580,21.900,20.500,42913262;
sh600410:11.500,11.090,11.540,11.030,79414112;
sh600418:5.220,5.070,5.410,5.070,25532040;
sh600420:9.320,9.360,9.430,9.220,13468395;
sh600422:9.460,9.240,9.650,9.230,11015760;
sh600428:3.320,3.200,3.340,3.190,14895495;
sh600435:7.690,7.450,7.770,7.390,14329461;
sh600436:118.000,117.380,120.950,117.300,5537508;
sh600439:2.960,2.890,3.000,2.880,11195397;
sh600446:18.190,17.590,18.470,17.570,19007918;
sh600452:17.430,16.920,17.680,16.810,3020057;
sh600460:16.150,15.930,16.350,15.900,47271445;
sh600477:3.910,3.880,4.040,3.850,34991202;
sh600482:16.260,15.970,16.450,15.930,3574938;
sh600483:8.420,8.400,8.730,8.380,8408499;
sh600486:63.700,63.160,64.950,62.100,3046173;
sh600487:20.150,19.260,20.280,19.190,150942998;
sh600489:7.590,7.480,7.660,7.460,28412061;
sh600496:3.920,3.780,4.050,3.720,66367602;
sh600497:3.510,3.430,3.530,3.420,32260516;
sh600498:36.900,34.330,37.650,34.110,86042687;
sh600500:5.520,5.270,5.560,5.250,20964388;
sh600507:8.320,8.180,8.400,8.160,10266586;
sh600511:25.180,24.600,25.340,24.600,4170056;
sh600516:9.330,9.070,9.410,9.070,37852254;
sh600519:1040.000,1007.990,1060.000,1007.990,7345988;
sh600522:11.050,11.130,11.330,10.830,348945386;
sh600529:31.660,31.250,33.190,31.150,5115687;
sh600535:14.150,13.780,14.280,13.730,11476203;
sh600536:82.000,80.060,82.600,80.000,22892880;
sh600545:5.630,5.520,5.680,5.480,10217531;
sh600547:30.770,29.480,31.050,29.400,41270592;
sh600548:9.120,8.910,9.140,8.900,5577300;
sh600557:12.880,12.510,12.940,12.510,5949181;
sh600563:47.320,46.460,49.110,46.380,2375118;
sh600565:2.940,2.840,2.960,2.840,21080986;
sh600566:21.360,20.700,21.500,20.700,8106788;
sh600570:88.300,86.880,91.180,85.970,21232091;
sh600571:10.000,9.540,10.120,10.000,13929774;
sh600572:5.530,5.300,5.540,5.280,31013109;
sh600577:2.890,2.790,2.930,2.780,24687060;
sh600578:2.850,2.800,2.860,2.790,6766527;
sh600580:11.380,10.920,11.570,10.910,24970635;
sh600582:3.130,3.040,3.160,3.020,26279650;
sh600583:5.180,5.020,5.180,5.010,25648092;
sh600584:23.840,23.070,24.160,23.050,58595734;
sh600585:51.650,51.400,53.220,51.340,47970875;
sh600588:44.000,42.510,44.840,42.280,39422568;
sh600590:6.220,5.910,6.320,5.910,30116444;
sh600597:10.310,10.010,10.430,10.000,11005183;
sh600598:12.440,12.200,12.830,12.180,49573704;
sh600600:38.600,38.110,38.770,38.110,8697309;
sh600606:5.660,5.490,5.700,5.480,48523125;
sh600611:3.610,3.540,3.660,3.530,6442833;
sh600612:38.240,37.180,38.600,37.120,2012943;
sh600616:4.400,4.310,4.450,4.310,2548319;
sh600618:7.670,7.560,7.860,7.560,5298554;
sh600619:7.700,7.620,7.850,7.580,1812080;
sh600622:4.030,3.870,4.080,3.840,24609461;
sh600633:8.940,8.810,9.140,8.760,14013665;
sh600635:4.170,4.050,4.220,4.050,19954629;
sh600637:9.720,9.460,9.820,9.460,14929452;
sh600642:5.270,5.210,5.270,5.180,13028014;
sh600643:8.230,7.880,8.300,7.870,21274626;
sh600648:15.100,14.790,15.220,14.740,6161171;
sh600650:9.280,8.860,9.380,8.840,3304824;
sh600655:6.860,6.660,6.880,6.640,7063449;
sh600657:3.600,3.470,3.640,3.460,10313589;
sh600658:4.410,4.280,4.440,4.270,4611990;
sh600660:20.470,20.030,20.680,20.030,14816417;
sh600663:11.420,11.010,11.480,11.000,5156091;
sh600667:13.090,13.160,13.680,12.900,146326511;
sh600674:9.030,8.900,9.060,8.900,8296666;
sh600685:12.400,12.010,12.480,12.000,4482043;
sh600686:6.350,6.240,6.490,6.240,3773550;
sh600688:4.270,4.270,4.270,4.070,91085662;
sh600690:15.240,15.020,15.580,15.010,45418056;
sh600699:21.370,20.550,21.700,20.510,40222535;
sh600702:22.740,22.150,23.140,22.100,6775680;
sh600703:23.600,23.030,23.770,22.920,130644601;
sh600704:4.850,4.690,4.860,4.690,32055980;
sh600705:4.130,4.020,4.160,4.020,36994594;
sh600713:4.420,4.350,4.450,4.350,8282600;
sh600717:5.520,5.480,5.540,5.460,10051280;
sh600718:12.200,11.900,12.440,11.870,17625044;
sh600720:11.970,12.010,12.480,11.970,28921582;
sh600723:5.390,5.260,5.450,5.250,3124201;
sh600728:10.450,10.590,10.620,10.230,120481955;
sh600729:25.770,25.150,26.100,25.050,6358786;
sh600733:5.650,5.420,5.790,5.400,17340477;
sh600741:22.740,21.870,22.990,21.730,25366325;
sh600743:2.260,2.200,2.270,2.190,7786400;
sh600749:8.510,8.260,8.590,8.100,2698400;
sh600750:11.690,11.500,11.830,11.500,5582586;
sh600754:25.800,24.830,26.400,24.800,5419889;
sh600760:28.690,27.170,28.840,27.170,21939097;
sh600761:9.360,9.060,9.480,9.060,8191796;
sh600763:97.700,95.300,100.660,95.240,3980743;
sh600765:9.360,8.990,9.440,8.990,10827440;
sh600775:10.360,9.810,10.450,10.070,42716414;
sh600776:17.750,17.670,18.500,17.580,22628847;
sh600779:43.200,41.690,43.640,41.600,3685090;
sh600787:4.590,4.400,4.630,4.400,12899811;
sh600789:10.450,10.000,10.750,10.100,69569421;
sh600790:3.150,3.090,3.170,3.090,9169208;
sh600794:3.380,3.250,3.410,3.250,16498202;
sh600795:2.060,2.040,2.070,2.040,56038202;
sh600797:9.250,8.920,9.330,8.880,27666771;
sh600798:3.260,3.160,3.270,3.140,17171895;
sh600801:22.210,22.380,23.660,22.210,30187213;
sh600803:9.110,8.820,9.180,8.810,11746151;
sh600804:6.400,6.190,6.490,6.110,76015442;
sh600805:4.740,4.580,4.780,4.580,5099489;
sh600809:86.660,83.810,87.960,83.200,5329383;
sh600812:7.440,7.110,7.500,7.100,30766728;
sh600814:4.870,4.810,4.910,4.810,3588853;
sh600816:2.720,2.530,2.740,2.520,70212299;
sh600820:5.680,5.550,5.730,5.540,14037519;
sh600823:4.020,3.870,4.030,3.860,12896029;
sh600826:10.190,9.890,10.350,10.060,2382700;
sh600827:7.560,7.350,7.590,7.330,5750242;
sh600835:14.070,13.640,14.130,13.600,3678359;
sh600837:13.510,13.120,13.610,13.100,63569933;
sh600839:2.930,2.920,2.980,2.890,134416432;
sh600845:45.300,43.610,45.600,43.570,7677967;
sh600848:19.580,19.200,19.700,19.050,4809372;
sh600850:24.020,23.580,24.450,23.450,7344567;
sh600859:12.260,12.030,12.320,12.000,3402505;
sh600872:42.460,41.900,43.900,41.680,8976353;
sh600873:4.310,4.290,4.370,4.280,25408997;
sh600875:8.940,8.690,9.080,8.690,15509869;
sh600884:11.650,11.180,11.750,11.170,20620073;
sh600886:7.580,7.630,7.660,7.500,25626119;
sh600887:27.920,27.670,28.700,27.490,55265696;
sh603551:16.040,15.730,16.240,15.730,1685653;
sh600893:24.000,23.100,24.130,23.100,14955162;
sh600895:12.700,12.240,12.720,12.220,9422371;
sh600897:18.200,17.670,18.250,17.610,1857183;
sh600900:16.880,16.720,16.990,16.700,39957888;
sh600958:9.710,9.370,9.840,9.360,35682900;
sh600967:10.150,9.760,10.220,10.000,16448717;
sh600970:5.900,5.780,6.010,5.760,18749570;
sh600975:7.690,7.740,7.890,7.650,30504141;
sh600987:5.860,5.680,5.870,5.650,6552970;
sh600993:15.260,14.790,15.340,14.780,4665649;
sh600995:7.670,7.790,7.900,7.630,12262445;
sh600998:16.870,16.990,17.410,16.600,9386698;
sh600999:17.220,16.540,17.270,16.520,18297703;
sh601003:5.100,5.030,5.130,4.990,9100100;
sh601006:7.080,6.970,7.100,6.970,28885872;
sh601007:8.110,8.140,8.490,8.050,3321320;
sh601009:7.440,7.200,7.470,7.190,40273794;
sh601010:3.100,3.080,3.140,3.080,13477147;
sh601012:25.300,24.310,25.960,24.240,71981579;
sh601018:3.210,3.170,3.240,3.160,26848264;
sh601021:32.200,31.500,32.980,31.500,9337555;
sh601038:6.030,5.700,6.080,5.700,13219218;
sh601088:15.790,15.520,15.840,15.520,31533791;
sh601099:3.570,3.400,3.600,3.380,156182884;
sh601107:3.530,3.430,3.540,3.420,5238400;
sh601111:7.270,6.980,7.290,6.950,81377439;
sh601116:11.520,11.350,11.520,11.220,2782138;
sh601117:6.390,6.170,6.430,6.140,36680238;
sh601137:12.640,12.200,12.750,12.110,7505062;
sh601139:6.880,6.790,6.920,6.740,14277693;
sh601158:5.320,5.260,5.320,5.250,3138928;
sh601166:16.170,15.700,16.270,15.670,81747178;
sh601169:4.960,4.880,4.980,4.880,58133253;
sh601186:10.300,9.930,10.480,10.110,93736765;
sh601198:11.280,10.860,11.360,10.830,21065295;
sh601211:16.530,16.100,16.650,16.020,44588560;
sh601216:2.600,2.550,2.630,2.540,25811503;
sh601231:18.000,17.180,18.380,17.050,27118477;
sh601238:12.000,11.500,12.060,11.490,13344315;
sh601288:3.400,3.360,3.410,3.350,214330968;
sh601360:20.510,20.020,20.670,20.000,29256894;
sh601318:72.530,69.870,72.880,69.850,85218111;
sh601328:5.230,5.120,5.230,5.110,93220559;
sh601333:2.500,2.460,2.520,2.460,30204100;
sh601336:40.960,39.930,41.460,39.910,10252809;
sh601377:6.500,6.280,6.540,6.250,48994879;
sh601390:5.550,5.410,5.620,5.410,67681748;
sh601398:5.180,5.110,5.200,5.110,202506811;
sh601519:7.770,7.480,7.830,7.480,44957992;
sh601579:7.810,7.590,7.820,7.550,1297800;
sh601588:2.760,2.670,2.780,2.670,16467600;
sh601600:3.000,2.970,3.030,2.960,42833240;
sh601601:27.990,27.750,28.420,27.620,35864392;
sh601607:17.990,17.470,18.050,17.440,19146124;
sh601618:2.690,2.620,2.730,2.620,66786866;
sh601628:26.190,25.800,26.580,25.760,15978625;
sh601633:8.240,8.090,8.460,8.050,33793363;
sh601636:5.110,4.960,5.210,4.960,27038712;
sh601668:5.280,5.150,5.350,5.150,196227016;
sh601669:4.170,4.110,4.240,4.100,47664440;
sh601688:17.850,17.270,17.990,17.260,63818581;
sh601717:5.700,5.620,5.830,5.610,22602558;
sh601718:4.130,4.200,4.220,4.070,78681385;
sh601766:6.400,6.280,6.460,6.270,55174173;
sh601788:11.460,11.110,11.590,11.100,24699600;
sh601800:8.980,8.760,9.250,8.710,86079656;
sh601801:4.920,4.800,4.950,4.780,5995877;
sh601808:12.600,12.150,12.690,12.070,20498613;
sh601857:5.010,4.950,5.030,4.950,86839957;
sh601872:6.720,6.760,6.800,6.490,153468900;
sh601877:23.670,23.560,24.230,23.550,11081316;
sh601880:1.760,1.740,1.770,1.740,27141549;
sh601888:77.700,75.380,78.290,74.120,12631684;
sh601890:5.150,5.050,5.210,5.030,8074303;
sh601899:3.530,3.410,3.580,3.400,242283744;
sh601901:7.440,7.180,7.520,7.180,44093394;
sh601919:4.200,4.080,4.220,4.080,25213404;
sh601928:6.760,6.670,6.770,6.660,6117117;
sh601933:9.160,9.010,9.440,9.000,66738032;
sh601939:6.440,6.390,6.480,6.380,88296423;
sh601965:8.160,8.150,8.550,8.090,11573222;
sh601985:4.510,4.470,4.540,4.470,33391866;
sh601988:3.550,3.500,3.560,3.500,83510050;
sh601989:4.230,4.120,4.280,4.110,76621401;
sh601991:2.110,2.100,2.140,2.090,10814600;
sh601992:3.310,3.300,3.430,3.290,46378285;
sh601998:5.320,5.220,5.330,5.220,16638729;
sh603000:19.040,18.610,19.190,18.600,19480900;
sh603005:93.000,86.800,93.000,85.910,18307734;
sh603008:12.430,12.110,12.520,11.950,6797024;
sh603011:5.450,5.340,5.490,5.340,12120600;
sh603019:49.190,49.000,51.270,48.010,80620357;
sh603026:33.110,33.150,33.630,32.710,4041913;
sh603066:9.420,9.150,9.650,9.010,10237199;
sh603100:9.550,9.140,9.630,9.120,3586342;
sh603118:14.800,13.960,14.980,13.800,40493430;
sh603128:5.290,5.110,5.340,5.100,15542676;
sh603169:4.630,4.770,4.650,4.500,22835923;
sh603198:15.160,14.780,15.390,14.700,4136067;
sh603199:20.990,20.200,21.090,19.920,956081;
sh603288:96.980,97.000,99.320,96.000,6206981;
sh603306:15.890,15.150,15.900,15.150,4319434;
sh603328:10.980,10.670,11.170,10.660,17202361;
sh603338:59.000,58.080,59.780,57.000,2898142;
sh603355:21.090,20.460,21.230,20.380,1436702;
sh603368:31.260,29.950,31.430,29.950,2474497;
sh603369:29.700,28.400,30.260,28.270,10401178;
sh603398:8.400,8.140,8.520,8.140,2541356;
sh603589:38.710,37.380,39.400,37.300,5183800;
sh603598:12.520,12.000,12.650,12.000,11383457;
sh603599:15.230,15.200,15.750,15.200,6206491;
sh603606:13.270,12.570,13.320,12.560,29870855;
sh603636:13.290,13.190,13.350,12.920,35567887;
sh603678:25.970,24.890,26.260,24.880,22096769;
sh603686:13.790,13.940,14.270,13.790,17990908;
sh603696:9.680,9.660,10.180,9.320,23780070;
sh603698:11.140,10.870,11.250,10.860,1741800;
sh603699:12.400,12.130,12.660,12.080,2720486;
sh603718:14.370,14.920,15.530,14.370,11948655;
sh603766:3.530,3.340,3.550,3.340,18296337;
sh603799:33.110,32.020,33.920,32.000,40474119;
sh603806:41.600,41.950,42.950,40.200,3443966;
sh603866:46.150,44.500,46.800,43.870,2987262;
sh603883:67.210,67.150,70.500,65.630,2054249;
sh603885:10.560,10.090,10.640,10.080,16849558;
sh603889:5.250,5.090,5.250,5.070,3016560;
sh603898:14.010,14.230,14.640,14.010,1827946;
sh603899:40.950,42.700,44.140,40.950,6876522;
sh603939:76.600,76.010,79.210,74.500,2520449;
sh603993:3.760,3.600,3.810,3.600,177738499;
sh603225:10.480,10.330,10.620,10.310,2346159;
sh603195:160.090,154.260,162.610,154.200,3260686;
sh601816:6.420,6.300,6.500,6.300,86107331;
sh600673:7.200,7.050,7.260,7.020,18415215;
sh601916:4.140,4.070,4.150,4.060,42659083;
sh603027:23.390,22.460,23.600,22.300,4621080;
sh603520:52.130,52.110,54.890,51.800,1840488;
sh603868:34.460,34.500,35.090,34.460,1036099;
sh603737:84.000,80.600,84.000,79.950,2878267;
sh601611:6.350,6.200,6.390,6.200,9946823;
sh601127:8.740,8.370,8.870,8.340,3463258;
sh601966:19.550,19.940,20.070,19.100,13399339;
sh603322:20.330,19.130,20.880,19.100,8322094;
sh600919:6.140,6.030,6.170,6.030,29807460;
sh601811:10.750,10.500,10.930,10.460,2007954;
sh600977:12.580,12.180,12.750,12.180,10019486;
sh603986:285.100,273.580,289.990,269.730,9916933;
sh603658:113.470,110.000,116.950,110.000,1346379;
sh603189:23.250,23.190,23.790,22.960,10297517;
sh600908:5.170,5.040,5.190,5.030,12775300;
sh603421:16.850,16.030,17.180,15.790,7565646;
sh603777:13.020,12.540,13.270,12.510,13794683;
sh603816:37.470,36.190,37.710,36.000,2747022;
sh603160:268.500,256.900,269.680,255.000,5266966;
sh603258:28.590,27.470,28.940,27.400,3810217;
sh603290:130.000,133.490,130.650,126.050,8120197;
sh601229:8.300,8.160,8.340,8.160,19637409;
sh603858:20.000,19.430,20.250,19.390,10057057;
sh603727:15.350,15.060,15.720,14.950,2361900;
sh603900:7.500,7.410,7.620,7.370,1196055;
sh600909:7.780,7.400,7.890,7.370,100021810;
sh603990:47.240,47.000,49.900,46.510,2012689;
sh603708:26.950,26.500,27.580,26.360,1964981;
sh603416:37.370,37.000,37.660,36.430,874220;
sh600996:7.920,7.730,8.040,7.720,7466547;
sh603298:12.520,12.250,12.650,12.160,2331278;
sh603218:17.490,17.300,18.110,17.300,2115455;
sh603929:14.890,14.690,15.180,14.690,3958000;
sh603186:52.380,49.800,53.710,49.800,2597063;
sh603444:369.000,371.070,375.430,362.200,1383052;
sh603228:47.410,46.750,49.400,46.340,10738232;
sh603690:41.000,39.470,41.640,37.900,16655763;
sh603039:76.150,74.940,77.590,74.600,627412;
sh603337:19.110,18.900,19.500,18.820,1427809;
sh601881:10.220,9.880,10.320,10.020,44376857;
sh603881:49.210,48.390,50.500,48.300,7580213;
sh603208:78.880,80.220,81.450,77.820,1103700;
sh600939:4.360,4.200,4.420,4.200,4500600;
sh603501:149.020,144.000,154.500,143.000,6970433;
sh603517:47.670,47.000,47.670,45.450,6900560;
sh603960:30.180,29.980,30.870,29.900,1600431;
sh603630:13.400,12.840,13.770,12.730,9180736;
sh603138:21.260,21.880,21.970,20.700,9086460;
sh603803:14.550,13.640,14.730,13.570,15767887;
sh603232:41.510,42.990,44.440,40.520,6676620;
sh603920:20.900,19.950,21.140,19.950,6222821;
sh603078:47.240,46.780,48.860,46.100,10566724;
sh601200:11.260,11.250,11.500,11.240,12478502;
sh603303:9.420,9.040,9.460,9.030,5357204;
sh603833:99.260,95.310,100.800,95.030,3012232;
sh601228:3.230,3.220,3.250,3.200,12737261;
sh603345:73.580,72.700,75.450,72.420,2005832;
sh601952:8.620,8.020,8.860,8.020,63337364;
sh603383:61.350,59.600,62.290,59.300,1603126;
sh603496:24.020,23.580,24.200,23.470,7017665;
sh603226:17.200,16.360,17.300,16.130,5730060;
sh603980:7.670,7.630,7.780,7.600,6517947;
sh601878:11.000,10.340,11.120,10.310,69586229;
sh603043:28.680,26.890,29.000,26.850,7029683;
sh603801:21.000,20.500,21.820,20.500,4211049;
sh603387:32.400,31.920,33.190,31.890,8205900;
sh603707:47.300,45.450,47.490,45.450,4033358;
sh603825:25.220,23.260,25.250,23.180,6314718;
sh603978:21.850,21.460,22.460,21.380,2203808;
sh603602:23.150,21.900,23.440,21.820,9270916;
sh601326:2.780,2.710,2.780,2.690,9675674;
sh603129:37.380,35.010,37.870,35.010,2478863;
sh601949:5.350,5.180,5.410,5.160,8076313;
sh603127:70.470,65.930,70.470,65.650,3951752;
sh603183:9.180,9.060,9.480,9.020,3254772;
sh603882:51.000,50.200,52.210,50.110,3480612;
sh603277:9.130,8.890,9.190,8.850,2060200;
sh603386:14.500,14.200,14.690,14.130,2770800;
sh603648:8.300,8.120,8.450,8.110,2018381;
sh603321:7.950,7.690,8.020,7.620,5260600;
sh603106:7.570,7.220,7.620,7.220,6006605;
sh603533:19.770,19.770,19.770,19.770,1940800;
sh603363:18.600,19.310,19.880,18.290,24519018;
sh603466:13.410,13.030,13.510,13.020,4106632;
sh601108:10.480,10.060,10.630,10.050,94091093;
sh603607:17.910,17.430,18.140,17.430,1050100;
sh603260:27.160,26.260,27.280,26.230,2253293;
sh603289:8.080,7.810,8.130,7.750,2791572;
sh603912:21.600,20.460,22.090,20.450,15009955;
sh603856:10.500,10.270,10.590,10.270,3516845;
sh600903:12.070,11.710,12.250,11.700,13627496;
sh603083:32.700,30.740,33.030,30.740,5521385;
sh603605:103.000,103.530,107.850,102.610,1602104;
sh603619:12.550,12.160,12.670,12.160,4469800;
sh603365:13.480,13.230,13.570,13.150,1595183;
sh603711:24.020,24.050,24.800,23.900,2333401;
sh603848:12.590,12.130,12.590,12.100,927800;
sh600025:3.580,3.510,3.640,3.500,31800814;
sh603283:42.840,44.300,46.400,42.410,8520617;
sh603329:11.300,11.280,11.420,11.050,2035105;
sh603080:13.060,12.550,13.170,12.520,2181558;
sh601155:29.160,27.710,29.710,27.610,20838642;
sh603180:58.900,59.290,60.660,58.600,764100;
sh603056:10.560,10.220,10.690,10.180,4951718;
sh601828:10.180,9.920,10.230,10.010,5512605;
sh601838:7.770,7.570,7.810,7.570,20363265;
sh603156:25.220,24.760,25.370,24.680,1793234;
sh600901:5.270,5.130,5.280,5.120,19003041;
sh603214:34.510,34.360,35.440,34.110,960675;
sh603259:93.300,90.830,95.290,90.580,17291816;
sh603486:21.200,20.400,21.450,20.360,4170940;
sh601138:14.050,13.560,14.270,13.540,70470996;
sh601330:10.250,9.920,10.250,10.020,22095102;
sh601066:31.760,30.120,32.370,30.080,46489777;
sh601869:39.510,37.110,39.510,37.000,11426574;
sh601577:8.090,7.890,8.120,7.870,14070265;
sh603220:22.500,21.020,22.840,21.000,14629339;
sh601319:6.530,6.360,6.600,6.350,50182072;
sh603187:33.460,32.800,33.890,32.750,2382900;
sh601860:5.030,4.770,5.040,4.730,111561602;
sh603121:15.890,15.380,16.140,15.300,3216460;
sh603739:22.090,21.800,22.500,21.800,2465079;
sh601598:3.570,3.510,3.630,3.500,23837983;
sh600928:5.970,5.750,6.010,5.730,16926882;
sh603068:90.980,91.980,94.330,90.510,3437080;
sh600968:2.400,2.340,2.410,2.330,45244118;
sh601698:15.490,15.500,15.790,15.320,36314493;
sh603236:203.900,190.750,207.890,189.000,1926885;
sh603983:66.500,65.100,67.980,65.000,1998311;
sh603613:104.000,105.450,107.580,102.800,2631109;
sh603267:54.100,53.930,55.350,53.180,3966850;
sh603093:23.350,21.960,23.630,21.880,9016196;
sh603927:62.670,62.020,63.390,62.000,2429400;
sz000006:4.700,4.570,4.780,4.560,13021884;
sz000007:8.120,8.090,8.310,8.040,5703874;
sz000008:3.470,3.340,3.550,3.340,56672816;
sz000009:6.430,6.210,6.510,6.210,78065429;
sz000011:8.040,7.980,8.250,7.980,6971536;
sz000017:4.300,3.920,4.370,3.900,18329350;
sz000023:13.970,13.500,14.480,13.490,4873944;
sz000025:18.360,17.780,18.540,17.770,3497342;
sz000028:39.960,39.260,40.090,39.220,2100028;
sz000036:3.530,3.450,3.540,3.440,8041766;
sz000038:8.520,8.290,8.650,8.290,4218325;
sz000045:8.060,7.630,8.080,7.620,10884300;
sz000050:14.540,14.160,14.700,14.130,23758639;
sz000055:4.090,3.980,4.130,3.980,7217307;
sz000058:6.380,6.200,6.450,6.190,9716488;
sz000059:5.930,5.700,6.000,5.690,28135096;
sz000061:6.040,5.870,6.130,5.860,20236159;
sz000068:3.250,3.170,3.300,3.160,10480800;
sz000078:5.060,4.880,5.150,4.870,93994688;
sz000150:4.640,4.640,4.640,4.640,8400109;
sz000151:8.490,8.120,8.590,8.070,4834323;
sz000155:4.120,4.030,4.180,4.020,10287700;
sz000301:4.820,4.690,4.840,4.670,7672937;
sz000402:6.790,6.620,6.830,6.610,11495659;
sz000415:3.090,3.000,3.110,2.990,28945588;
sz000416:4.880,4.650,4.930,4.640,14129936;
sz000421:4.230,4.110,4.270,4.110,2679074;
sz000430:4.850,4.800,4.950,4.790,3506701;
sz000498:5.180,5.160,5.460,5.110,20636086;
sz000501:10.620,10.380,10.830,10.350,9465565;
sz000503:14.100,13.760,14.310,13.690,11415155;
sz000505:5.530,5.330,5.590,5.310,15450540;
sz000506:2.640,2.540,2.680,2.520,14649841;
sz000507:4.970,5.080,5.130,4.960,19071046;
sz000510:4.150,4.000,4.180,4.000,8942082;
sz000514:4.040,3.910,4.080,3.900,11472764;
sz000517:2.800,2.650,2.810,2.650,22748640;
sz000518:5.230,5.110,5.330,5.000,42603186;
sz000523:6.870,6.580,6.930,6.580,9741039;
sz000525:9.470,8.950,9.650,8.900,20124046;
sz000526:44.450,47.300,47.980,44.050,3328733;
sz000529:6.530,6.390,6.650,6.380,9211861;
sz000530:3.850,3.790,3.870,3.740,9749539;
sz000531:6.040,5.810,6.100,5.810,3506349;
sz000532:10.010,10.000,10.160,10.050,9498327;
sz000533:2.870,2.660,2.890,2.660,30302646;
sz000536:2.190,2.180,2.200,2.170,36678713;
sz000537:7.150,6.780,7.180,6.740,28316690;
sz000540:3.450,3.290,3.500,3.280,56469792;
sz000543:3.970,3.910,4.000,3.900,13815319;
sz000544:6.050,5.860,6.090,5.860,4546770;
sz000548:3.870,3.740,3.890,3.730,6474252;
sz000551:8.150,8.000,8.390,7.960,15471452;
sz000557:2.890,2.820,2.920,2.800,4851600;
sz000565:4.820,4.670,4.880,4.640,3727328;
sz000566:8.500,7.980,8.560,7.910,43622015;
sz000573:2.900,2.760,2.900,2.750,9579450;
sz000576:6.350,6.070,6.450,6.070,7345300;
sz000586:11.280,10.750,11.650,10.680,12327301;
sz000589:4.000,3.890,4.060,3.880,10236129;
sz000590:9.880,9.420,10.080,9.420,4163217;
sz000591:3.590,3.400,3.600,3.380,39818932;
sz000592:2.640,2.480,2.680,2.480,77789671;
sz000593:4.960,4.860,5.010,4.860,3816700;
sz000598:4.900,4.730,4.930,4.720,62530383;
sz000599:4.020,3.920,4.050,3.920,4034115;
sz000607:4.190,4.050,4.220,4.050,4185207;
sz000608:5.180,5.000,5.220,5.000,3872416;
sz000610:8.600,8.910,9.180,8.350,26916927;
sz000612:3.590,3.550,3.640,3.510,7284662;
sz000613:6.300,6.110,6.540,6.100,15184110;
sz000615:3.910,4.250,4.250,3.760,48276025;
sz000616:2.500,2.370,2.520,2.370,14113500;
sz000620:3.060,2.940,3.070,2.940,13783500;
sz000622:4.370,4.240,4.430,4.240,10049200;
sz000623:15.710,15.370,15.880,15.370,11236085;
sz000626:7.420,7.140,7.460,7.120,3002499;
sz000628:9.070,9.160,9.320,9.070,4695900;
sz000629:2.260,2.230,2.280,2.220,35775665;
sz000631:2.590,2.550,2.620,2.530,7313700;
sz000637:4.470,4.310,4.500,4.300,8359253;
sz000639:4.900,4.780,4.960,4.780,10368237;
sz000650:6.500,6.270,6.580,6.260,38092245;
sz000652:10.990,11.030,11.060,10.410,222887618;
sz000655:5.140,5.040,5.200,5.030,7217419;
sz000656:7.480,7.150,7.600,7.080,37798119;
sz000657:5.700,5.510,5.760,5.500,4369800;
sz000659:2.310,2.260,2.350,2.250,11712010;
sz000662:3.520,3.410,3.570,3.400,23256697;
sz000663:5.230,5.180,5.630,5.180,44389317;
sz000665:5.860,5.620,5.970,5.620,16437669;
sz000666:9.990,9.830,10.050,9.780,8950280;
sz000667:2.750,2.770,2.870,2.750,22570046;
sz000668:11.210,11.530,11.490,11.180,2823100;
sz000669:2.630,2.510,2.680,2.500,11336291;
sz000672:19.030,19.200,19.830,18.920,27203960;
sz000673:3.240,3.110,3.310,3.100,19370800;
sz000677:3.250,3.210,3.380,3.210,17068875;
sz000680:3.450,3.340,3.530,3.340,18309700;
sz000682:5.790,5.490,5.800,5.490,66385584;
sz000685:7.680,7.490,7.720,7.490,5661151;
sz000686:8.860,8.470,8.930,8.460,43681844;
sz000687:4.560,4.370,4.630,4.360,7607786;
sz000690:5.180,5.190,5.260,5.100,13947317;
sz000691:3.860,3.690,3.910,3.690,4121308;
sz000695:7.860,7.530,7.960,7.530,1281018;
sz000697:10.050,9.640,10.150,9.640,7113401;
sz000700:10.610,9.930,10.680,10.020,149305468;
sz000701:4.540,4.400,4.590,4.380,10784368;
sz000702:4.940,4.900,5.070,4.870,10594148;
sz000703:13.130,12.600,13.220,12.600,10824497;
sz000705:7.080,6.980,7.170,6.980,5533356;
sz000710:38.790,38.410,40.440,38.020,7350515;
sz000711:4.030,3.890,4.060,3.880,7296480;
sz000713:8.400,8.060,8.490,8.030,18648361;
sz000716:3.660,3.730,3.740,3.650,37169437;
sz000718:3.120,3.040,3.140,3.030,10082402;
sz000719:6.860,6.710,6.900,6.680,3094300;
sz000721:4.220,4.630,4.630,4.140,39943380;
sz000722:5.840,5.760,5.880,5.720,3313600;
sz000727:1.780,1.750,1.800,1.740,37073168;
sz000735:10.590,9.830,10.690,10.090,84963930;
sz002324:15.540,15.490,16.290,15.430,17119437;
sz000753:2.760,2.710,2.790,2.690,7688355;
sz000755:3.800,3.680,3.850,3.670,5546400;
sz000756:9.910,10.150,10.800,10.020,33130874;
sz000758:4.650,4.400,4.650,4.380,20894805;
sz000759:6.640,6.600,6.800,6.560,2982908;
sz000762:7.180,6.990,7.250,6.980,6483402;
sz000766:5.790,5.650,5.820,5.650,6445524;
sz000778:3.570,3.470,3.580,3.460,26813222;
sz000779:9.860,9.690,10.060,9.690,2760345;
sz000783:7.020,6.600,7.090,6.600,99952550;
sz000789:11.240,11.130,11.460,11.080,30481845;
sz000790:5.100,5.140,5.330,5.080,25998638;
sz000791:3.230,3.530,3.530,3.210,26796714;
sz000793:3.230,3.110,3.310,3.110,57925807;
sz000795:5.010,4.830,5.040,4.830,17137500;
sz000797:3.780,3.630,3.850,3.580,49103938;
sz000798:5.420,5.420,5.490,5.360,2482968;
sz000799:29.000,27.660,29.380,27.500,8490218;
sz000800:8.750,8.610,9.000,8.600,10736307;
sz000802:10.710,10.410,10.780,10.110,16017515;
sz000807:4.110,4.010,4.130,4.010,32875642;
sz000810:11.700,11.530,12.000,11.440,21001504;
sz000812:3.050,2.950,3.080,2.930,14383883;
sz000813:5.270,5.090,5.290,5.080,11542229;
sz000815:7.520,7.340,7.580,7.310,17167160;
sz000825:3.400,3.340,3.420,3.320,20118534;
sz000828:7.320,7.190,7.400,7.180,4408207;
sz000829:5.360,5.210,5.420,5.200,8045279;
sz000830:8.250,8.030,8.300,8.000,21882629;
sz000831:9.780,9.370,9.840,9.360,16341459;
sz000836:4.060,3.800,4.100,3.770,66846401;
sz000839:3.320,3.220,3.360,3.210,32871541;
sz000851:6.920,6.720,7.060,6.690,59181335;
sz000856:11.080,10.890,11.820,10.860,26337348;
sz000859:4.970,4.810,5.050,4.810,22660378;
sz000863:4.120,4.120,4.160,4.030,5486013;
sz000877:11.220,10.980,11.480,10.950,24572986;
sz000878:9.960,9.630,10.070,9.580,29979693;
sz000880:7.050,6.890,7.200,6.880,1215500;
sz000881:7.400,7.440,7.510,7.210,15773820;
sz000886:4.680,4.470,4.710,4.430,29494031;
sz000889:8.550,8.150,8.550,8.130,5016851;
sz000890:4.510,4.290,4.560,4.290,8510100;
sz000900:3.990,3.880,4.010,3.870,8852824;
sz000901:10.250,9.900,10.310,10.100,13462002;
sz000903:3.530,3.630,3.730,3.520,134294298;
sz000905:6.300,6.220,6.380,6.180,5289460;
sz000908:3.300,3.230,3.350,3.220,9390140;
sz000909:8.650,9.010,8.990,8.570,22224173;
sz000912:4.240,4.060,4.280,4.050,7342800;
sz000913:9.880,9.700,10.040,9.700,3763246;
sz000915:23.000,22.690,24.000,22.680,8011458;
sz000917:6.980,6.490,7.050,6.430,44782409;
sz000929:6.510,6.240,6.550,6.230,1870818;
sz000930:6.630,6.430,6.680,6.420,14784661;
sz000931:9.100,8.820,9.330,8.750,13051772;
sz000935:13.100,12.860,13.420,12.860,7548078;
sz000948:11.500,11.590,12.050,11.350,17203418;
sz000949:3.960,3.790,3.980,3.780,41529527;
sz000950:5.300,5.240,5.350,5.220,6239279;
sz000952:10.130,9.820,10.230,9.800,4574855;
sz000959:3.000,2.960,3.020,2.950,8003453;
sz000975:12.480,11.750,12.620,11.750,36164475;
sz000976:5.030,4.710,5.050,4.700,22827890;
sz000990:14.320,13.290,14.340,13.270,23175433;
sz000996:8.650,8.260,8.750,8.210,11557129;
sz001696:6.300,5.950,6.420,5.940,40240641;
sz001896:3.340,3.300,3.400,3.290,10817243;
sz002004:4.900,4.770,4.920,4.740,13073012;
sz002009:8.200,7.800,8.280,7.800,9021631;
sz002012:5.990,5.790,6.110,5.780,25038187;
sz002016:7.390,7.050,7.410,6.990,12345535;
sz002017:13.000,12.570,13.270,12.540,11845726;
sz002022:15.000,15.510,15.510,14.780,22644725;
sz002023:18.100,17.780,18.300,17.680,110812943;
sz002028:18.480,17.640,18.550,17.610,49670113;
sz002034:14.050,13.310,14.120,13.310,2647574;
sz002037:6.280,6.150,6.420,6.130,3034703;
sz002045:9.660,9.320,9.820,9.320,13483410;
sz002052:2.860,2.790,2.920,2.780,10643001;
sz002053:6.450,6.330,6.550,6.300,1639929;
sz002054:7.110,6.790,7.310,6.750,29589808;
sz002057:6.890,6.660,6.970,6.660,11636020;
sz002058:18.600,18.200,18.990,17.800,927200;
sz002061:5.170,5.080,5.280,5.070,14517300;
sz002064:5.330,5.120,5.360,5.110,19762062;
sz002066:8.660,8.070,8.750,8.060,6847909;
sz002073:4.410,4.220,4.470,4.200,18337778;
sz002076:2.750,2.600,2.790,2.570,54575500;
sz002077:6.400,6.250,6.490,6.230,16913612;
sz002079:11.150,11.000,11.300,10.970,30515071;
sz002082:10.130,10.070,10.240,10.010,6287560;
sz002083:7.630,7.480,7.700,7.450,12857198;
sz002084:5.370,5.210,5.430,5.210,3687723;
sz002093:10.100,9.410,10.340,9.400,82715609;
sz002098:6.400,6.070,6.400,6.050,13204234;
sz002103:4.480,4.260,4.540,4.260,17844340;
sz002104:7.080,6.740,7.170,6.730,18691444;
sz002107:12.030,12.030,12.030,12.030,5897569;
sz002108:3.530,3.420,3.560,3.420,12937530;
sz002109:3.100,3.070,3.160,3.060,6267353;
sz002112:7.890,7.450,8.180,7.350,28330592;
sz002114:6.660,6.530,6.880,6.530,4864123;
sz002118:5.520,5.330,5.550,5.300,15969529;
sz002119:13.950,13.780,14.170,13.750,21774115;
sz002123:14.740,14.540,15.150,14.500,25113836;
sz002124:10.520,10.680,10.950,10.440,62913282;
sz002127:10.120,10.210,10.370,10.180,22497989;
sz002130:4.820,4.740,4.850,4.670,24332589;
sz002133:3.220,3.080,3.220,3.070,12183812;
sz002134:10.500,9.710,10.530,10.030,12903503;
sz002136:7.560,7.510,7.710,7.510,4159553;
sz002137:7.650,7.390,7.750,7.340,16487481;
sz002145:3.980,3.980,4.040,3.960,19181161;
sz002146:7.960,7.650,8.070,7.620,44216723;
sz002148:4.980,4.710,5.030,4.700,13031517;
sz002149:7.140,6.900,7.200,6.880,7787600;
sz002150:5.980,5.820,6.050,5.820,2144313;
sz002155:7.200,6.990,7.250,6.990,17399184;
sz002159:10.580,10.500,10.740,10.460,3698700;
sz002161:10.440,9.990,10.570,10.200,25560359;
sz002162:3.800,3.570,3.830,3.560,21908785;
sz002166:7.980,8.010,8.280,7.970,16793736;
sz002167:5.720,5.610,5.740,5.600,7352051;
sz002168:7.600,7.340,7.750,7.330,13090971;
sz002170:3.770,3.600,3.800,3.580,24356434;
sz002172:3.750,3.720,3.790,3.640,41172794;
sz002173:5.800,5.560,5.830,5.560,3569529;
sz002174:21.700,21.160,22.220,21.070,44580977;
sz002176:2.540,2.450,2.580,2.450,28083540;
sz002177:4.740,4.560,4.780,4.560,16879740;
sz002178:4.050,3.920,4.080,3.890,15773728;
sz002182:10.260,10.070,10.450,10.020,27624267;
sz002183:4.300,4.120,4.370,4.100,50131197;
sz002184:14.000,12.760,14.350,12.690,19607843;
sz002186:9.420,9.370,9.790,9.360,4858621;
sz002192:16.550,15.980,16.800,15.900,5756279;
sz002196:5.120,5.000,5.220,5.000,3413207;
sz002197:10.010,9.210,10.100,9.210,46286588;
sz002199:9.040,8.830,9.260,8.800,7823011;
sz002201:15.200,14.730,15.360,14.710,6384700;
sz002208:6.990,6.750,7.140,6.690,12455240;
sz002211:5.460,5.350,5.520,5.340,2611800;
sz002212:26.570,26.470,27.860,26.260,13581778;
sz002213:14.540,14.590,15.380,14.350,4285902;
sz002218:3.260,3.140,3.310,3.130,22103078;
sz002219:2.260,2.200,2.270,2.190,14809000;
sz002221:9.300,9.190,9.350,9.030,56339850;
sz002224:6.750,6.650,6.890,6.650,15561421;
sz002225:3.930,3.830,3.970,3.820,2868531;
sz002226:4.860,4.730,4.930,4.730,11068142;
sz002227:14.510,14.600,15.250,14.310,16199603;
sz002228:3.670,3.360,3.700,3.270,40854448;
sz002229:7.600,7.390,7.610,7.310,12214542;
sz002231:8.360,7.850,8.470,7.850,29073128;
sz002232:9.950,9.370,10.060,9.310,14109067;
sz002234:26.760,26.440,27.490,26.400,11139934;
sz002235:8.740,8.490,8.890,8.490,24456016;
sz002239:3.870,3.750,3.910,3.730,219499060;
sz002240:9.520,9.010,9.540,9.010,13940089;
sz002243:12.390,12.080,12.550,12.030,7217368;
sz002245:4.250,4.130,4.280,4.090,15032386;
sz002246:7.650,7.400,7.730,7.400,8819808;
sz002247:2.200,2.150,2.230,2.140,10346791;
sz002248:8.500,8.270,8.570,8.190,4190447;
sz002250:15.640,15.140,15.740,15.010,6114995;
sz002256:2.160,2.150,2.260,2.150,27071100;
sz002261:8.890,9.670,9.050,8.880,115821097;
sz002262:10.560,10.290,10.670,10.280,9419038;
sz002264:3.970,3.920,4.080,3.910,3432260;
sz002265:7.910,7.670,8.060,7.660,3765800;
sz002266:3.890,3.760,3.900,3.750,15992156;
sz002267:6.050,5.870,6.060,5.870,4633221;
sz002270:5.200,5.350,5.330,5.160,74346658;
sz002975:144.980,139.000,149.580,138.080,3653450;
sz002278:5.970,5.870,6.050,5.830,3971386;
sz002280:2.900,2.760,2.920,2.750,68997031;
sz002282:7.060,6.910,7.210,6.900,1879565;
sz002286:8.500,9.310,8.840,8.250,17746523;
sz002288:5.630,5.210,5.680,5.200,43630356;
sz002291:26.000,23.930,26.450,23.880,53612666;
sz002292:7.180,6.930,7.230,6.910,8871642;
sz002295:6.480,6.330,6.670,6.320,1943500;
sz002296:8.520,7.970,8.660,7.950,31153331;
sz002297:5.600,5.370,5.680,5.350,4934300;
sz002298:9.020,8.710,9.090,8.710,17842992;
sz002303:4.970,4.740,5.020,4.720,25999575;
sz002309:6.850,6.530,6.960,6.520,16367324;
sz002310:6.250,5.840,6.300,5.810,86663526;
sz002312:4.670,4.530,4.720,4.520,17882168;
sz002313:19.680,18.910,20.140,18.890,6356555;
sz002314:2.730,2.670,2.760,2.660,8327812;
sz002316:7.310,7.070,7.420,7.030,10220201;
sz002317:11.460,11.300,11.850,11.280,19602668;
sz002318:7.770,7.570,7.920,7.540,14993232;
sz002319:7.390,7.120,7.490,7.120,1495500;
sz002320:15.840,14.800,16.000,14.720,25400256;
sz002326:12.600,11.930,12.660,11.910,51147665;
sz002329:4.510,4.450,4.550,4.400,9291480;
sz002330:6.030,6.000,6.170,6.000,8465900;
sz002332:11.130,11.380,11.920,11.100,43178640;
sz002334:5.220,4.920,5.370,4.910,49460520;
sz002335:23.000,23.380,23.640,22.810,14649054;
sz002338:15.280,15.100,15.800,14.960,11578576;
sz002339:7.610,7.710,8.130,7.500,80846548;
sz002341:6.820,6.750,6.820,6.600,65398259;
sz002342:3.410,3.340,3.570,3.320,42802843;
sz002345:3.500,3.390,3.500,3.380,7028720;
sz002346:11.090,10.870,11.330,10.870,4861880;
sz002347:4.300,4.190,4.350,4.180,7826000;
sz002348:3.040,2.990,3.100,2.990,9882300;
sz002349:5.320,5.140,5.430,5.120,7822415;
sz002350:6.100,6.170,6.230,6.070,14427757;
sz002354:2.370,2.290,2.410,2.290,10135520;
sz002358:7.140,7.270,7.270,7.020,58232720;
sz002360:5.140,5.080,5.180,5.030,4166356;
sz002361:4.550,4.340,4.560,4.320,11414349;
sz002362:17.700,16.930,17.850,16.910,5785500;
sz002363:8.000,7.770,8.250,7.770,9497514;
sz002364:15.100,14.230,15.550,14.220,29376030;
sz002366:5.480,5.210,5.520,5.210,17902028;
sz002369:10.900,10.340,10.900,10.320,36435646;
sz002370:5.570,5.180,5.570,5.170,15683529;
sz002378:4.320,4.150,4.350,4.150,6801140;
sz002379:3.670,3.590,3.680,3.580,10454604;
sz002380:14.310,13.820,14.590,13.810,3568553;
sz002381:7.890,7.690,7.920,7.670,6255554;
sz002385:6.880,6.820,7.200,6.800,209463420;
sz002387:11.640,11.290,11.850,11.280,10397339;
sz002389:12.130,11.940,12.220,11.930,19339206;
sz002390:5.480,5.490,5.480,5.290,68278823;
sz002391:8.400,8.290,8.570,8.260,20236183;
sz002392:3.710,3.560,3.760,3.520,11575137;
sz002395:25.110,24.500,25.700,24.030,1471900;
sz002397:4.650,4.460,4.670,4.420,7568668;
sz002399:21.330,20.170,21.590,20.120,12193788;
sz002400:2.940,2.840,2.950,2.840,25062933;
sz002401:11.630,12.120,12.070,11.560,21152878;
sz002402:14.100,13.640,14.240,13.600,47432481;
sz002403:8.430,8.150,8.480,8.110,2285540;
sz002406:5.510,5.570,5.570,5.490,7272413;
sz002407:13.070,12.150,13.130,12.050,45111282;
sz002408:6.020,5.860,6.040,5.840,7680688;
sz002409:36.990,36.500,37.560,36.200,23029040;
sz002410:41.100,39.970,41.600,39.880,10135710;
sz002411:10.860,10.370,10.930,10.350,32012868;
sz002412:7.880,7.780,7.970,7.770,2510827;
sz002413:7.840,7.870,8.050,7.750,64861815;
sz002416:6.430,6.070,6.440,6.070,13197523;
sz002417:7.940,7.540,7.990,7.520,17560216;
sz002418:2.540,2.410,2.580,2.410,25388300;
sz002426:2.070,2.270,2.270,2.070,284264239;
sz002429:4.640,4.640,4.790,4.610,154810674;
sz002430:11.880,11.920,12.150,11.780,7557600;
sz002431:2.910,2.780,2.980,2.780,35259212;
sz002433:4.600,4.500,4.630,4.500,6954400;
sz002437:2.550,2.490,2.580,2.490,16684710;
sz002438:7.470,7.380,7.490,7.310,3273943;
sz002446:9.310,9.070,9.420,9.010,59087081;
sz002448:5.050,4.940,5.090,4.930,4258800;
sz002451:9.840,9.530,9.960,9.480,27716578;
sz002452:7.320,6.900,7.480,6.880,40554897;
sz002453:4.720,4.540,4.790,4.510,7265456;
sz002454:4.990,4.790,5.020,4.790,6860210;
sz002457:7.510,7.480,7.850,7.450,10426680;
sz002459:13.800,13.170,14.200,13.120,14673451;
sz002464:5.520,5.340,5.590,5.310,9789213;
sz002466:26.140,24.790,26.440,24.790,55898064;
sz002467:6.900,6.780,7.040,6.740,72247841;
sz002469:4.360,4.270,4.460,4.260,11112226;
sz002471:2.600,2.590,2.640,2.540,54473557;
sz002472:5.000,4.940,5.100,4.930,3508800;
sz002474:8.420,8.080,8.500,8.060,11754852;
sz002476:6.910,6.680,6.980,6.600,11341274;
sz002478:5.270,5.100,5.290,5.100,5542155;
sz002480:4.340,4.380,4.690,4.340,22878849;
sz002481:10.800,10.640,11.450,10.620,55945483;
sz002483:5.340,5.080,5.340,5.070,21910360;
sz002486:3.710,3.740,3.780,3.680,35615502;
sz002489:4.530,4.530,4.570,4.450,57667565;
sz002490:3.240,3.130,3.270,3.110,3643700;
sz002491:6.850,6.450,6.950,6.450,40181332;
sz002492:5.210,5.090,5.250,5.090,19046928;
sz002493:10.730,10.460,10.730,10.380,4975568;
sz002495:2.670,2.600,2.710,2.600,5755884;
sz002496:2.550,2.500,2.580,2.500,14468710;
sz002497:7.580,7.400,7.700,7.350,32152611;
sz002498:4.260,4.360,4.380,4.080,352489341;
sz002502:3.270,3.170,3.360,3.150,28323753;
sz002503:3.950,4.240,4.240,3.830,528728054;
sz002504:2.690,2.620,2.750,2.620,6718554;
sz002505:1.820,1.820,1.890,1.800,123870351;
sz002506:5.270,5.150,5.310,5.060,112659663;
sz002967:35.180,35.130,37.000,35.040,4237062;
sz002512:5.500,5.250,5.570,5.220,23112062;
sz002513:5.560,5.370,5.580,5.360,2782226;
sz002514:4.690,4.530,4.720,4.510,6356598;
sz002515:5.560,5.480,5.750,5.420,68096298;
sz002517:2.910,2.900,3.040,2.880,85550629;
sz002519:4.840,5.040,5.020,4.710,130996480;
sz002520:6.510,6.430,6.630,6.400,2620802;
sz002523:2.640,2.550,2.650,2.540,7694930;
sz002524:7.780,7.580,8.040,7.570,12761900;
sz002526:2.210,2.140,2.250,2.130,40643923;
sz002527:5.630,5.560,5.750,5.550,8252884;
sz002528:5.160,4.940,5.180,4.910,16219692;
sz002530:11.850,11.120,11.940,11.070,18350240;
sz002532:5.730,5.620,5.830,5.600,3859131;
sz002538:4.580,4.420,4.630,4.420,12085735;
sz002540:4.730,4.470,4.730,4.470,9206290;
sz002541:15.770,16.230,17.160,15.770,22335519;
sz002544:16.470,15.860,16.560,15.840,13911285;
sz002545:7.590,7.100,7.650,7.070,29908907;
sz002548:8.680,8.800,8.990,8.600,21327933;
sz002550:4.490,4.410,4.510,4.400,7543400;
sz002551:10.060,10.120,10.800,10.060,165660647;
sz002552:17.050,16.610,17.400,16.480,5450700;
sz002553:4.800,4.930,5.130,4.790,5488300;
sz002554:2.730,2.670,2.750,2.670,10169900;
sz002562:6.300,6.110,6.420,6.110,52110394;
sz002564:4.280,4.120,4.320,4.120,7433600;
sz002575:7.170,6.900,7.390,6.900,16275230;
sz002576:10.100,9.610,10.570,10.020,9436306;
sz002577:10.000,9.620,10.140,9.600,4359892;
sz002581:15.400,15.440,15.440,14.580,73921883;
sz002584:6.590,6.870,6.880,6.510,45898926;
sz002585:6.270,6.220,6.270,5.840,196094185;
sz002587:6.890,6.610,6.940,6.600,11198774;
sz002591:7.850,7.590,7.940,7.590,5890600;
sz002592:9.880,9.550,9.980,9.250,5484771;
sz002596:8.320,7.630,8.400,7.600,73037767;
sz002605:27.060,25.950,27.200,25.830,15077307;
sz002610:1.540,1.530,1.550,1.520,79179808;
sz002615:4.860,4.710,4.880,4.700,2585484;
sz002616:8.220,8.400,8.550,8.150,8815304;
sz002617:6.150,5.920,6.270,5.920,61629191;
sz002618:11.160,10.970,11.280,10.950,7465052;
sz002619:2.430,2.370,2.480,2.360,22022257;
sz002622:3.380,3.290,3.440,3.290,19077558;
sz002623:32.070,28.950,32.200,28.740,8928200;
sz002624:43.350,44.130,45.370,43.350,18668410;
sz002625:7.630,7.420,7.760,7.410,12483776;
sz002627:9.130,8.990,9.190,8.810,2119570;
sz002630:2.320,2.230,2.340,2.230,22593990;
sz002631:7.430,7.250,7.550,7.240,5118514;
sz002634:5.050,5.050,5.100,5.030,7356442;
sz002636:8.430,8.140,8.520,8.100,8418077;
sz002637:14.540,12.730,14.700,12.730,69289268;
sz002638:2.910,2.880,2.920,2.840,14130931;
sz002639:7.920,7.910,8.170,7.850,34336329;
sz002641:5.490,5.310,5.580,5.250,8891880;
sz002644:9.200,9.510,9.500,9.080,30944878;
sz002650:3.710,3.570,3.750,3.550,33330882;
sz002651:4.420,4.470,4.590,4.410,9581250;
sz002652:3.510,3.460,3.580,3.460,3127391;
sz002653:19.670,18.940,19.960,18.870,2725989;
sz002654:4.510,4.310,4.550,4.300,12192903;
sz002656:2.280,2.210,2.290,2.200,6227591;
sz002658:6.560,6.370,6.660,6.350,2584685;
sz002659:5.690,5.500,5.730,5.500,4758452;
sz002660:8.750,9.140,9.250,8.750,20998043;
sz002662:2.890,2.790,2.970,2.780,23927287;
sz002663:2.570,2.510,2.620,2.510,18563689;
sz002664:13.940,13.680,14.150,13.600,3668496;
sz002665:3.530,3.270,3.550,3.240,148755458;
sz002669:14.000,13.740,14.470,13.600,9692300;
sz002670:10.110,9.810,10.210,10.050,16185541;
sz002674:8.900,8.650,8.990,8.620,1626311;
sz002676:4.710,5.750,5.150,4.710,176912472;
sz002678:6.710,6.650,6.830,6.630,744420;
sz002679:14.820,14.250,14.990,14.230,2165460;
sz002685:5.750,5.730,5.930,5.630,8296100;
sz002688:6.750,6.770,6.980,6.700,12196715;
sz002689:4.180,3.980,4.300,3.980,57633887;
sz002693:5.290,5.090,5.340,5.090,6485700;
sz002695:18.660,18.750,19.070,18.460,10194855;
sz002698:9.100,8.910,9.160,8.880,6290427;
sz002700:5.890,5.700,5.930,5.690,3602000;
sz002702:5.120,4.920,5.320,4.910,48989588;
sz002703:4.440,4.480,4.690,4.440,7333080;
sz002708:7.340,7.000,7.520,6.960,11240395;
sz002709:21.730,20.980,21.860,20.900,8925915;
sz002712:6.140,5.840,6.140,5.830,6168250;
sz002713:6.820,6.500,6.900,6.490,4457020;
sz002715:17.680,17.430,18.170,17.420,952800;
sz002717:4.610,4.420,4.680,4.410,35611678;
sz002719:9.390,10.290,9.800,9.320,11582778;
sz002721:4.530,4.360,4.560,4.350,8101300;
sz002722:12.490,12.070,12.630,12.060,1421557;
sz002723:8.240,8.090,8.470,8.070,1752556;
sz002724:6.900,6.890,6.980,6.830,6012918;
sz002725:9.730,9.450,9.870,9.430,7414048;
sz002728:15.460,15.230,15.700,15.180,819600;
sz002729:43.250,42.840,43.990,42.840,291200;
sz002730:7.650,7.350,7.750,7.310,2129120;
sz002732:18.490,18.020,18.550,18.000,1172949;
sz002734:13.640,13.500,13.840,13.450,4745915;
sz002735:18.330,17.820,18.560,17.760,1427989;
sz002736:11.280,10.950,11.340,10.950,15219238;
sz002737:13.770,13.430,13.830,13.430,4408879;
sz002738:15.450,15.170,15.630,15.090,1984100;
sz002742:7.940,7.050,7.940,6.920,47989195;
sz002748:6.730,6.590,6.790,6.590,1312600;
sz002750:9.650,9.450,9.860,9.400,4437101;
sz002751:23.330,22.330,23.500,22.260,4428000;
sz002753:7.170,7.020,7.190,6.930,1433054;
sz002755:15.470,15.110,15.870,15.100,4702933;
sz002756:16.890,16.480,17.080,16.480,3636375;
sz002758:10.120,9.950,10.120,9.910,1639750;
sz002759:7.590,7.450,7.750,7.420,3042300;
sz002760:18.440,18.220,18.670,18.010,1412123;
sz002761:8.990,8.720,9.150,8.690,7730534;
sz002763:7.710,7.420,7.790,7.400,2964440;
sz002765:4.730,4.610,5.200,4.560,18186820;
sz002767:12.100,11.950,12.200,11.720,1609825;
sz002769:7.420,7.250,7.530,7.120,3840312;
sz002770:2.180,2.110,2.200,2.110,12629541;
sz002771:13.770,13.190,13.860,13.190,7675079;
sz002772:7.390,7.550,7.460,7.250,21577008;
sz002778:22.080,21.600,22.640,21.400,1263900;
sz002780:17.400,17.000,17.720,16.800,3435630;
sz002781:13.670,13.750,14.080,13.530,3459900;
sz002782:9.530,9.360,9.700,9.350,3591375;
sz002783:10.160,10.200,10.860,10.130,12303196;
sz002785:12.630,12.540,12.950,12.510,916300;
sz002786:8.170,7.760,8.170,7.710,7466600;
sz002787:6.750,6.620,7.010,6.600,2031100;
sz002790:6.050,6.050,6.150,5.970,1446312;
sz002789:14.000,13.790,14.040,13.750,1130390;
sz002792:29.500,28.390,30.040,28.360,13067165;
sz002791:49.720,50.050,50.680,49.060,1951251;
sz002793:13.290,13.920,13.450,12.800,11801410;
sz002795:12.120,11.910,12.190,11.910,1216000;
sz002796:39.220,37.410,39.490,37.380,6426100;
sz002797:7.330,7.010,7.400,7.000,104505689;
sz002800:22.960,22.060,23.340,22.060,2156900;
sz002799:15.730,15.310,15.860,15.310,1338250;
sz002801:34.330,35.500,34.480,33.720,2663919;
sz002802:19.260,18.700,19.440,18.680,670136;
sz002805:12.840,12.350,13.030,12.230,5389262;
sz002803:31.580,30.460,32.640,30.400,3597610;
sz002806:12.610,12.200,12.700,12.200,1719900;
sz002808:7.900,8.010,8.020,7.810,6436404;
sz002809:16.950,16.800,17.240,16.760,2043096;
sz002810:16.200,15.800,16.500,15.770,1535664;
sz002602:13.550,13.290,13.660,13.290,56628711;
sz002807:4.310,4.200,4.320,4.200,23463615;
sz002811:14.680,15.390,14.950,14.580,3159037;
sz002813:23.900,22.880,24.260,22.820,2580000;
sz002816:27.000,26.730,27.330,26.000,1236707;
sz002817:23.100,23.200,23.250,23.010,1192000;
sz002819:22.850,21.890,23.050,21.760,2297200;
sz002820:10.440,10.310,10.550,10.310,1527820;
sz002823:10.570,10.250,10.810,10.250,4312208;
sz002825:13.820,13.240,14.820,13.170,6374892;
sz002822:8.800,8.380,9.050,8.380,35690711;
sz002828:9.000,8.720,9.140,8.710,3400433;
sz002826:10.100,9.890,10.240,10.060,1562500;
sz002827:9.100,8.680,9.160,8.630,2388285;
sz002829:26.000,24.990,26.450,24.900,3746900;
sz002830:11.570,11.300,11.660,11.270,1203000;
sz002831:22.360,22.250,23.440,22.200,4406371;
sz002835:10.560,10.220,10.590,10.220,4159100;
sz002833:36.420,36.200,37.800,35.910,1128900;
sz002836:10.170,9.830,10.280,10.010,853500;
sz002837:45.750,43.080,47.900,43.000,6311571;
sz002838:39.810,42.650,40.980,38.200,51312351;
sz002824:18.620,17.360,18.880,17.330,5390434;
sz002842:9.600,9.320,9.720,9.300,4759984;
sz002843:7.590,7.490,7.680,7.470,2857597;
sz002839:6.130,5.760,6.160,5.760,87175735;
sz002845:22.110,21.210,22.500,21.110,9096492;
sz002846:23.110,22.850,23.690,22.450,3056242;
sz002848:13.160,12.200,13.390,12.000,10100400;
sz002849:12.730,12.560,12.950,12.510,926556;
sz002868:16.060,16.050,16.460,16.010,863300;
sz002774:6.830,6.600,6.830,6.570,2129940;
sz002840:13.880,13.820,14.100,13.790,1335350;
sz002858:13.050,13.040,13.400,12.850,835900;
sz002850:48.880,48.810,50.760,48.800,4032067;
sz002857:11.260,11.190,11.540,11.020,1021960;
sz002855:12.180,11.980,12.270,11.980,3677100;
sz002856:15.610,15.100,15.800,15.070,1607340;
sz002853:16.830,16.350,17.060,16.100,1054064;
sz002863:4.760,4.670,4.820,4.660,2037250;
sz002865:14.170,15.590,15.590,14.170,8784711;
sz002866:13.230,12.810,13.480,12.750,4160517;
sz002861:27.000,26.380,27.410,26.100,2527520;
sz002860:22.020,21.780,22.180,21.550,2163778;
sz002862:22.900,23.000,23.300,22.700,1515526;
sz002859:46.300,46.290,47.620,45.260,3481658;
sz001979:16.880,16.520,16.990,16.480,10435789;
sz002871:18.890,18.150,19.250,18.150,3210690;
sz002870:19.110,19.250,19.930,19.000,1328900;
sz002872:5.820,5.570,5.890,5.530,11333256;
sz002873:24.600,24.600,24.600,24.600,1640005;
sz002876:41.440,41.120,43.500,41.000,4232425;
sz002875:13.290,12.930,13.480,12.860,1205726;
sz002877:7.320,8.000,7.620,7.290,17339039;
sz002878:31.090,29.990,31.560,29.900,3641051;
sz002880:63.060,63.930,66.510,63.050,1956319;
sz002883:18.050,17.680,18.330,17.670,699740;
sz002881:23.080,22.320,23.500,22.210,2442350;
sz002886:28.950,28.090,29.100,28.010,10682666;
sz002885:16.600,16.000,16.930,15.990,6389539;
sz002879:20.790,19.850,20.800,19.600,31579561;
sz002882:11.000,11.020,11.160,10.700,20340363;
sz002889:24.450,23.900,24.920,23.870,2167692;
sz002887:16.300,16.350,16.900,16.230,3593646;
sz002890:30.600,29.640,31.330,29.500,399400;
sz002892:22.710,22.000,23.130,21.980,2532900;
sz002891:21.550,21.060,21.810,20.900,2609072;
sz002895:10.590,10.450,10.850,10.450,3363685;
sz002896:22.490,20.810,22.510,20.810,1442200;
sz002897:33.660,31.510,34.830,31.500,8750733;
sz002898:12.500,12.620,12.860,12.460,974600;
sz002893:10.370,10.300,10.650,10.270,1975381;
sz002906:12.880,12.600,13.120,12.580,5095842;
sz002903:14.970,14.290,16.430,14.000,25643087;
sz002905:15.570,14.510,16.120,14.450,12486599;
sz002907:17.500,17.130,17.790,17.060,2466095;
sz002909:10.870,10.710,11.160,10.660,2086459;
sz002910:9.990,9.620,10.050,9.610,1969100;
sz002864:26.190,25.970,26.580,25.840,949200;
sz002912:161.600,152.750,161.990,151.880,2020272;
sz002911:13.700,13.470,14.150,13.380,2783473;
sz002915:24.980,24.000,25.080,24.000,2492500;
sz002917:15.040,14.710,15.400,14.710,3142260;
sz002919:15.450,14.540,15.620,14.500,3290200;
sz002920:36.100,34.350,36.880,34.300,5365547;
sz002921:17.450,17.310,17.850,17.310,807039;
sz002922:14.380,14.720,15.530,14.300,5415998;
sz002923:16.490,16.110,16.610,16.070,1738210;
sz002927:17.180,16.920,17.400,16.890,3159246;
sz002929:30.160,29.100,30.680,29.100,5750041;
sz002930:14.500,14.450,14.790,14.050,25624811;
sz002931:23.980,23.800,24.050,23.700,1178689;
sz002932:39.000,40.300,40.500,39.000,3899229;
sz002935:32.360,32.250,33.180,31.910,5194100;
sz002936:4.020,3.950,4.030,3.950,17182177;
sz002937:14.400,13.900,14.670,13.880,5307000;
sz002940:38.000,39.790,39.390,38.000,3165700;
sz002939:14.000,13.100,14.130,13.010,93917507;
sz002941:16.000,15.700,16.690,15.590,15139953;
sz002943:24.920,23.730,25.240,23.730,2366926;
sz002942:23.580,23.330,24.000,23.300,1112600;
sz002952:26.700,26.400,27.450,26.400,931950;
sz002948:5.230,5.110,5.250,5.100,11297008;
sz002945:16.080,14.980,16.290,14.800,62256977;
sz002949:16.680,16.390,17.020,16.360,1670732;
sz002958:5.320,5.150,5.340,5.110,17152458;
sz002955:71.220,74.180,75.940,70.600,4510017;
sz002956:45.980,47.600,47.480,45.410,1749549;
sz002957:27.700,26.130,27.700,26.100,3708475;
sz002960:22.270,21.720,22.610,21.700,1300500;
