sh600048:15.460,15.480,15.640,15.320,56875347;
sh600053:27.800,28.230,29.390,27.710,10135145;
sh600061:13.550,13.550,13.970,13.520,41148673;
sh600063:3.770,3.720,3.850,3.710,25004005;
sh600071:10.510,10.600,10.800,10.320,4082503;
sh600076:4.000,3.940,4.030,3.930,21826545;
sh600077:2.800,2.780,2.830,2.780,5632790;
sh600078:5.230,5.200,5.280,5.070,56453597;
sh600079:14.710,14.370,14.730,14.310,19679472;
sh600081:11.710,11.720,11.890,11.620,6734176;
sh600082:3.590,3.570,3.590,3.500,3619151;
sh600090:4.490,4.350,4.490,4.340,23413342;
sh600101:6.400,6.260,6.400,6.260,5907176;
sh600111:10.200,10.000,10.200,10.000,64387692;
sh600113:6.570,6.590,6.650,6.530,4040838;
sh600115:4.900,4.950,4.960,4.880,63063698;
sh600120:9.270,9.340,9.510,9.220,23395329;
sh600146:12.010,11.910,12.200,11.840,8994998;
sh600151:4.490,4.480,4.550,4.410,16146161;
sh600156:4.540,4.480,4.560,4.470,6398499;
sh600160:7.080,7.710,7.210,6.930,162941880;
sh600161:36.250,34.530,36.250,34.510,20587809;
sh600162:2.070,2.060,2.090,2.060,10389987;
sh600169:1.990,2.060,2.030,1.990,29296275;
sh600175:1.510,1.550,1.510,1.460,170980995;
sh600197:14.180,14.150,14.380,14.050,4726370;
sh600199:5.420,5.450,5.530,5.400,10606212;
sh600200:9.070,8.890,9.070,8.660,76980164;
sh600203:6.630,6.680,6.700,6.560,14019665;
sh600206:15.680,15.600,16.050,15.520,107913489;
sh600207:4.650,4.580,4.650,4.550,10254310;
sh600208:3.510,3.450,3.560,3.440,112063965;
sh600213:8.120,8.000,8.240,8.000,7102702;
sh600218:10.640,10.400,10.960,10.310,18947408;
sh600221:1.560,1.600,1.570,1.550,171757320;
sh600223:9.000,9.190,9.180,8.890,54992945;
sh600226:2.970,2.940,2.990,2.930,64938546;
sh600227:2.700,2.650,2.710,2.650,9786505;
sh600235:4.810,4.790,4.860,4.710,9032400;
sh600236:4.600,4.560,4.600,4.530,6529026;
sh600242:7.930,7.770,8.060,7.760,23040400;
sh600246:5.490,5.650,5.820,5.470,11809629;
sh600262:16.400,16.300,16.620,16.000,909057;
sh600266:7.360,7.340,7.430,7.330,9358468;
sh600267:17.800,16.310,17.800,16.000,127683108;
sh600268:5.030,5.140,5.040,4.860,21674662;
sh600278:10.070,10.090,10.250,10.030,5772907;
sh600279:3.900,3.870,3.920,3.860,4236450;
sh600283:9.150,9.150,9.240,9.130,1243001;
sh600285:9.790,9.540,9.790,9.520,9420370;
sh600288:12.980,13.020,13.080,12.810,10955277;
sh600291:7.930,7.980,8.320,7.850,20473460;
sh600293:2.860,2.880,2.940,2.840,17548620;
sh600300:3.010,2.990,3.020,2.980,13490164;
sh600310:4.040,4.080,4.160,4.010,8032467;
sh600311:3.170,3.220,3.200,3.070,68238650;
sh600313:3.210,3.090,3.210,3.080,49380200;
sh600317:2.270,2.250,2.270,2.240,9493800;
sh600322:2.640,2.620,2.670,2.610,13935700;
sh600323:19.810,20.290,20.450,19.620,9505216;
sh600326:6.810,6.850,6.900,6.770,16071874;
sh600336:4.970,4.900,5.200,4.870,36623448;
sh600337:4.310,4.520,4.460,4.290,30417679;
sh600338:11.130,10.900,11.180,10.900,11406648;
sh600339:2.940,2.950,2.950,2.920,20748392;
sh600351:5.860,5.740,5.890,5.720,12001365;
sh600353:5.600,5.500,5.600,5.430,10639324;
sh600354:5.350,5.150,5.350,5.130,36152748;
sh600355:3.270,3.380,3.500,3.220,38483588;
sh600360:8.550,8.670,8.750,8.400,135970042;
sh600363:15.290,15.230,15.390,15.000,16277406;
sh600366:6.340,6.190,6.410,6.180,34727378;
sh600371:12.720,12.450,12.890,12.430,17890994;
sh600375:4.260,4.220,4.320,4.200,6971036;
sh600381:5.060,5.070,5.310,5.050,6157057;
sh600392:8.120,7.910,8.170,7.900,41448885;
sh600393:2.790,2.770,2.790,2.750,17602737;
sh600398:7.130,7.110,7.160,7.070,6595789;
sh600419:11.630,11.780,11.710,11.570,4072229;
sh600425:3.670,3.700,3.770,3.630,30871878;
sh600429:5.080,5.080,5.110,5.050,2298622;
sh600449:10.500,10.650,10.850,10.440,13371617;
sh600455:28.880,28.400,28.970,28.160,5409845;
sh600463:6.300,6.290,6.390,6.280,1909600;
sh600466:6.830,6.870,6.910,6.780,19508131;
sh600467:2.300,2.280,2.330,2.270,22258917;
sh600476:13.600,13.680,13.770,13.400,4922162;
sh600478:4.640,4.550,4.780,4.520,31055782;
sh600479:9.280,9.450,9.320,9.210,23515809;
sh600480:9.810,9.250,10.150,9.210,23008502;
sh600481:3.030,3.030,3.030,3.000,5110755;
sh600488:4.770,4.660,4.780,4.660,10638782;
sh600495:3.860,4.010,3.870,3.830,36013576;
sh600499:4.900,4.970,5.180,4.800,43729689;
sh600501:8.750,8.930,8.910,8.600,13509946;
sh600503:3.360,3.450,3.420,3.320,73019073;
sh600505:8.930,8.720,8.930,8.720,3836825;
sh600506:9.300,9.040,9.300,9.020,2488981;
sh600517:7.170,7.280,7.470,7.110,24695769;
sh600520:10.070,10.340,10.120,10.020,3580484;
sh600525:5.380,5.620,5.840,5.380,58308429;
sh600526:5.250,5.180,5.310,5.180,8123781;
sh600527:2.710,2.770,2.720,2.650,97766636;
sh600530:4.140,4.090,4.160,4.080,6286753;
sh600533:3.100,3.090,3.130,3.090,9452700;
sh600537:3.380,3.240,3.390,3.240,24350625;
sh600549:13.400,12.750,13.400,12.590,34456485;
sh600559:9.740,9.810,9.950,9.710,18272932;
sh600562:15.200,14.970,15.220,14.950,9555254;
sh600568:1.720,1.760,1.800,1.710,97912380;
sh600573:5.900,5.950,5.980,5.880,3388453;
sh600587:17.930,17.380,17.930,17.310,12675144;
sh600593:39.050,39.360,39.220,38.850,1092040;
sh600596:9.750,9.600,9.760,9.570,21612690;
sh600601:3.330,3.370,3.540,3.300,59827917;
sh600602:9.800,9.200,9.830,9.200,38230954;
sh600603:5.270,5.440,5.420,5.180,16641222;
sh600604:7.770,7.640,8.020,7.630,31178074;
sh600613:7.950,7.710,7.960,7.700,10012782;
sh600623:6.100,6.070,6.140,6.060,7694579;
sh600624:10.440,10.000,10.660,10.000,54955939;
sh600626:6.180,6.440,6.370,6.150,33605622;
sh600628:7.860,8.300,8.130,7.800,4113317;
sh600630:8.680,8.490,8.680,8.430,19880770;
sh600638:5.690,5.920,5.930,5.670,7138597;
sh600639:13.030,13.010,13.150,12.950,1216000;
sh600640:21.830,20.930,21.830,20.700,15303107;
sh600641:23.620,24.360,24.300,23.400,33782803;
sh600644:5.140,5.110,5.180,5.100,2454654;
sh600645:18.800,17.920,18.800,17.900,8740791;
sh600647:12.800,12.600,12.870,12.550,1704299;
sh600649:5.170,5.160,5.220,5.140,8233123;
sh600651:4.320,3.950,4.320,3.900,65965109;
sh600661:21.090,19.980,21.090,19.920,12296833;
sh600662:4.110,4.200,4.170,4.090,11374600;
sh600668:14.590,14.660,14.920,14.500,14487179;
sh603179:24.180,23.850,24.450,23.300,2970621;
sh600671:12.470,12.650,12.570,12.300,3739891;
sh600677:5.250,5.180,5.250,5.150,28863105;
sh600678:7.250,7.460,7.820,7.200,45330154;
sh600682:9.870,9.640,9.950,9.630,12702200;
sh600683:3.890,3.970,3.960,3.840,4053930;
sh600684:3.240,3.230,3.270,3.230,4761060;
sh600689:8.720,8.680,8.820,8.670,2517235;
sh600693:4.970,5.000,5.070,4.930,3633229;
sh600695:8.420,9.270,9.600,8.420,92944764;
sh600697:15.810,15.930,15.980,15.740,1922500;
sh600706:7.590,7.770,7.630,7.570,2550180;
sh600708:3.100,3.100,3.150,3.080,12859715;
sh600711:4.960,4.900,5.040,4.800,123905910;
sh600712:7.190,6.880,7.190,6.870,42083822;
sh600716:3.860,3.870,3.940,3.850,5933520;
sh600719:4.190,4.180,4.230,4.170,1307302;
sh600724:3.260,3.250,3.290,3.230,2941501;
sh600730:4.900,4.780,5.030,4.760,12370672;
sh600734:5.220,5.050,5.240,5.040,20894663;
sh600736:5.510,5.440,5.560,5.410,24830332;
sh600737:8.880,8.970,9.030,8.700,46562866;
sh600744:2.300,2.330,2.370,2.270,11091687;
sh600746:7.550,7.450,7.620,7.450,8622094;
sh600748:5.170,5.120,5.200,5.080,13285360;
sh603893:29.890,29.890,29.890,29.890,103017;
sh600755:6.920,6.870,7.010,6.860,15596759;
sh600756:22.000,21.720,22.160,21.560,19032746;
sh600764:28.810,31.370,31.370,28.570,17776603;
sh600770:5.450,5.430,5.510,5.380,38660517;
sh600771:16.350,15.730,16.420,15.720,9697064;
sh600773:5.650,5.610,5.820,5.600,11016438;
sh600777:1.940,1.930,1.950,1.930,62318163;
sh600783:14.240,14.160,14.480,14.080,11362508;
sh600784:4.510,4.580,4.520,4.470,7365833;
sh600785:14.150,14.140,14.220,13.980,599165;
sh600796:5.670,5.580,5.680,5.550,9360201;
sh600800:5.020,5.050,5.130,5.020,9844810;
sh600802:9.920,10.020,10.480,10.000,34692640;
sh600808:2.740,2.730,2.750,2.720,16846909;
sh600818:11.200,11.100,11.270,11.000,1215103;
sh600819:5.130,5.060,5.160,5.060,9648610;
sh600821:4.240,4.150,4.300,4.150,3392646;
sh600822:9.540,9.670,9.660,9.480,11308401;
sh600824:3.110,3.100,3.130,3.090,4316040;
sh600825:5.200,5.080,5.220,5.070,7023860;
sh600828:4.030,4.060,4.100,4.020,5360371;
sh600829:8.210,7.980,8.240,7.950,10860731;
sh600830:5.170,5.190,5.340,5.160,9600772;
sh600831:10.000,10.380,10.080,10.220,89772374;
sh600833:10.610,10.430,10.810,10.420,4969713;
sh600834:6.290,6.360,6.380,6.270,2269329;
sh600836:4.300,4.320,4.350,4.240,6857466;
sh600838:5.580,5.490,5.580,5.460,3056349;
sh600841:6.520,6.500,6.570,6.470,1216326;
sh600843:7.530,7.450,7.560,7.410,1826410;
sh600846:9.100,9.030,9.220,9.030,15699262;
sh600851:8.300,8.110,8.300,8.090,4736706;
sh600853:3.080,3.100,3.130,3.070,7820786;
sh600854:3.440,3.460,3.470,3.430,4419148;
sh600855:11.950,11.820,12.110,11.800,6531368;
sh600857:9.640,9.580,9.680,9.410,793240;
sh600860:4.880,4.800,4.890,4.760,4141200;
sh600861:8.810,8.800,8.880,8.770,1781811;
sh600862:12.880,12.870,13.090,12.690,33188041;
sh600864:7.150,7.230,7.370,7.110,46671382;
sh600865:6.100,6.110,6.150,6.090,1659427;
sh600866:5.680,5.430,5.690,5.420,49021697;
sh600867:12.150,11.920,12.160,11.900,34503463;
sh600868:3.300,3.270,3.350,3.270,27460021;
sh600869:4.300,4.240,4.400,4.240,49696742;
sh600871:2.170,2.170,2.170,2.150,25708603;
sh600874:6.990,6.980,7.040,6.950,7761192;
sh600876:15.500,16.120,16.180,15.500,18212422;
sh600879:7.020,6.810,7.030,6.780,99211912;
sh600880:3.750,3.710,3.780,3.700,9430697;
sh600882:17.700,18.760,18.490,17.600,5824199;
sh600885:37.530,35.700,38.060,35.660,11299288;
sh600888:4.450,4.420,4.590,4.410,16798518;
sh600889:4.680,4.640,4.730,4.610,3258547;
sh600894:6.900,6.870,7.020,6.860,8304528;
sh600898:6.980,6.780,7.000,6.770,3819100;
sh600917:6.710,6.620,6.730,6.610,3421635;
sh600959:3.940,3.890,3.950,3.870,23928093;
sh600962:7.320,7.350,7.470,7.280,2912899;
sh600965:7.630,7.910,7.850,7.630,13187803;
sh600966:7.100,7.100,7.350,7.050,20266681;
sh600973:3.990,4.010,4.020,3.960,10355734;
sh600976:18.070,17.030,18.100,17.000,5224917;
sh600980:12.830,13.220,13.290,12.830,6702134;
sh600981:3.400,3.360,3.420,3.360,6879501;
sh600982:2.770,2.760,2.790,2.750,3638803;
sh600983:4.400,4.440,4.460,4.380,1894316;
sh600986:4.340,4.290,4.380,4.280,67204875;
sh600988:7.760,8.000,7.980,7.620,176488486;
sh600990:48.100,47.860,48.700,47.570,3227989;
sh600992:6.360,6.300,6.440,6.290,1188200;
sh601002:5.310,5.740,5.350,5.280,32463238;
sh601008:3.560,3.550,3.640,3.550,8580700;
sh601016:2.290,2.290,2.310,2.280,20343476;
sh601069:15.360,15.630,15.470,15.200,34381976;
sh601100:55.350,54.670,55.950,54.440,3111513;
sh601106:2.760,2.760,2.770,2.730,22631243;
sh601118:4.420,4.420,4.450,4.390,21713810;
sh601126:5.290,5.250,5.310,5.240,2479500;
sh601168:6.590,6.550,6.620,6.500,36371540;
sh601199:3.950,4.000,4.000,3.920,15455204;
sh601222:5.250,5.520,5.540,5.230,72581177;
sh601226:3.930,3.900,3.940,3.900,2541700;
sh601233:13.900,13.770,14.030,13.710,22722208;
sh601311:10.190,9.920,10.350,10.030,22799267;
sh601339:3.810,3.740,3.820,3.740,3693100;
sh601388:1.740,1.730,1.750,1.720,16333240;
sh601515:6.250,6.200,6.250,6.180,4993335;
sh601567:8.140,8.250,8.790,8.100,18352660;
sh601608:3.720,3.690,3.730,3.660,28078885;
sh601616:2.840,2.870,2.870,2.820,8389001;
sh601677:11.630,11.420,11.750,11.400,7558682;
sh601689:26.300,24.130,26.480,23.920,36991820;
sh601700:5.800,5.700,5.840,5.690,24589899;
sh601727:4.750,4.710,4.760,4.710,17198342;
sh601789:3.850,3.790,3.880,3.780,17464879;
sh601799:96.220,95.240,98.190,95.190,1552701;
sh601818:3.910,3.900,3.950,3.880,88546377;
sh601866:2.270,2.270,2.290,2.250,27223001;
sh601958:7.010,6.860,7.050,6.840,35249034;
sh601968:4.810,4.840,4.920,4.810,3512227;
sh601996:2.670,2.630,2.690,2.610,12536400;
sh603002:4.770,4.790,4.860,4.710,27021701;
sh603003:7.570,7.700,7.820,7.480,8085555;
sh603006:10.900,11.100,11.360,10.790,3605035;
sh603009:9.110,9.310,9.310,9.030,37381912;
sh603010:17.230,17.230,17.230,17.000,15953178;
sh603015:5.850,5.930,5.960,5.850,2248600;
sh603017:9.900,9.810,9.940,9.800,2030080;
sh603018:9.900,9.960,9.930,9.820,4908373;
sh603020:7.900,7.840,7.920,7.810,2084602;
sh603021:6.710,6.750,6.810,6.710,4463660;
sh603022:17.300,16.970,17.530,16.820,5382145;
sh603023:4.410,4.450,4.520,4.390,9276965;
sh603025:8.710,8.890,9.050,8.680,7083388;
sh603085:7.070,7.100,7.240,7.030,4577800;
sh603088:9.070,8.930,9.080,8.910,1889725;
sh603099:8.180,8.250,8.200,8.120,1870322;
sh603108:11.000,10.780,11.100,10.780,8035715;
sh603111:6.500,6.410,6.840,6.400,23919949;
sh603116:5.920,5.990,5.960,5.900,3159140;
sh603117:3.660,3.680,3.680,3.630,7787194;
sh603123:6.850,6.840,6.970,6.810,5117000;
sh603126:4.400,4.420,4.420,4.370,4298179;
sh603158:25.960,23.800,25.960,23.580,5125300;
sh603168:8.420,8.360,8.490,8.310,4298323;
sh603222:53.250,53.220,53.580,52.950,222100;
sh603227:4.460,4.460,4.490,4.420,9930245;
sh603268:15.550,15.330,15.740,15.320,1095540;
sh603299:6.400,6.340,6.400,6.310,5128356;
sh603300:7.080,7.380,7.450,7.050,22880774;
sh603308:19.000,19.730,21.940,18.310,28866294;
sh603318:9.570,9.350,9.650,9.340,13137645;
sh603333:7.600,7.580,7.680,7.510,13558800;
sh603366:6.710,6.850,7.150,6.640,62643442;
sh603456:17.890,17.800,17.890,17.400,26047546;
sh603508:57.280,57.320,58.500,56.500,2831693;
sh603519:13.580,13.190,13.700,13.170,2938089;
sh603566:17.650,16.700,17.660,16.690,6252036;
sh603568:28.380,28.650,29.620,28.110,6029913;
sh603600:12.310,12.210,12.540,12.200,4218491;
sh603601:10.540,10.200,10.550,10.150,32842586;
sh603609:11.710,11.940,11.980,11.710,12932572;
sh603611:19.760,19.700,21.210,19.540,12108233;
sh603616:7.260,7.260,7.380,7.220,3381602;
sh603618:5.100,5.130,5.180,5.070,7409500;
sh603688:34.030,31.450,34.030,30.820,22212991;
sh603703:15.570,15.460,15.690,15.410,1414900;
sh603789:14.290,14.600,14.320,14.140,7714942;
sh603800:11.660,11.560,11.690,11.530,1652000;
sh603808:13.310,13.410,13.650,13.280,4638230;
sh603818:7.250,7.290,7.300,7.170,1963100;
sh603838:7.770,7.660,7.790,7.660,1203400;
sh603918:11.450,11.220,11.450,11.200,4829450;
sh603936:24.350,23.640,24.350,23.530,20218652;
sh603968:14.800,14.720,15.000,14.450,2767100;
sh603989:29.250,28.670,30.000,28.180,5774174;
sh603997:8.190,8.210,8.640,8.080,8486381;
sh603998:7.670,7.500,7.670,7.450,7559300;
sh603999:7.180,7.070,7.180,7.000,11897980;
sh600127:4.810,4.800,4.900,4.720,74085794;
sh603377:17.000,16.890,17.140,16.850,2562535;
sh601900:12.460,11.480,12.660,11.480,36692733;
sh603919:14.870,15.220,15.140,14.690,6315442;
sh603861:7.880,7.840,7.920,7.800,1376286;
sh603028:10.860,10.680,10.920,10.630,1548300;
sh603798:10.630,10.670,10.700,10.500,2684500;
sh603701:12.660,12.800,13.420,12.660,16053049;
sh603726:19.560,19.670,19.860,19.280,4892001;
sh603528:7.390,7.200,7.400,7.180,8431169;
sh603339:12.700,12.650,12.860,12.610,1452300;
sh603131:24.880,23.730,25.790,23.670,16715483;
sh603016:17.500,17.140,17.630,16.800,2193609;
sh603069:12.150,12.080,12.150,11.860,10702990;
sh600936:3.810,3.910,3.830,3.750,13351124;
sh601997:8.690,8.680,8.790,8.680,15641990;
sh601595:13.360,13.200,13.530,13.190,2409200;
sh603515:26.820,26.410,26.820,26.380,3220657;
sh603843:4.150,4.280,4.170,4.110,12692393;
sh601163:14.550,14.510,14.680,14.430,5985288;
sh603393:31.590,31.610,32.680,31.330,7677679;
sh603738:31.480,33.660,33.000,31.350,15899418;
sh601128:8.150,8.140,8.280,8.120,23399380;
sh603313:27.200,26.780,27.280,26.270,5475616;
sh600926:8.800,8.780,8.860,8.770,20171165;
sh603888:29.110,28.190,29.110,27.910,17216910;
sh603060:21.220,21.070,21.350,21.010,2361465;
sh603633:12.120,12.060,12.380,12.050,6137424;
sh603987:9.590,10.290,9.870,10.080,24813885;
sh603336:14.760,14.350,14.940,14.320,10478799;
sh603660:14.320,13.680,14.480,13.650,27292977;
sh603559:17.160,17.280,17.610,17.120,4807700;
sh603033:18.350,18.100,18.480,18.050,864808;
sh603389:4.980,4.910,5.030,4.900,2757230;
sh603058:6.890,6.870,6.940,6.850,1548000;
sh603886:16.530,16.530,16.700,16.110,2935760;
sh603239:11.300,11.210,11.470,11.120,3468765;
sh601375:5.400,5.410,5.590,5.390,52395017;
sh603035:15.940,15.530,16.250,15.510,13439432;
sh603032:20.340,20.270,20.600,20.210,3136484;
sh603877:15.300,15.940,15.600,15.190,2618043;
sh603689:10.760,10.660,10.770,10.640,3100140;
sh603579:31.500,30.290,31.500,29.970,1801719;
sh603639:26.490,25.510,26.490,25.510,5017828;
sh601858:11.650,11.460,11.650,11.380,3849521;
sh603638:30.410,30.890,31.650,30.300,2207504;
sh603429:45.730,44.890,46.530,44.600,2392019;
sh603966:9.980,10.000,10.220,10.030,2477370;
sh603089:13.300,13.350,13.480,13.120,1761343;
sh603360:32.300,33.590,33.520,32.300,3017086;
sh603677:11.900,11.500,11.900,11.450,1080663;
sh603637:14.970,14.880,14.990,14.820,991816;
sh601212:3.290,3.420,3.330,3.230,76365086;
sh603603:8.020,7.900,8.100,7.890,4797900;
sh603817:6.230,6.180,6.230,6.180,1708700;
sh603717:8.130,8.090,8.210,8.060,4182222;
sh603656:14.260,14.280,14.430,14.120,953684;
sh603133:24.500,24.450,24.850,24.200,10932600;
sh603811:26.910,26.070,26.950,25.850,3558750;
sh603955:15.220,15.110,15.330,15.080,850330;
sh603908:23.290,23.300,23.380,23.130,490600;
sh603991:16.000,16.030,16.290,15.960,437850;
sh603578:22.590,22.390,23.060,22.390,1876249;
sh601366:5.320,5.310,5.350,5.300,4721600;
sh603787:14.300,15.370,14.660,13.900,19871747;
sh603320:16.500,16.500,16.690,16.300,1532704;
sh603906:9.900,9.860,10.050,9.850,4142564;
sh603586:18.470,18.660,18.670,18.280,3176009;
sh603538:24.210,24.050,24.410,23.960,4644440;
sh603385:10.290,10.220,10.350,10.160,4031841;
sh603178:10.520,10.310,10.720,10.080,6573966;
sh603238:23.000,22.650,23.000,22.600,2624312;
sh603229:26.110,25.390,26.210,25.220,2197268;
sh603728:11.580,12.110,11.590,11.460,6789196;
sh603896:30.580,30.420,31.490,30.250,2299449;
sh603488:8.160,8.130,8.230,8.100,1469800;
sh603197:34.460,33.220,34.790,33.200,6677014;
sh603580:11.660,11.580,11.800,11.530,1308476;
sh603200:24.000,23.930,24.330,23.600,3058111;
sh603042:15.190,15.170,15.320,15.090,4785343;
sh603536:13.640,14.950,14.540,13.440,20268847;
sh603326:17.160,17.350,17.590,17.160,1707331;
sh603316:8.220,8.220,8.250,8.180,1401800;
sh603335:4.500,4.440,4.630,4.420,7128301;
sh603380:16.600,16.700,16.680,16.450,2855622;
sh603286:16.410,16.560,16.660,16.260,3981213;
sh603938:30.350,32.350,31.880,30.350,6510602;
sh603331:15.760,15.660,15.860,15.590,430475;
sh603933:14.820,15.100,14.890,14.630,7518736;
sh603595:30.900,29.750,31.310,29.600,5466753;
sh603612:11.900,12.480,12.670,11.730,8727592;
sh603676:10.510,10.410,10.540,10.410,2220900;
sh603063:8.990,8.900,9.120,8.870,2107500;
sh603233:56.110,54.010,56.110,53.930,3584120;
sh603357:9.650,9.670,9.730,9.610,3890793;
sh603860:25.560,25.600,25.880,25.560,318028;
sh603880:15.810,15.430,15.930,15.100,10444730;
sh603776:20.650,20.690,20.970,20.330,5163379;
sh603976:16.930,16.630,17.040,16.610,2908509;
sh603079:49.410,51.590,51.590,48.320,10362954;
sh603725:6.510,6.560,6.550,6.470,1859869;
sh603813:17.700,17.580,17.880,17.580,749596;
sh603136:22.940,23.460,22.980,22.660,1249323;
sh603378:24.500,23.720,24.500,23.610,1754261;
sh603367:17.770,17.230,17.770,17.160,11038947;
sh603103:16.090,16.160,16.500,15.890,6133524;
sh603110:15.840,16.220,15.990,15.560,4753153;
sh603499:14.610,15.330,15.140,14.600,2376925;
sh603829:9.700,9.620,9.760,9.610,720600;
sh603722:36.040,38.030,36.800,35.800,3702716;
sh603659:105.800,99.810,106.830,98.000,4395491;
sh603076:21.580,22.100,21.810,21.430,688412;
sh603661:39.230,39.380,39.770,39.220,1051167;
sh601019:6.550,6.550,6.580,6.510,4696006;
sh603890:10.970,10.920,11.090,10.810,6964517;
sh603477:11.420,11.440,11.810,11.360,9791877;
sh603895:20.220,20.360,20.450,20.220,1542880;
sh603516:52.400,50.300,52.610,49.830,3683927;
sh603871:30.610,30.800,31.210,30.160,1495423;
sh603709:23.170,23.050,23.590,23.050,365300;
sh603712:26.530,26.370,26.530,25.900,6903211;
sh603059:24.980,24.850,25.290,24.710,1279538;
sh600929:6.310,6.200,6.310,6.180,5757400;
sh603897:17.500,17.690,17.760,17.460,1897400;
sh603301:35.750,35.080,35.990,34.620,11118082;
sh603773:39.010,38.210,40.000,38.070,9734358;
sh603666:98.190,98.650,101.350,100.010,1402038;
sh601990:13.760,13.700,14.370,13.700,220347436;
sh603713:43.400,42.850,43.400,42.400,2188955;
sh601606:10.540,10.420,10.680,10.400,9439648;
sh603590:36.860,36.590,36.980,36.450,2323800;
sh603192:25.400,25.650,25.750,25.130,1396017;
sh601068:4.770,4.700,4.840,4.700,13064600;
sh603297:36.290,35.490,36.290,35.410,1691536;
sh603790:14.350,14.390,14.590,14.300,2777970;
