sh600048:14.220,14.000,14.500,13.400,104088956;
sh600053:23.400,24.070,23.800,23.010,4232788;
sh600061:12.030,12.350,12.250,11.880,27801835;
sh600063:3.850,3.950,3.920,3.790,29888671;
sh600071:8.890,9.080,9.010,8.780,2378648;
sh600076:3.790,3.810,3.820,3.740,15547969;
sh600077:2.870,2.840,2.870,2.760,6760569;
sh600078:4.390,4.860,4.470,4.260,41630773;
sh600079:13.310,13.380,13.500,12.960,16389243;
sh600081:10.560,10.610,10.580,10.190,4802262;
sh600082:3.630,3.520,3.690,3.450,21099778;
sh600090:4.040,4.040,4.050,3.980,13889358;
sh600101:5.870,5.930,5.980,5.810,2653783;
sh600111:8.560,8.600,8.660,8.420,23131245;
sh600113:6.100,6.190,6.180,6.010,6979142;
sh600115:4.220,4.100,4.250,4.060,75609064;
sh600120:8.650,8.870,8.820,8.550,12448224;
sh600146:11.150,11.320,11.390,10.950,11534856;
sh600151:4.270,4.360,4.310,4.050,17895087;
sh600156:5.230,4.900,5.290,4.850,30022303;
sh600160:7.660,7.880,7.760,7.480,79087673;
sh600161:33.770,32.370,34.400,31.010,13636983;
sh600162:2.060,2.080,2.080,2.030,13223677;
sh600169:2.050,2.080,2.100,2.040,20991659;
sh600175:1.310,1.300,1.320,1.270,45536197;
sh600197:12.670,12.660,12.700,12.310,4655129;
sh600199:4.940,4.900,4.960,4.780,5022207;
sh600200:6.820,6.950,6.890,6.660,28493494;
sh600203:11.530,12.450,12.220,11.350,52789108;
sh600206:15.290,16.180,15.980,15.100,95803950;
sh600207:4.250,4.220,4.260,4.110,8096935;
sh600208:3.010,3.030,3.030,2.960,71111839;
sh600213:7.380,7.250,7.480,6.980,6304569;
sh600218:8.650,8.800,8.820,8.500,8808643;
sh600221:1.650,1.610,1.660,1.580,132258211;
sh600223:6.830,6.900,6.960,6.640,19701053;
sh600226:2.400,2.390,2.430,2.330,46013152;
sh600227:2.800,2.720,2.800,2.680,13439789;
sh600235:4.400,4.490,4.490,4.360,7339800;
sh600236:4.390,4.380,4.420,4.340,5077361;
sh600242:8.250,8.540,8.890,8.100,82682285;
sh600246:5.150,5.550,5.200,5.000,13214560;
sh600262:15.350,14.960,15.350,14.800,462822;
sh600266:6.870,6.900,6.940,6.780,8670602;
sh600267:15.680,15.680,15.680,15.000,193563823;
sh600268:5.700,5.900,5.850,5.580,27142561;
sh600278:9.750,9.900,9.950,9.600,6938613;
sh600279:3.720,3.760,3.790,3.640,6279118;
sh600283:8.620,8.710,8.640,8.430,1014258;
sh600285:8.400,8.170,8.430,7.990,11891168;
sh600288:11.160,11.480,11.360,11.030,4226202;
sh600291:7.090,7.100,7.170,6.880,11706932;
sh600293:2.850,2.910,2.890,2.760,20404539;
sh600300:2.970,2.950,3.000,2.900,20489100;
sh600311:2.620,2.630,2.660,2.560,12867896;
sh600313:3.050,3.020,3.060,2.960,62112405;
sh600317:2.180,2.190,2.200,2.150,10236809;
sh600322:2.560,2.580,2.590,2.520,16224040;
sh600323:19.500,19.880,20.000,19.090,14087163;
sh600326:6.320,6.330,6.380,6.210,12314796;
sh600336:5.000,5.100,5.130,4.930,19971536;
sh600337:4.150,4.150,4.180,4.040,8435860;
sh600338:8.250,8.290,8.360,8.020,15191612;
sh600339:2.710,2.680,2.740,2.630,28820887;
sh600351:5.000,5.000,5.060,4.910,4436769;
sh600353:5.420,5.620,5.530,5.390,13355200;
sh600354:3.990,3.980,4.130,3.900,18684275;
sh600355:3.230,3.310,3.260,3.150,26813500;
sh600360:9.000,9.450,9.450,8.950,132799253;
sh600363:13.550,13.590,13.790,13.120,11438172;
sh600366:5.090,5.150,5.130,5.010,15030606;
sh600371:10.490,10.760,10.690,10.350,6752561;
sh600375:4.460,4.520,4.610,4.420,7101586;
sh600381:4.740,4.730,4.750,4.630,3481293;
sh600392:6.520,6.470,6.600,6.300,18979279;
sh600393:2.580,2.590,2.600,2.530,18467300;
sh600398:6.220,6.180,6.370,6.120,12659763;
sh600419:10.960,11.240,11.130,10.800,3652011;
sh600425:3.760,3.840,3.850,3.710,27651600;
sh600429:4.800,4.840,4.850,4.720,2262623;
sh600449:10.350,10.620,10.540,10.230,10412035;
sh600455:23.350,23.750,23.900,23.090,2153801;
sh600463:6.300,6.200,6.300,6.050,4919473;
sh600466:5.980,5.910,6.000,5.700,23086207;
sh600467:2.190,2.210,2.210,2.150,13778445;
sh600476:12.270,12.330,12.500,12.000,2362997;
sh600478:3.890,3.940,3.940,3.800,13287900;
sh600479:8.420,8.370,8.440,8.260,5182702;
sh600480:9.170,9.230,9.200,8.890,9833498;
sh600481:2.980,2.980,3.010,2.920,3743940;
sh600488:4.280,4.300,4.340,4.200,7700690;
sh600495:4.500,4.400,4.510,4.300,42894027;
sh600499:4.430,4.470,4.450,4.320,13165700;
sh600501:8.160,8.220,8.230,7.980,6324481;
sh600503:3.090,3.100,3.120,3.040,20216178;
sh600505:9.310,9.420,9.380,9.120,3330095;
sh600506:8.420,8.220,8.520,7.990,5732001;
sh600517:7.210,7.040,7.330,6.900,35157808;
sh600520:10.880,11.210,11.210,10.300,5141965;
sh600525:5.230,5.220,5.280,5.150,16154104;
sh600526:5.180,5.300,5.250,5.130,4868686;
sh600527:2.460,2.430,2.480,2.370,55639200;
sh600530:3.510,3.480,3.540,3.410,5811361;
sh600533:3.400,3.410,3.480,3.320,33629317;
sh600537:3.170,3.310,3.200,3.070,18687113;
sh600549:11.470,11.450,11.690,11.260,9357730;
sh600559:8.490,8.290,8.490,8.100,14142763;
sh600562:14.070,14.430,14.270,13.880,8295696;
sh600568:1.530,1.540,1.560,1.510,27152017;
sh600573:5.650,5.720,5.710,5.560,2105700;
sh600587:15.600,15.310,15.760,14.930,9699421;
sh600593:38.780,38.490,38.850,38.360,687300;
sh600596:8.360,8.420,8.440,8.220,8226021;
sh600601:3.230,3.220,3.260,3.150,14478023;
sh600602:7.530,7.570,7.610,7.340,9512399;
sh600603:5.630,5.710,5.760,5.460,22752241;
sh600604:7.180,7.290,7.260,7.050,20929202;
sh600613:6.800,6.770,6.850,6.640,4346501;
sh600623:5.380,5.410,5.450,5.320,9529585;
sh600624:8.480,8.620,8.580,8.380,17364952;
sh600626:5.850,5.820,5.920,5.680,13277772;
sh600628:9.850,10.440,10.420,10.090,7266453;
sh600630:7.510,7.450,7.620,7.220,13270707;
sh600638:5.330,5.340,5.400,5.250,2933673;
sh600639:11.930,11.720,12.100,11.520,2098976;
sh600640:17.170,17.480,17.600,16.850,8842014;
sh600641:21.560,22.950,22.000,21.080,37335021;
sh600644:5.000,4.990,5.010,4.860,1518987;
sh600645:18.880,18.990,19.120,18.400,9760280;
sh600647:12.990,13.000,13.230,12.510,3570869;
sh600649:5.320,5.310,5.360,5.110,11627384;
sh600651:3.810,3.760,3.840,3.650,18289515;
sh600661:16.190,16.250,16.460,15.900,2716361;
sh600662:3.880,3.920,3.960,3.850,9949581;
sh600668:13.820,13.900,13.920,13.570,6839811;
sh603179:21.920,21.120,21.920,20.400,1975430;
sh600671:10.750,10.760,10.840,10.470,1345203;
sh600677:5.050,4.810,5.100,4.790,33012403;
sh600678:7.440,7.590,7.680,7.330,23283529;
sh600682:8.750,8.970,9.060,8.710,17680228;
sh600683:4.400,4.370,4.550,4.370,23925255;
sh600684:3.180,3.180,3.220,3.120,6128760;
sh600689:7.790,8.060,7.890,7.750,3160793;
sh600693:5.050,5.350,5.470,5.050,18384294;
sh600695:7.500,7.650,7.770,7.360,23503829;
sh600697:14.900,15.250,15.390,14.900,2529159;
sh600706:8.400,8.280,8.500,8.020,9144383;
sh600708:3.050,3.030,3.070,2.970,33594913;
sh600711:4.160,4.070,4.180,3.980,34424334;
sh600712:5.430,5.960,5.960,5.430,54715833;
sh600716:3.890,3.840,3.900,3.770,5444549;
sh600719:3.860,3.880,3.910,3.770,3633700;
sh600724:3.990,4.020,4.140,3.880,26931517;
sh600730:4.490,4.460,4.490,4.340,4294500;
sh600734:4.510,4.570,4.560,4.400,9043259;
sh600736:5.600,5.560,5.750,5.400,31058382;
sh600737:7.640,7.590,7.720,7.400,17700971;
sh600744:2.260,2.240,2.280,2.210,5581738;
sh600746:6.220,6.250,6.310,6.080,2899995;
sh600748:5.680,5.430,5.730,5.220,56029705;
sh603893:70.280,71.980,72.190,69.500,8112583;
sh600755:6.330,6.270,6.350,6.110,14222450;
sh600756:18.770,19.110,19.080,18.600,5934600;
sh600764:25.190,25.830,26.150,25.190,2411700;
sh600770:4.890,4.940,4.970,4.820,11580782;
sh600771:13.990,13.850,14.160,13.730,4241366;
sh600773:5.560,5.580,5.560,5.400,9899881;
sh600777:1.770,1.770,1.780,1.730,71582212;
sh600783:13.190,13.600,13.290,12.960,10118269;
sh600784:4.320,4.300,4.350,4.230,2523404;
sh600785:13.640,14.170,14.550,13.580,1125743;
sh600796:5.330,5.480,5.430,5.290,2389671;
sh600800:5.300,5.090,5.410,5.020,38083251;
sh600802:10.600,10.810,10.980,10.380,20422799;
sh600808:2.700,2.670,2.780,2.660,80662858;
sh600818:9.740,9.760,9.930,9.600,1012411;
sh600819:4.440,4.560,4.560,4.420,3733882;
sh600821:4.030,4.320,4.420,4.000,15212843;
sh600822:8.760,8.870,8.760,8.550,4468500;
sh600824:3.050,3.160,3.230,3.050,14136101;
sh600825:4.540,4.550,4.560,4.460,4041399;
sh600828:3.770,3.940,4.030,3.770,9150077;
sh600829:6.950,7.000,7.050,6.860,4869900;
sh600830:5.720,5.860,5.910,5.620,38358123;
sh600831:8.360,8.500,8.470,8.200,16559434;
sh600833:8.960,9.040,9.110,8.850,1561300;
sh600834:6.270,6.370,6.330,6.210,1459669;
sh600836:4.690,4.970,4.950,4.600,33039589;
sh600838:5.700,6.010,6.010,5.550,27381308;
sh600841:6.290,6.570,6.530,6.280,2597621;
sh600843:6.730,6.760,6.860,6.620,3347818;
sh600846:8.170,8.400,8.240,8.050,11558072;
sh600851:7.290,7.370,7.350,7.080,4101002;
sh600853:3.830,4.060,3.940,3.750,60636743;
sh600854:3.460,3.550,3.530,3.430,3810255;
sh600855:10.420,10.460,10.510,10.060,4426800;
sh600857:9.760,10.300,10.300,10.060,3997155;
sh600860:4.400,4.210,4.400,4.140,4716900;
sh600861:9.610,9.630,9.870,9.360,3376000;
sh600862:12.030,12.350,12.510,11.920,27527323;
sh600864:6.620,6.790,6.690,6.530,37434757;
sh600865:5.810,6.020,6.220,5.810,6291836;
sh600866:5.310,5.140,5.410,5.060,42231812;
sh600867:10.160,10.390,10.300,10.010,30990679;
sh600868:3.260,3.370,3.340,3.220,60163371;
sh600869:4.820,5.010,4.930,4.760,98815092;
sh600871:2.010,2.020,2.040,1.990,30465150;
sh600874:6.930,7.000,6.990,6.830,7534066;
sh600876:13.170,13.450,13.320,12.900,5886202;
sh600879:6.600,6.710,6.700,6.490,57161225;
sh600880:3.550,3.580,3.620,3.510,5290858;
sh600882:19.100,19.020,19.200,18.400,3964533;
sh600885:28.850,28.240,29.420,27.500,13623454;
sh600888:4.500,4.560,4.580,4.460,11687562;
sh600889:4.510,4.850,4.570,4.470,10576326;
sh600894:6.460,6.510,6.560,6.360,7235540;
sh600898:6.780,6.790,6.880,6.650,2239703;
sh600917:6.320,6.330,6.370,6.220,2775611;
sh600959:3.670,3.710,3.700,3.610,19561487;
sh600962:7.120,7.310,7.530,7.110,5699800;
sh600965:7.530,7.480,7.560,7.340,5831269;
sh600966:7.740,7.740,7.890,7.520,20577520;
sh600973:4.550,4.790,4.750,4.410,72002224;
sh600976:15.380,15.380,15.690,15.040,1998437;
sh600980:11.490,11.590,11.620,11.170,1764656;
sh600981:3.300,3.310,3.390,3.170,24159512;
sh600982:2.690,2.710,2.730,2.670,3403700;
sh600983:4.160,4.140,4.230,4.080,1489580;
sh600986:3.690,3.730,3.750,3.610,34298201;
sh600988:6.530,6.740,6.660,6.340,84693680;
sh600990:37.600,38.140,38.290,37.080,1379472;
sh600992:6.120,6.210,6.260,6.110,1545516;
sh601002:5.640,5.540,5.700,5.410,14426067;
sh601008:3.520,3.510,3.600,3.420,12480512;
sh601016:2.220,2.240,2.280,2.180,22665070;
sh601069:13.090,13.270,13.240,12.900,9349676;
sh601100:50.400,48.820,51.480,47.280,7284868;
sh601106:2.610,2.610,2.640,2.560,20505485;
sh601118:4.700,4.650,4.730,4.500,69756210;
sh601126:6.760,6.910,6.870,6.410,23683750;
sh601168:5.560,5.560,5.660,5.460,31040644;
sh601199:3.840,3.910,3.930,3.800,28765221;
sh601222:5.600,5.570,5.640,5.430,33996896;
sh601226:3.830,3.860,3.880,3.790,4213750;
sh601233:12.810,12.690,12.960,12.330,32893900;
sh601311:8.750,8.860,8.840,8.610,10370620;
sh601339:3.600,3.620,3.650,3.540,6104838;
sh601388:1.700,1.710,1.720,1.670,21991909;
sh601515:5.900,6.000,6.030,5.890,6502577;
sh601567:7.490,7.510,7.600,7.300,8312847;
sh601608:3.310,3.360,3.420,3.280,17929750;
sh601616:3.210,3.310,3.230,3.110,79151430;
sh601677:10.150,10.120,10.240,10.010,5613176;
sh601689:17.980,17.700,18.290,17.030,24293673;
sh601700:6.580,6.790,6.780,6.440,55130423;
sh601727:4.810,4.800,4.900,4.730,38453651;
sh601789:4.150,4.330,4.330,4.100,55998193;
sh601799:88.380,85.030,88.600,82.000,3558899;
sh601818:3.610,3.520,3.630,3.500,187192824;
sh601866:1.990,2.000,2.030,1.960,56659576;
sh601958:5.960,5.990,6.060,5.860,14058200;
sh601968:4.460,4.530,4.460,4.350,4183500;
sh601996:2.710,2.810,2.760,2.660,29560014;
sh603002:5.800,5.800,5.800,5.570,48526342;
sh603003:7.790,8.060,8.060,7.700,20067669;
sh603006:10.060,10.130,10.140,10.010,1745740;
sh603009:7.050,7.240,7.170,6.950,7968350;
sh603010:13.100,13.530,13.440,12.860,12985841;
sh603015:6.410,6.840,6.730,6.390,9623178;
sh603017:9.800,9.820,10.090,9.580,2662900;
sh603018:11.150,11.230,11.300,10.820,8596560;
sh603020:7.450,7.690,7.680,7.440,2466250;
sh603021:5.930,5.850,6.030,5.700,2235630;
sh603022:15.560,16.060,16.060,15.560,2300150;
sh603023:5.070,5.200,5.120,4.890,22488322;
sh603025:9.130,9.410,9.350,8.900,8348277;
sh603085:6.150,6.230,6.270,5.950,3975801;
sh603088:9.340,10.140,9.930,9.230,8899801;
sh603099:7.980,8.070,8.110,7.830,1342620;
sh603108:9.770,9.640,9.770,9.460,5446145;
sh603111:6.050,6.180,6.120,5.920,21869788;
sh603116:6.260,6.430,6.320,6.180,2691860;
sh603117:3.550,3.590,3.590,3.480,7306360;
sh603123:9.020,9.020,9.250,8.820,8007899;
sh603126:4.290,4.400,4.330,4.180,6551888;
sh603158:19.220,19.480,19.650,18.670,3313766;
sh603168:7.800,8.050,8.160,7.790,4289528;
sh603222:51.930,51.400,52.330,51.000,556423;
sh603227:4.040,4.050,4.100,3.990,5094400;
sh603268:13.530,13.850,13.700,13.270,1524769;
sh603299:5.760,5.790,5.800,5.660,4851400;
sh603300:6.940,6.860,6.940,6.630,14275381;
sh603308:15.600,15.430,15.800,15.090,10009164;
sh603318:7.730,7.790,7.850,7.550,10279118;
sh603333:7.000,7.730,7.130,6.920,24454801;
sh603366:5.430,5.600,5.540,5.420,12381400;
sh603456:18.660,18.500,19.030,17.820,11391341;
sh603508:53.180,53.840,54.980,52.480,2263395;
sh603519:15.490,15.490,15.490,15.490,3373759;
sh603566:16.350,16.270,16.530,15.380,4600900;
sh603568:26.230,26.170,26.480,25.510,3508615;
sh603600:12.180,12.890,12.710,12.100,14788398;
sh603601:11.410,11.150,11.590,10.830,81280616;
sh603609:10.710,10.890,10.840,10.530,7169786;
sh603611:18.410,18.980,18.950,18.340,3362091;
sh603616:8.020,8.700,8.270,7.880,21708285;
sh603618:6.280,6.490,6.430,6.060,37725728;
sh603688:24.220,25.070,24.700,23.880,9261432;
sh603703:19.490,19.300,19.880,19.100,7289965;
sh603789:12.930,13.000,12.930,12.800,1648436;
sh603800:10.690,10.910,10.810,10.600,1360432;
sh603808:11.370,11.270,11.470,11.010,3468899;
sh603818:6.880,6.890,6.880,6.750,1795800;
sh603838:7.330,7.380,7.360,7.130,1424200;
sh603918:10.700,10.850,10.890,10.530,2868382;
sh603936:18.340,18.960,18.740,18.220,7509585;
sh603968:12.530,12.680,12.690,12.450,1230388;
sh603989:23.500,24.480,24.480,23.500,1844534;
sh603997:6.980,6.810,6.980,6.660,3022450;
sh603998:6.420,6.370,6.490,6.170,4661939;
sh603999:5.730,5.820,5.770,5.650,6112100;
sh600127:4.250,4.280,4.280,4.160,17719175;
sh603377:14.690,14.530,14.920,14.400,3620785;
sh601900:9.210,9.480,9.350,9.140,5204953;
sh603919:12.360,12.190,12.440,11.880,4811354;
sh603861:9.620,10.160,10.150,9.360,13032603;
sh603028:10.710,10.850,10.730,10.410,1647486;
sh603798:9.500,9.550,9.570,9.380,1758090;
sh603701:10.870,11.150,11.030,10.710,3844564;
sh603726:25.870,25.860,25.990,25.260,2358473;
sh603528:7.310,7.560,7.500,7.190,7504005;
sh603339:11.810,12.050,11.930,11.620,1232544;
sh603131:16.360,16.800,16.820,16.180,6282680;
sh603016:19.010,19.730,19.500,18.700,2734733;
sh603069:10.930,11.310,11.180,10.800,5732300;
sh600936:3.660,3.710,3.720,3.650,4094300;
sh601997:7.780,7.690,7.840,7.570,20797706;
sh601595:12.150,12.190,12.390,11.850,2168758;
sh603515:24.120,24.100,24.500,23.800,2539725;
sh603843:4.300,4.600,4.510,4.300,23315624;
sh601163:12.870,12.980,12.990,12.770,3202947;
sh603393:35.510,34.400,35.840,34.100,5425482;
sh603738:26.580,28.100,27.580,26.220,21060233;
sh601128:7.250,7.020,7.290,6.980,45722083;
sh603313:20.000,20.010,20.310,19.210,6790660;
sh600926:7.890,7.740,7.950,7.610,24634910;
sh603888:22.540,23.240,23.310,22.320,13512773;
sh603060:19.830,19.480,19.910,19.100,1390730;
sh603633:10.900,12.030,11.390,10.880,9506828;
sh603987:10.450,10.420,10.500,10.010,8482931;
sh603336:15.760,15.580,15.960,15.190,21929171;
sh603660:11.760,11.830,11.920,11.350,10389515;
sh603559:25.000,26.710,26.460,24.880,44186920;
sh603033:21.660,21.640,22.080,21.060,2206038;
sh603389:4.470,4.440,4.570,4.320,2448096;
sh603058:6.450,6.480,6.540,6.330,1634700;
sh603886:15.500,15.350,15.650,15.000,2998166;
sh603239:11.340,11.200,11.550,10.940,2270877;
sh601375:5.070,5.200,5.200,5.050,50110791;
sh603035:12.840,12.590,13.000,12.200,7840418;
sh603032:17.220,16.970,17.460,16.660,2399457;
sh603877:15.980,16.320,16.100,15.760,1458053;
sh603689:10.490,10.510,10.710,10.380,2131100;
sh603579:25.020,25.670,25.630,24.880,731420;
sh603639:24.210,24.700,24.280,23.520,1682528;
sh601858:9.610,9.790,9.870,9.510,2567386;
sh603638:28.830,28.030,29.190,27.460,1434015;
sh603429:32.490,32.540,33.210,31.870,2154860;
sh603966:9.360,9.620,9.640,9.300,2430342;
sh603089:11.530,11.610,11.740,11.330,967848;
sh603360:25.790,25.500,26.290,25.000,2628736;
sh603677:10.730,10.640,10.790,10.400,1079826;
sh603637:12.900,12.750,12.980,12.500,775016;
sh601212:2.800,2.800,2.850,2.750,19037601;
sh603603:7.050,7.040,7.100,6.840,3534600;
sh603817:6.040,5.900,6.040,5.730,3251289;
sh603717:7.700,7.800,7.960,7.500,2841900;
sh603656:13.830,13.970,13.980,13.510,562628;
sh603133:19.200,19.460,19.600,18.860,4571700;
sh603811:23.100,23.030,23.400,22.570,1343820;
sh603955:15.480,15.690,15.790,15.100,1280860;
sh603908:22.800,22.040,22.800,21.510,333000;
sh603991:18.690,20.680,19.780,18.410,3789267;
sh603578:20.560,21.140,20.800,20.290,1360467;
sh601366:6.240,6.640,6.780,6.240,40208251;
sh603787:11.830,11.940,11.990,11.560,3163769;
sh603320:15.750,15.430,15.890,15.310,975300;
sh603906:9.280,9.250,9.330,9.010,2705504;
sh603586:15.960,15.960,15.960,15.500,1084253;
sh603538:27.150,26.500,27.760,25.610,7248304;
sh603385:9.800,10.030,10.040,9.670,3533076;
sh603178:8.190,8.160,8.300,8.000,3073666;
sh603238:23.100,22.430,23.400,22.000,3166800;
sh603229:23.010,22.380,23.490,22.080,1398800;
sh603728:11.880,11.950,11.940,11.550,4365035;
sh603896:26.710,26.380,26.990,26.080,1060479;
sh603488:7.980,8.100,8.090,7.930,1078800;
sh603197:26.000,26.150,26.240,25.220,4904022;
sh603580:11.140,11.210,11.290,10.960,674644;
sh603200:43.000,44.630,45.560,43.000,3264945;
sh603042:20.000,21.400,21.130,19.810,24101717;
sh603536:12.350,12.210,12.350,11.800,4694966;
sh603326:17.650,17.660,17.650,17.370,1447980;
sh603316:10.850,11.110,11.250,10.850,5540658;
sh603335:4.120,4.090,4.120,3.950,6294560;
sh603380:18.500,18.140,19.000,17.560,12160502;
sh603286:15.480,15.720,15.790,15.260,1690709;
sh603938:28.010,29.010,29.650,27.840,3553655;
sh603331:17.310,17.780,17.800,16.940,2037651;
sh603933:13.100,13.170,13.100,12.780,2239944;
sh603595:28.640,29.710,29.000,27.800,4285044;
sh603612:10.930,11.160,11.070,10.820,3244360;
sh603676:10.190,10.010,10.200,9.900,3872100;
sh603063:8.280,8.350,8.410,8.110,2601367;
sh603233:52.430,52.860,53.970,51.500,2831482;
sh603357:9.750,9.750,9.880,9.470,5274140;
sh603860:24.440,24.500,24.900,23.980,300400;
sh603880:14.600,13.720,14.600,13.300,9088242;
sh603776:18.300,18.880,18.920,18.110,3434415;
sh603976:14.900,15.030,15.090,14.510,1648440;
sh603079:40.050,41.200,42.480,40.050,3108819;
sh603725:6.210,6.310,6.310,6.160,1381803;
sh603813:17.380,17.340,17.390,16.880,433947;
sh603136:21.300,21.280,21.830,20.500,1291267;
sh603378:27.050,27.600,27.980,26.310,1377554;
sh603367:15.880,15.790,16.020,15.420,4291228;
sh603103:14.800,15.030,15.300,14.460,5218702;
sh603110:14.650,15.090,14.950,14.300,2980565;
sh603499:14.260,14.300,14.490,14.060,790300;
sh603829:10.280,10.500,10.790,10.270,3536018;
sh603722:27.250,28.050,28.190,27.200,2057783;
sh603659:66.000,66.000,66.980,64.600,6406915;
sh603076:20.320,20.300,20.650,19.870,435323;
sh603661:34.280,34.400,34.690,33.720,588510;
sh601019:6.380,6.480,6.450,6.370,5710209;
sh603890:12.870,13.100,13.350,12.380,38308686;
sh603477:11.200,11.400,11.420,11.000,5730390;
sh603895:19.990,19.980,20.000,19.220,1761880;
sh603516:43.780,44.440,44.780,43.360,3026864;
sh603871:26.610,26.290,26.890,25.750,574133;
sh603709:23.630,24.800,24.050,23.410,1557100;
sh603712:26.000,27.960,27.880,25.750,17153118;
sh603059:24.800,24.050,24.990,23.500,3380459;
sh600929:5.390,5.460,5.440,5.330,4473734;
sh603897:16.130,16.450,16.440,16.040,1296400;
sh603301:45.100,42.080,45.500,42.080,13329987;
sh603773:33.140,33.790,33.800,32.670,2011157;
sh603666:86.500,86.170,88.330,83.660,707660;
sh601990:15.260,15.820,15.480,14.800,235671176;
sh603713:49.480,49.120,51.500,48.330,2780106;
sh601606:8.520,8.510,8.600,8.310,5766900;
sh603590:39.750,39.410,40.160,38.500,4035981;
sh603192:25.500,26.150,25.980,24.900,1831800;
sh601068:4.290,4.310,4.350,4.210,7502200;
sh603297:36.150,36.000,36.700,34.960,2209812;
sh603790:12.210,12.300,12.330,12.060,1449192;
