sh600048:16.110,16.390,16.480,15.930,70927834;
sh600053:27.650,27.160,28.530,26.860,8516540;
sh600061:13.600,13.680,13.850,13.510,25457965;
sh600063:4.050,4.020,4.110,3.960,37483368;
sh600071:9.800,9.680,9.860,9.510,2516200;
sh600076:4.000,3.960,4.000,3.920,12765600;
sh600077:2.950,2.940,2.980,2.920,8377412;
sh600078:4.930,4.870,4.970,4.780,19076114;
sh600079:13.860,13.920,14.010,13.800,12393079;
sh600081:11.550,11.440,11.690,11.260,6193485;
sh600082:3.680,3.640,3.700,3.580,5748214;
sh600090:4.510,4.410,4.520,4.370,22821482;
sh600101:6.260,6.260,6.350,6.200,2911390;
sh600111:9.140,9.130,9.170,9.090,25638608;
sh600113:6.810,7.380,7.650,6.800,40981605;
sh600115:4.790,4.700,4.790,4.670,71667575;
sh600120:9.720,9.750,9.860,9.590,16013936;
sh600146:14.050,13.800,14.480,13.720,13987515;
sh600151:4.890,4.780,4.890,4.730,12682717;
sh600156:5.700,5.810,5.800,5.500,31110694;
sh600160:7.440,7.590,7.470,7.240,67063022;
sh600161:33.410,32.570,33.410,32.150,8949241;
sh600162:2.190,2.230,2.260,2.180,30194611;
sh600169:2.250,2.200,2.320,2.160,93659234;
sh600175:1.410,1.410,1.430,1.400,47738524;
sh600197:13.590,13.410,13.590,13.320,4605016;
sh600199:5.300,5.240,5.320,5.210,6805015;
sh600200:8.160,7.690,8.290,7.490,47199012;
sh600203:12.880,12.980,13.580,12.470,110967730;
sh600206:13.430,14.130,14.090,13.400,44312031;
sh600207:4.540,4.490,4.590,4.450,8112000;
sh600208:3.230,3.220,3.270,3.210,66596306;
sh600213:7.940,8.130,7.940,7.750,6366278;
sh600218:9.880,9.650,9.880,9.570,9032747;
sh600221:1.810,1.780,1.850,1.770,291247940;
sh600223:7.800,7.660,7.910,7.610,24134704;
sh600226:2.770,2.720,2.790,2.700,52207801;
sh600227:2.980,3.020,3.030,2.950,29632102;
sh600235:5.010,4.900,5.040,4.850,12367501;
sh600236:4.490,4.530,4.530,4.470,4315887;
sh600242:7.380,7.400,7.470,7.320,10275235;
sh600246:5.400,5.400,5.540,5.300,7928440;
sh600262:16.110,15.960,16.240,15.810,575471;
sh600266:7.330,7.250,7.390,7.230,11375398;
sh600267:13.910,13.400,14.110,13.390,40796076;
sh600268:6.000,5.890,6.180,5.810,31141057;
sh600278:10.210,10.410,10.680,10.110,9922860;
sh600279:3.960,3.930,3.960,3.910,5123236;
sh600283:9.220,9.040,9.220,9.020,2001808;
sh600285:9.220,9.030,9.220,8.980,8396649;
sh600288:12.050,11.740,12.050,11.630,7339076;
sh600291:7.660,7.700,7.810,7.630,10896509;
sh600293:3.670,3.380,3.890,3.360,126491827;
sh600300:3.090,3.180,3.170,3.070,42072046;
sh600311:2.920,2.870,2.940,2.860,19554900;
sh600313:3.080,3.080,3.140,3.050,36025500;
sh600317:2.290,2.260,2.310,2.250,12042896;
sh600322:2.710,2.770,2.740,2.680,29242606;
sh600323:20.480,19.990,20.480,19.850,9500085;
sh600326:6.830,6.730,6.930,6.660,18188260;
sh600336:5.800,5.580,5.830,5.450,36741984;
sh600337:4.150,4.200,4.170,4.080,11746978;
sh600338:9.750,9.780,9.870,9.660,7684877;
sh600339:2.940,2.860,2.940,2.850,50517083;
sh600351:5.400,5.320,5.440,5.290,7429110;
sh600353:5.770,5.940,5.990,5.760,27580144;
sh600354:4.600,4.490,4.620,4.450,19740720;
sh600355:4.540,4.180,4.540,4.140,125704619;
sh600360:8.730,9.910,9.910,8.730,209287362;
sh600363:16.200,16.050,16.300,15.630,19549029;
sh600366:5.790,5.690,5.790,5.610,16629577;
sh600371:12.010,11.700,12.040,11.600,9862207;
sh600375:4.600,4.640,4.670,4.530,6470600;
sh600381:5.080,5.090,5.080,4.970,3999827;
sh600392:7.180,7.090,7.180,7.040,14132092;
sh600393:2.700,2.670,2.720,2.660,13820966;
sh600398:6.830,6.800,6.910,6.770,9349379;
sh600419:11.760,11.580,11.760,11.450,3569623;
sh600425:3.990,4.020,4.050,3.970,36021601;
sh600429:5.090,5.020,5.090,4.980,2836707;
sh600449:10.980,10.730,11.040,10.630,11207438;
sh600455:26.750,26.320,26.990,26.000,2545441;
sh600463:6.690,6.590,6.860,6.590,2819560;
sh600466:6.660,6.530,6.710,6.460,16744697;
sh600467:2.380,2.450,2.460,2.350,36704493;
sh600476:13.700,13.570,13.860,13.400,2801291;
sh600478:4.370,4.350,4.420,4.280,17666500;
sh600479:8.900,8.820,8.950,8.780,8034281;
sh600480:10.500,10.130,11.000,10.100,17159294;
sh600481:3.200,3.170,3.240,3.160,6211521;
sh600488:4.710,4.640,4.740,4.610,8650294;
sh600495:4.350,4.560,4.720,4.310,58593813;
sh600499:5.060,4.940,5.080,4.850,14808474;
sh600501:9.050,8.840,9.110,8.710,9563082;
sh600503:3.340,3.350,3.390,3.310,22447247;
sh600505:9.750,10.190,9.950,9.480,6374561;
sh600506:8.980,8.830,9.120,8.710,3761564;
sh600517:7.820,7.900,7.980,7.660,31157383;
sh600520:9.990,9.830,10.070,9.690,2274153;
sh600525:5.410,5.520,5.530,5.410,17647222;
sh600526:5.370,5.360,5.480,5.340,5379101;
sh600527:3.120,2.920,3.150,2.880,75321653;
sh600530:3.940,3.840,3.940,3.810,7720272;
sh600533:3.410,3.550,3.460,3.370,45497199;
sh600537:3.350,3.330,3.400,3.310,17884277;
sh600549:11.980,11.860,12.020,11.810,8799196;
sh600559:9.380,9.240,9.390,9.200,12995739;
sh600562:15.550,15.780,15.940,15.400,17871656;
sh600568:1.700,1.730,1.770,1.670,50083606;
sh600573:6.040,5.970,6.080,5.950,3095001;
sh600587:18.780,18.300,19.280,18.180,13995109;
sh600593:39.250,39.180,39.340,38.950,611520;
sh600596:9.100,8.940,9.120,8.890,12434572;
sh600601:3.450,3.400,3.470,3.370,21083001;
sh600602:8.250,8.220,8.400,8.150,11105883;
sh600603:5.620,5.990,5.830,5.610,38609138;
sh600604:8.110,8.000,8.270,7.900,43726945;
sh600613:7.690,7.400,7.690,7.390,6024600;
sh600623:5.950,5.860,5.950,5.820,10606543;
sh600624:9.970,9.720,10.100,9.610,28902834;
sh600626:6.300,6.350,6.470,6.260,13355734;
sh600628:10.300,10.020,10.310,10.000,3687105;
sh600630:9.000,8.600,9.190,8.510,21895064;
sh600638:5.750,5.650,5.760,5.600,3493186;
sh600639:12.570,12.620,12.720,12.560,1856427;
sh600640:19.750,19.290,19.750,18.970,8886938;
sh600641:20.540,20.730,21.380,20.400,17955727;
sh600644:5.100,5.060,5.120,5.040,2640565;
sh600645:23.100,22.510,23.810,22.080,27745059;
sh600647:14.250,15.680,15.680,14.050,11345038;
sh600649:6.000,5.880,6.050,5.760,17410629;
sh600651:3.720,3.640,3.760,3.620,10777069;
sh600661:17.850,17.490,17.860,17.400,2957401;
sh600662:4.120,4.080,4.160,4.050,8480708;
sh600668:14.610,14.540,14.850,14.440,8104558;
sh603179:23.860,23.900,23.860,22.850,4018252;
sh600671:11.750,11.600,11.750,11.500,1904310;
sh600677:5.250,5.600,5.590,5.200,33353354;
sh600678:8.020,8.090,8.340,7.960,23777450;
sh600682:10.330,10.030,10.490,10.010,27207425;
sh600683:4.080,4.050,4.150,4.040,3062864;
sh600684:3.360,3.370,3.420,3.330,8208017;
sh600689:8.870,8.580,8.870,8.550,3417500;
sh600693:5.070,4.960,5.080,4.910,4127968;
sh600695:8.800,8.870,9.200,8.600,28858509;
sh600697:15.590,15.550,15.600,15.430,1124400;
sh600706:7.890,8.160,8.050,7.800,5295734;
sh600708:3.170,3.140,3.190,3.120,15303994;
sh600711:4.570,4.500,4.590,4.480,27373617;
sh600712:6.460,6.160,6.470,6.080,38551896;
sh600716:4.150,4.160,4.180,4.100,6149700;
sh600719:4.170,4.060,4.190,4.020,3529702;
sh600724:4.060,4.210,4.080,3.970,28779394;
sh600730:4.760,4.760,4.820,4.700,6405824;
sh600734:5.240,5.190,5.270,5.110,17250652;
sh600736:6.010,5.870,6.180,5.800,52305972;
sh600737:8.540,8.530,8.650,8.500,17508053;
sh600744:2.470,2.390,2.470,2.380,8997020;
sh600746:7.230,7.030,7.230,6.960,4409600;
sh600748:5.510,5.640,5.750,5.480,31159369;
sh603893:72.510,74.600,75.300,69.200,11729019;
sh600755:6.800,6.670,6.800,6.650,17706971;
sh600756:19.800,19.670,19.960,19.500,8030141;
sh600764:29.100,28.660,30.030,28.420,3372364;
sh600770:5.300,5.210,5.330,5.190,17040675;
sh600771:15.350,15.150,15.380,14.930,8153123;
sh600773:5.950,6.010,6.090,5.920,12299731;
sh600777:1.920,1.890,1.920,1.880,83784445;
sh600783:15.800,15.340,15.940,15.080,22702299;
sh600784:4.590,4.740,4.680,4.560,5045857;
sh600785:14.200,14.110,14.270,14.050,357970;
sh600796:5.600,5.600,5.690,5.550,3921291;
sh600800:5.090,4.910,5.090,4.870,11809855;
sh600802:11.500,11.840,11.860,11.280,29397054;
sh600808:2.910,2.970,3.050,2.850,174625835;
sh600818:10.490,10.170,10.490,10.000,1893611;
sh600819:4.920,4.800,4.930,4.750,6492468;
sh600821:4.610,4.610,4.710,4.590,8280201;
sh600822:9.400,9.240,9.400,9.180,4182700;
sh600824:3.220,3.160,3.220,3.140,3864940;
sh600825:4.860,4.840,4.930,4.800,6017634;
sh600828:4.050,4.010,4.090,3.980,4946974;
sh600829:7.800,7.590,7.870,7.550,6147100;
sh600830:7.020,7.720,7.720,7.020,29812084;
sh600831:9.260,9.180,9.440,9.060,19832166;
sh600833:10.010,9.670,10.010,9.660,2286601;
sh600834:6.670,6.540,6.670,6.480,2027600;
sh600836:4.480,4.560,4.540,4.410,9711506;
sh600838:5.790,5.590,5.790,5.550,5031849;
sh600841:7.000,6.930,7.060,6.900,2495910;
sh600843:8.320,7.870,8.480,7.820,15107879;
sh600846:8.930,8.750,8.950,8.700,15524063;
sh600851:8.550,8.360,8.880,8.300,12887150;
sh600853:3.830,3.780,3.880,3.700,55505746;
sh600854:3.970,3.880,3.980,3.800,8643286;
sh600855:11.850,11.510,11.930,11.430,7107172;
sh600857:9.800,9.790,9.800,9.640,802731;
sh600860:4.710,4.750,4.720,4.580,5965700;
sh600861:10.870,10.790,10.890,10.610,2370859;
sh600862:12.500,12.480,12.740,12.250,13965141;
sh600864:7.610,7.740,7.820,7.580,42784895;
sh600865:6.190,6.090,6.200,6.080,2821126;
sh600866:5.790,6.030,5.910,5.660,54424411;
sh600867:11.700,11.460,11.750,11.380,36088059;
sh600868:3.380,3.410,3.500,3.370,49722770;
sh600869:4.400,4.450,4.520,4.390,46888900;
sh600871:2.190,2.110,2.190,2.100,56904883;
sh600874:7.050,6.990,7.080,6.910,9330351;
sh600876:14.870,14.770,15.140,14.630,8596176;
sh600879:7.240,7.030,7.280,6.860,108463146;
sh600880:3.820,3.910,3.880,3.790,12071063;
sh600882:19.100,19.480,19.800,19.050,2713000;
sh600885:33.510,33.220,33.990,32.750,7578154;
sh600888:4.800,4.780,4.870,4.720,18006844;
sh600889:5.240,5.110,5.320,5.030,12271248;
sh600894:6.990,6.860,6.990,6.820,6965884;
sh600898:6.900,6.910,6.970,6.810,2452705;
sh600917:6.580,6.560,6.630,6.510,3728500;
sh600959:3.780,3.800,3.820,3.750,23246379;
sh600962:8.140,8.390,8.500,7.850,23005006;
sh600965:7.690,7.710,7.880,7.610,5210024;
sh600966:8.660,8.390,9.000,8.330,39055956;
sh600973:4.420,4.320,4.500,4.290,33488804;
sh600976:17.300,16.890,17.440,16.800,1611499;
sh600980:12.800,12.650,12.900,12.550,1822700;
sh600981:3.760,4.150,4.150,3.750,58602953;
sh600982:2.880,2.870,2.880,2.830,4190900;
sh600983:4.430,4.370,4.440,4.350,1703745;
sh600986:4.090,4.050,4.110,4.000,41250599;
sh600988:7.520,7.360,7.650,7.230,99746417;
sh600990:43.630,42.840,43.970,42.610,1671160;
sh600992:6.500,6.460,6.580,6.380,1918186;
sh601002:6.200,6.210,6.460,6.170,19430501;
sh601008:3.810,3.810,3.840,3.750,20116199;
sh601016:2.370,2.360,2.390,2.340,26404664;
sh601069:14.590,14.320,14.670,14.200,16805183;
sh601100:54.080,53.930,55.300,53.300,4068529;
sh601106:2.770,2.760,2.780,2.740,30390500;
sh601118:4.800,4.760,4.940,4.690,93405718;
sh601126:6.400,6.230,6.510,6.160,20457532;
sh601168:6.170,6.130,6.180,6.060,19611559;
sh601199:4.000,4.210,4.210,3.920,36125631;
sh601222:6.010,5.830,6.090,5.800,43830858;
sh601226:4.030,4.010,4.060,4.000,4807404;
sh601233:13.710,13.760,13.870,13.510,28351541;
sh601311:9.900,9.650,9.950,9.580,19233438;
sh601339:3.780,3.680,3.780,3.660,7577668;
sh601388:1.900,1.900,2.000,1.860,75380304;
sh601515:7.030,6.830,7.150,6.750,18099983;
sh601567:8.180,8.050,8.260,7.970,12649662;
sh601608:3.670,3.650,3.710,3.620,27366414;
sh601616:3.220,3.290,3.330,3.200,32473493;
sh601677:11.140,11.080,11.230,11.000,5957839;
sh601689:21.640,21.600,21.940,21.230,13599732;
sh601700:7.010,6.800,7.250,6.660,77973244;
sh601727:4.970,4.930,4.980,4.870,33926672;
sh601789:4.370,4.420,4.490,4.310,49692543;
sh601799:99.900,98.980,100.750,97.600,1435540;
sh601818:3.820,3.810,3.840,3.790,91481131;
sh601866:2.230,2.200,2.230,2.170,102819288;
sh601958:6.430,6.400,6.440,6.350,13590968;
sh601968:4.650,4.660,4.670,4.570,3197300;
sh601996:2.800,2.830,2.870,2.780,17336305;
sh603003:9.030,9.200,9.150,8.800,10376462;
sh603006:11.260,11.320,11.470,11.130,1997132;
sh603009:7.220,7.300,7.400,7.120,9702500;
sh603010:14.250,13.990,14.360,13.800,9581900;
sh603015:6.610,6.500,6.900,6.400,6109068;
sh603017:10.480,10.230,10.480,10.180,2301600;
sh603018:11.080,11.400,11.190,10.940,14024369;
sh603020:8.100,7.950,8.100,7.900,3751245;
sh603021:6.630,6.420,6.630,6.350,2509693;
sh603022:16.620,16.850,17.360,16.580,3998800;
sh603023:6.300,6.900,6.730,5.880,65836584;
sh603025:8.940,9.650,8.960,8.710,10173672;
sh603085:7.050,6.970,7.120,6.870,4866090;
sh603088:9.230,9.160,9.370,9.090,1483941;
sh603099:8.480,8.440,8.640,8.370,1685300;
sh603108:11.180,10.880,11.300,10.760,8926110;
sh603111:7.400,7.460,7.760,7.320,34824024;
sh603116:6.930,6.790,6.940,6.710,4048084;
sh603117:3.830,3.960,3.930,3.810,15648582;
sh603123:8.790,8.710,9.170,8.640,6906400;
sh603126:4.680,4.640,4.830,4.620,11251538;
sh603158:21.770,22.150,22.530,21.530,3377708;
sh603168:8.930,8.830,8.980,8.730,4999241;
sh603222:53.370,53.370,53.600,52.380,387727;
sh603227:4.520,4.480,4.560,4.440,9222664;
sh603268:15.010,15.020,15.290,14.900,677880;
sh603299:6.200,6.110,6.220,6.090,5617288;
sh603300:8.250,8.590,8.450,8.200,51359033;
sh603308:17.230,17.300,17.600,17.040,5677100;
sh603318:8.930,8.800,8.990,8.710,10779370;
sh603333:7.340,7.180,7.360,7.140,10374214;
sh603366:6.310,6.110,6.320,6.040,18566624;
sh603456:20.690,19.730,20.690,19.610,9619965;
sh603508:59.000,58.180,60.500,57.070,2394647;
sh603519:13.610,13.500,13.880,13.300,1588120;
sh603566:19.810,18.680,19.900,18.420,4821600;
sh603568:27.570,27.470,27.830,27.130,2911945;
sh603600:11.880,11.460,11.990,11.420,4122910;
sh603601:16.780,16.920,17.240,15.310,124104884;
sh603609:11.680,11.480,11.720,11.340,9626081;
sh603611:19.400,19.410,20.150,19.080,3742207;
sh603616:7.680,7.540,7.760,7.470,4288296;
sh603618:5.930,6.200,6.280,5.900,26541557;
sh603688:24.510,24.600,25.600,24.100,8104262;
sh603703:16.990,18.580,18.530,16.710,10161325;
sh603789:13.470,13.420,13.500,13.340,2099568;
sh603800:11.260,11.130,11.260,10.920,2497300;
sh603808:12.810,12.740,12.860,12.650,4028770;
sh603818:7.460,7.290,7.510,7.280,2089200;
sh603838:7.810,7.690,7.850,7.650,1091800;
sh603918:12.070,12.080,12.250,11.900,4575105;
sh603936:20.800,20.540,21.370,20.330,7639936;
sh603968:13.850,13.370,13.850,13.250,2689913;
sh603989:25.000,24.920,25.150,24.420,2415525;
sh603997:7.860,7.380,7.870,7.260,8403502;
sh603998:7.100,6.970,7.100,6.940,4788700;
sh603999:6.350,6.260,6.390,6.190,9421201;
sh600127:4.560,4.500,4.590,4.480,20247033;
sh603377:15.210,15.140,15.290,14.630,2569600;
sh601900:10.080,9.870,10.080,9.790,7197766;
sh603919:14.540,14.330,14.600,14.220,3170620;
sh603861:8.800,8.710,8.960,8.560,3646879;
sh603028:10.770,10.510,10.770,10.430,1309118;
sh603798:10.300,10.150,10.310,10.060,2181437;
sh603701:11.480,11.850,12.100,11.480,4301290;
sh603726:24.600,26.050,24.940,24.000,2785164;
sh603528:7.900,8.180,8.180,7.780,11190850;
sh603339:13.260,12.760,13.260,12.700,2021712;
sh603131:19.640,19.220,19.850,18.700,9902685;
sh603016:20.590,19.600,21.250,19.290,5697181;
sh603069:14.010,13.280,14.360,13.280,15432740;
sh600936:3.890,3.860,3.890,3.840,5139000;
sh601997:8.280,8.250,8.340,8.230,20982087;
sh601595:13.680,13.430,13.760,13.350,4822200;
sh603515:25.360,24.900,25.360,24.830,3329077;
sh603843:4.440,4.370,4.480,4.320,12419720;
sh601163:14.080,13.940,14.180,13.900,4769960;
sh603393:39.000,38.590,39.300,38.200,5384580;
sh603738:26.630,26.570,27.450,26.080,7950313;
sh601128:7.930,7.850,7.980,7.710,33836189;
sh603313:24.480,24.890,24.980,23.790,6046637;
sh600926:8.610,8.520,8.680,8.490,18232586;
sh603888:24.190,23.930,24.500,23.560,8534282;
sh603060:20.700,20.410,20.870,20.300,1833383;
sh603633:11.800,11.800,12.100,11.620,5398938;
sh603987:11.900,11.190,12.540,11.030,19974120;
sh603336:14.410,14.200,14.580,14.010,4957422;
sh603660:13.080,13.300,13.300,12.880,10745715;
sh603559:30.200,34.100,33.370,30.100,76471003;
sh603033:22.400,21.860,22.490,21.400,1933543;
sh603389:5.080,4.930,5.080,4.870,3110800;
sh603058:7.070,6.820,7.070,6.800,2024780;
sh603886:17.070,16.790,17.220,16.700,3199046;
sh603239:12.860,12.960,12.970,12.000,3592294;
sh601375:5.820,5.820,5.940,5.710,66922036;
sh603035:16.510,16.300,16.910,16.260,11586087;
sh603032:19.690,19.390,19.720,19.250,2993500;
sh603877:15.460,15.110,15.460,15.060,1079100;
sh603689:10.800,10.790,10.830,10.710,2096324;
sh603579:28.000,28.150,28.210,27.530,955812;
sh603639:25.310,25.300,25.670,25.110,1363313;
sh601858:10.500,10.420,10.520,10.280,2723289;
sh603638:32.060,31.140,32.390,30.990,1160327;
sh603429:36.670,36.000,36.890,35.610,2487513;
sh603966:10.200,10.080,10.400,10.000,3458317;
sh603089:12.620,12.550,12.740,12.450,1391925;
sh603360:29.280,28.820,29.280,28.450,1908614;
sh603677:11.580,11.890,11.640,11.490,2048858;
sh603637:13.970,13.800,13.980,13.800,783408;
sh601212:3.100,3.050,3.100,3.030,23032844;
sh603603:8.230,8.040,8.470,8.000,6145372;
sh603817:6.360,6.550,6.510,6.310,5583800;
sh603717:8.050,7.970,8.120,7.890,2768560;
sh603656:14.700,14.650,14.850,14.450,916888;
sh603133:21.210,21.200,21.400,20.940,3921600;
sh603811:24.240,23.790,24.500,23.760,1281225;
sh603955:16.330,16.350,16.480,16.060,1328458;
sh603908:24.240,23.800,24.400,23.500,473300;
sh603991:21.700,23.690,23.690,21.500,6363130;
sh603578:21.900,22.020,22.200,21.720,954892;
sh601366:6.100,6.040,6.160,6.010,15303693;
sh603787:13.820,13.660,13.920,13.510,3241400;
sh603320:16.160,16.290,17.000,16.110,1930665;
sh603906:9.980,9.880,10.090,9.760,2927048;
sh603586:17.620,17.150,17.620,17.120,1686800;
sh603538:29.110,29.190,30.960,28.980,11697805;
sh603385:10.310,10.330,10.430,10.180,2616957;
sh603178:9.500,9.300,9.590,9.250,3074900;
sh603238:26.880,26.160,27.630,25.600,4317999;
sh603229:23.610,22.930,23.990,22.500,806197;
sh603728:12.700,12.930,13.310,12.600,5023478;
sh603896:28.550,28.510,28.890,28.320,722000;
sh603488:8.560,8.440,8.570,8.350,2161100;
sh603197:30.560,30.480,30.980,30.140,3116280;
sh603580:12.000,11.810,12.000,11.600,1388260;
sh603200:43.330,43.610,45.390,41.760,3528940;
sh603042:22.500,24.530,24.530,22.500,31878338;
sh603536:13.280,13.230,13.760,12.850,5386937;
sh603326:18.400,18.250,18.400,17.910,2315140;
sh603316:9.850,9.990,10.270,9.850,4318831;
sh603335:4.370,4.420,4.430,4.290,8408386;
sh603380:17.600,17.800,17.990,17.460,3573307;
sh603286:16.600,17.100,16.770,16.360,2370981;
sh603938:31.190,31.200,31.880,30.620,3280300;
sh603331:16.470,17.050,16.600,16.300,2701127;
sh603933:14.100,14.390,14.600,14.030,2839889;
sh603595:34.800,33.100,34.800,32.810,3123101;
sh603612:13.390,12.800,13.530,12.640,7418567;
sh603676:10.720,11.030,11.000,10.610,11983501;
sh603063:9.090,8.950,9.220,8.860,4258532;
sh603233:57.510,56.670,59.100,55.000,2695825;
sh603357:10.530,10.710,10.630,10.360,5340614;
sh603860:26.900,26.670,27.480,26.100,389774;
sh603880:19.000,17.720,19.660,17.300,12707799;
sh603776:20.200,19.860,20.280,19.690,4088268;
sh603976:16.750,16.610,16.900,16.400,1936900;
sh603079:45.000,45.990,46.200,44.520,3605678;
sh603725:6.660,6.550,6.670,6.480,1858582;
sh603813:17.760,17.670,17.770,17.500,990780;
sh603136:23.280,22.750,23.280,22.520,1728326;
sh603378:30.000,29.420,30.700,29.070,898475;
sh603367:17.450,17.040,17.590,16.880,6179352;
sh603103:16.390,16.350,16.770,16.200,6239033;
sh603110:16.820,15.960,16.870,15.880,5425393;
sh603499:15.500,15.260,15.660,15.050,1394972;
sh603829:9.960,10.020,10.090,9.850,1166483;
sh603722:32.800,30.550,32.800,30.400,3196972;
sh603659:77.000,77.390,77.400,74.880,4797677;
sh603076:22.050,21.500,22.050,21.420,693507;
sh603661:37.780,37.630,37.780,37.060,920200;
sh601019:6.720,6.590,6.740,6.560,4066926;
sh603890:10.980,11.200,11.410,10.910,5958124;
sh603477:11.950,11.810,11.950,11.400,8343713;
sh603895:19.600,19.460,19.940,19.300,912217;
sh603516:42.390,43.550,43.690,42.100,2372361;
sh603871:28.480,27.890,28.480,27.680,984320;
sh603709:24.330,24.080,24.330,23.330,451296;
sh603712:26.650,26.200,27.290,25.870,7116786;
sh603059:27.020,26.750,27.990,26.410,3011958;
sh600929:5.930,5.870,5.960,5.840,7014303;
sh603897:17.600,17.520,17.850,17.350,1372645;
sh603301:51.200,51.210,51.210,48.000,28942543;
sh603773:35.340,36.110,36.500,35.030,2675666;
sh603666:91.500,92.000,92.210,89.880,636621;
sh601990:17.590,18.350,18.570,17.500,234106300;
sh603713:56.200,54.000,57.000,52.700,2767435;
sh601606:9.770,9.590,9.770,9.510,6800300;
sh603590:39.280,39.310,40.300,38.710,3439191;
sh603192:26.320,26.100,26.380,25.660,1510494;
sh601068:4.690,4.700,4.750,4.660,11024200;
sh603297:35.500,36.560,36.550,35.070,1770999;
sh603790:13.480,13.280,13.480,13.200,2183772;
