sh600010:1.190,1.190,1.200,1.170,359200735;
sh600010:1.190,1.190,1.200,1.170,359200735;
sh600048:15.050,15.260,15.530,15.030,95768234;
sh600053:27.000,27.910,28.150,26.780,8459163;
sh600061:13.970,14.350,14.360,13.760,47073462;
sh600063:4.200,4.600,4.600,4.120,124278845;
sh600071:10.780,10.740,10.880,10.250,3990712;
sh600076:3.950,3.940,3.990,3.840,17266782;
sh600077:2.840,2.890,2.910,2.810,8610070;
sh600078:5.020,5.120,5.140,4.940,27707040;
sh600079:14.250,14.540,14.730,14.200,21346238;
sh600081:11.900,13.270,12.300,11.750,23383883;
sh600082:3.550,3.520,3.560,3.410,6821857;
sh600090:4.420,4.600,4.630,4.380,44370117;
sh600101:6.230,6.200,6.270,6.090,7740326;
sh600111:9.810,9.790,9.930,9.500,76989779;
sh600113:6.450,6.450,6.460,6.230,9122205;
sh600115:4.730,4.760,4.760,4.610,94020861;
sh600120:10.310,10.510,10.600,10.130,51317023;
sh600146:12.850,14.180,13.560,12.820,19575246;
sh600151:4.510,4.710,4.700,4.500,24722367;
sh600156:5.900,6.130,6.130,5.590,71225979;
sh600160:8.530,9.610,9.470,8.450,248155500;
sh600161:35.000,35.990,36.300,34.780,18182658;
sh600162:2.050,2.060,2.060,2.000,22922863;
sh600169:1.990,2.010,2.000,1.950,21569209;
sh600175:1.580,1.650,1.590,1.520,148726880;
sh600197:14.000,14.050,14.120,13.640,7665556;
sh600199:5.400,5.420,5.440,5.270,9917585;
sh600200:8.810,9.650,9.500,8.810,133051650;
sh600203:7.160,7.290,7.400,6.820,26389092;
sh600206:16.040,16.610,16.480,15.160,114739095;
sh600207:4.720,4.760,4.750,4.470,13957391;
sh600208:3.410,3.410,3.440,3.270,176147344;
sh600213:8.500,9.370,8.890,8.390,24776849;
sh600218:10.950,11.010,11.180,10.530,27564096;
sh600221:1.660,1.880,1.680,1.630,437616309;
sh600223:8.900,8.380,8.970,8.200,76967552;
sh600226:2.900,2.900,2.930,2.770,78649754;
sh600227:2.720,2.700,2.720,2.600,14964425;
sh600235:4.830,4.850,4.950,4.700,14553098;
sh600236:4.510,4.480,4.530,4.460,4739797;
sh600242:8.090,8.110,8.220,7.700,24648012;
sh600246:5.390,5.470,5.500,5.300,6859710;
sh600262:16.260,15.930,16.260,15.690,1238860;
sh600266:7.300,7.310,7.390,7.180,14782005;
sh600267:15.480,16.290,16.590,15.210,95541767;
sh600268:5.040,5.140,5.160,4.900,17349295;
sh600278:10.170,10.140,10.210,10.050,8067554;
sh600279:3.890,3.870,3.890,3.760,7744532;
sh600283:9.180,9.080,9.220,8.890,2573817;
sh600285:9.680,9.660,9.860,9.420,19157855;
sh600288:12.910,13.440,13.520,12.800,15981658;
sh600291:8.180,8.100,8.270,7.970,19321069;
sh600293:3.050,3.060,3.090,2.820,34323777;
sh600300:3.000,3.000,3.020,2.940,24487650;
sh600310:4.030,4.040,4.080,3.930,9833029;
sh600311:3.310,3.400,3.380,3.220,86278826;
sh600313:3.080,3.100,3.110,3.000,41452223;
sh600317:2.230,2.240,2.240,2.200,18212288;
sh600322:2.570,2.590,2.590,2.520,19597014;
sh600323:19.000,19.100,19.070,18.480,11654176;
sh600326:6.930,6.910,6.950,6.650,22321445;
sh600336:5.050,5.420,5.310,5.000,39473521;
sh600337:4.360,4.480,4.470,4.310,22492253;
sh600338:10.740,10.720,10.900,10.410,13686454;
sh600339:2.840,2.870,2.880,2.810,46554571;
sh600351:5.630,5.740,5.740,5.550,14997416;
sh600353:5.900,5.980,6.050,5.620,23091803;
sh600354:5.040,5.020,5.070,4.880,41969139;
sh600355:3.510,3.690,3.580,3.380,40977560;
sh600360:10.170,11.330,11.150,10.080,186775807;
sh600363:15.680,15.650,15.940,14.940,25305146;
sh600366:6.330,6.400,6.430,6.090,42514254;
sh600371:12.640,12.530,12.670,12.000,19631470;
sh600375:4.270,4.500,4.330,4.190,24568462;
sh600381:5.010,5.030,5.060,4.900,5727161;
sh600392:7.910,7.910,7.960,7.690,34510175;
sh600393:2.670,2.710,2.690,2.580,29592824;
sh600398:6.940,6.940,6.990,6.840,12858433;
sh600419:11.650,11.540,11.660,11.220,5596914;
sh600425:3.730,3.730,3.780,3.610,33901637;
sh600429:4.950,4.930,4.970,4.850,4832464;
sh600449:10.610,10.650,10.710,10.300,13926239;
sh600455:29.050,29.120,29.450,27.610,6204884;
sh600463:6.350,6.250,6.350,6.000,3709597;
sh600466:6.480,6.590,6.690,6.440,30749208;
sh600467:2.270,2.270,2.270,2.170,25740188;
sh600476:14.650,14.470,14.690,13.920,9132445;
sh600478:4.800,5.120,4.890,4.740,89584878;
sh600479:9.280,9.500,9.580,9.230,20568464;
sh600480:10.060,11.740,10.350,11.080,45868999;
sh600481:3.220,3.280,3.260,3.120,21883521;
sh600488:4.720,5.280,5.010,4.720,60171549;
sh600495:3.940,3.920,3.970,3.820,17428693;
sh600499:5.180,5.320,5.200,5.000,41648536;
sh600501:8.820,8.880,8.930,8.510,11830987;
sh600503:3.440,3.470,3.510,3.360,69367883;
sh600505:8.950,9.060,9.100,8.690,6024215;
sh600506:9.500,9.190,9.500,8.910,5035632;
sh600517:7.370,7.400,7.450,7.030,32754668;
sh600520:11.100,11.020,11.310,10.800,4493045;
sh600525:5.510,5.750,5.660,5.440,33036367;
sh600526:5.170,5.130,5.200,5.050,6793462;
sh600527:3.200,3.250,3.250,3.010,214411407;
sh600530:4.190,4.200,4.230,4.060,11784303;
sh600533:3.040,3.050,3.060,3.000,14252759;
sh600537:3.190,3.300,3.240,3.120,24855566;
sh600549:12.500,12.910,12.690,12.190,25084430;
sh600559:9.680,9.670,9.740,9.440,20801368;
sh600562:15.300,15.500,15.500,14.700,15891624;
sh600568:1.700,1.800,1.830,1.680,120000714;
sh600573:5.930,5.950,6.000,5.780,3438801;
sh600587:18.510,18.900,19.450,18.110,24794797;
sh600593:39.800,39.650,39.970,39.310,1141220;
sh600596:9.490,9.430,9.530,9.240,22427074;
sh600601:3.600,3.730,3.760,3.540,75863760;
sh600602:9.220,9.290,9.340,8.850,36047228;
sh600603:5.120,5.190,5.250,5.010,11498693;
sh600604:7.980,7.940,8.070,7.610,37075511;
sh600613:7.840,8.300,8.290,7.720,24453884;
sh600623:6.030,6.010,6.070,5.900,12524266;
sh600624:10.600,10.570,10.750,10.120,67937012;
sh600626:6.630,6.970,6.850,6.600,51307590;
sh600628:8.360,8.380,8.430,8.300,1492701;
sh600630:9.500,9.370,9.870,8.970,47950739;
sh600638:5.850,5.820,5.860,5.620,4139925;
sh600639:12.910,12.930,13.070,12.730,2555991;
sh600640:22.650,24.700,25.200,22.440,34731417;
sh600641:28.400,28.400,29.880,26.400,52247651;
sh600644:5.140,5.130,5.190,5.020,4027481;
sh600645:17.580,18.000,18.180,17.480,9911394;
sh600647:12.800,12.860,12.950,12.300,2360564;
sh600649:5.180,5.310,5.360,5.160,14634429;
sh600651:3.890,3.970,3.970,3.790,23882503;
sh600661:20.610,21.080,21.450,19.890,12194689;
sh600662:4.110,4.100,4.130,4.020,11120690;
sh600668:14.540,14.650,14.730,14.170,16294251;
sh603179:22.890,23.900,23.470,22.500,2749961;
sh600671:12.300,12.330,12.430,11.910,3603020;
sh600677:5.050,5.020,5.100,4.900,32300596;
sh600678:7.250,7.290,7.390,6.980,32838331;
sh600682:9.490,9.390,9.490,9.120,19191362;
sh600683:3.830,3.920,3.940,3.830,4434514;
sh600684:3.210,3.230,3.250,3.110,8494119;
sh600689:8.720,8.660,8.830,8.320,4314856;
sh600693:4.960,4.920,4.960,4.770,5891593;
sh600695:8.920,9.270,9.300,8.620,62196857;
sh600697:15.560,15.540,15.580,15.280,2933805;
sh600706:7.510,7.510,7.560,7.350,2607444;
sh600708:3.030,3.030,3.030,2.960,21244895;
sh600711:4.900,4.960,4.940,4.850,54093812;
sh600712:6.900,6.900,6.990,6.620,52221952;
sh600716:3.870,3.970,3.960,3.850,7567713;
sh600719:4.140,4.120,4.170,4.010,4945176;
sh600724:3.200,3.200,3.220,3.090,5425959;
sh600730:4.950,4.990,5.000,4.700,17037638;
sh600734:5.560,5.640,5.790,5.350,33819399;
sh600736:5.510,5.600,5.590,5.380,24073263;
sh600737:8.640,8.650,8.720,8.460,27287371;
sh600744:2.300,2.270,2.300,2.210,11641972;
sh600746:7.670,7.830,7.870,7.490,12037229;
sh600748:5.080,5.060,5.100,4.890,17529953;
sh603893:43.770,43.770,43.770,43.770,219105;
sh600755:6.760,6.740,6.840,6.580,26447760;
sh600756:22.800,22.980,23.170,21.660,29740415;
sh600764:30.100,31.020,30.700,29.200,5881287;
sh600770:5.820,5.940,5.930,5.520,51889731;
sh600771:15.360,15.310,15.570,14.780,12126937;
sh600773:5.800,6.230,5.820,5.550,30216525;
sh600777:1.940,1.960,1.950,1.900,122636011;
sh600783:14.460,14.680,14.740,14.010,15492845;
sh600784:4.610,4.560,4.620,4.460,6295058;
sh600785:13.900,13.970,13.990,13.790,985047;
sh600796:5.490,5.520,5.530,5.310,7506184;
sh600800:5.150,5.190,5.190,4.960,14396100;
sh600802:10.100,10.110,10.280,10.040,33995393;
sh600808:2.720,2.700,2.720,2.660,28583941;
sh600818:11.070,11.150,11.260,10.770,2490188;
sh600819:5.200,5.390,5.380,5.100,17051138;
sh600821:4.150,4.130,4.150,3.910,6785397;
sh600822:9.500,9.680,9.720,9.310,7700800;
sh600824:3.120,3.110,3.130,3.050,6716739;
sh600825:5.040,5.050,5.060,4.840,13138423;
sh600828:4.000,4.160,4.040,3.920,14316637;
sh600829:8.130,9.030,8.780,8.070,29726257;
sh600830:5.190,5.220,5.230,4.990,9991890;
sh600831:10.540,10.670,10.880,10.010,63536445;
sh600833:10.360,10.690,10.750,10.150,7527844;
sh600834:6.430,6.390,6.470,6.220,3476903;
sh600836:4.450,4.480,4.450,4.280,12102134;
sh600838:5.470,5.470,5.500,5.330,5174276;
sh600841:6.440,6.460,6.480,6.240,2224641;
sh600843:7.520,7.900,7.550,7.310,5158814;
sh600846:9.170,9.270,9.320,8.850,26181367;
sh600851:8.040,8.720,8.560,7.980,17832496;
sh600853:3.080,3.070,3.160,2.990,13237880;
sh600854:3.500,3.530,3.540,3.410,4898199;
sh600855:12.000,11.870,12.000,11.410,9736826;
sh600857:9.450,9.550,9.500,9.330,1417209;
sh600860:5.050,4.910,5.050,4.720,5363357;
sh600861:9.500,9.910,10.000,9.440,5952051;
sh600862:12.850,13.080,13.180,12.280,32372411;
sh600864:7.500,7.860,7.830,7.370,79750735;
sh600865:6.050,6.000,6.070,5.890,4665654;
sh600866:5.660,6.110,6.180,5.590,87826673;
sh600867:12.120,12.240,12.480,12.000,47831254;
sh600868:3.220,3.290,3.280,3.200,40134116;
sh600869:4.200,4.210,4.270,4.100,41173253;
sh600871:2.180,2.170,2.190,2.120,41414858;
sh600874:6.950,6.960,7.000,6.820,13338111;
sh600876:15.300,16.500,16.470,15.210,22376451;
sh600879:7.230,8.020,7.480,7.200,200248860;
sh600880:3.890,3.840,3.890,3.710,25425051;
sh600882:17.400,17.700,17.880,17.150,2636847;
sh600885:38.500,38.850,38.500,37.010,14928734;
sh600888:5.280,5.590,5.590,5.200,79757814;
sh600889:4.730,4.830,4.770,4.600,6769233;
sh600894:7.180,7.250,7.310,7.010,9347181;
sh600898:7.340,7.410,7.500,7.180,6853720;
sh600917:6.630,6.570,6.630,6.400,5641813;
sh600959:3.950,3.900,3.970,3.850,28547993;
sh600962:7.350,7.250,7.350,7.080,3687141;
sh600965:7.590,7.690,7.740,7.510,7708166;
sh600966:7.170,7.180,7.210,7.040,28439789;
sh600973:4.250,4.430,4.420,4.200,42947386;
sh600976:17.540,18.020,18.180,17.320,6076184;
sh600980:13.330,13.350,13.420,12.890,5739989;
sh600981:3.370,3.360,3.390,3.270,10370465;
sh600982:2.760,2.740,2.760,2.660,6762800;
sh600983:4.470,4.450,4.490,4.320,2671878;
sh600986:4.480,4.520,4.550,4.280,84919077;
sh600988:8.850,9.280,9.540,8.810,255061053;
sh600990:47.290,47.470,47.420,45.330,3518940;
sh600992:6.300,6.220,6.300,6.040,2536800;
sh601002:5.670,5.730,5.790,5.600,14622090;
sh601008:3.500,3.470,3.500,3.380,13796462;
sh601016:2.300,2.300,2.310,2.220,37591967;
sh601069:16.000,16.110,16.200,15.800,46266193;
sh601100:54.500,55.220,56.870,53.390,4544423;
sh601106:2.750,2.730,2.750,2.670,35358646;
sh601118:4.500,4.560,4.560,4.440,27773602;
sh601126:5.450,5.470,5.540,5.310,5030825;
sh601168:6.410,6.400,6.480,6.260,39274383;
sh601199:4.010,3.980,4.020,3.880,8917004;
sh601222:5.420,5.450,5.520,5.270,46532937;
sh601226:3.900,3.880,3.900,3.770,5688901;
sh601233:13.730,14.070,13.970,13.660,36617417;
sh601311:9.980,10.640,10.080,10.020,42629507;
sh601339:3.710,3.690,3.740,3.620,8211658;
sh601388:1.750,1.770,1.760,1.680,41274968;
sh601515:6.300,6.410,6.430,6.200,7800292;
sh601567:8.160,8.190,8.250,7.800,12754467;
sh601608:3.790,3.890,3.870,3.660,45806311;
sh601616:3.030,3.230,3.080,2.890,35459124;
sh601677:11.330,11.370,11.450,11.060,7946647;
sh601689:23.500,24.660,23.980,23.100,36342712;
sh601700:5.930,5.850,5.960,5.590,40211894;
sh601727:4.700,4.680,4.720,4.560,33460492;
sh601789:3.900,3.930,3.950,3.750,28717033;
sh601799:94.500,95.360,96.440,93.000,2255168;
sh601818:3.860,3.850,3.870,3.820,133728943;
sh601866:2.210,2.200,2.220,2.140,57910200;
sh601958:6.850,6.880,6.920,6.690,29805811;
sh601968:4.770,4.710,4.770,4.570,6717898;
sh601996:2.620,2.620,2.630,2.540,15080987;
sh603002:4.880,4.970,4.990,4.690,28810873;
sh603003:7.420,8.180,7.430,7.210,15160116;
sh603006:11.840,13.010,13.010,11.620,13297630;
sh603009:7.750,8.600,8.510,7.750,49900862;
sh603010:15.760,16.180,15.930,15.200,22430155;
sh603015:5.990,6.020,6.090,5.780,4205237;
sh603017:9.710,9.700,9.710,9.400,2582039;
sh603018:9.720,9.800,9.750,9.510,4875206;
sh603020:8.000,7.960,8.030,7.730,4502851;
sh603021:6.730,6.780,6.830,6.420,3989560;
sh603022:17.200,17.290,17.720,16.840,5024966;
sh603023:4.660,5.190,5.190,4.600,26421897;
sh603025:8.900,9.010,9.060,8.660,6006152;
sh603085:7.030,7.210,7.210,6.810,6743306;
sh603088:8.960,8.950,9.040,8.680,2773414;
sh603099:8.610,8.670,8.770,8.520,4210162;
sh603108:11.250,11.390,11.500,11.020,14520931;
sh603111:6.030,6.210,6.350,6.000,25193776;
sh603116:5.990,6.140,6.050,5.920,5355997;
sh603117:3.660,3.720,3.700,3.560,12652713;
sh603123:6.950,7.400,7.180,6.810,9383343;
sh603126:4.400,4.390,4.420,4.280,6232301;
sh603158:29.000,29.570,29.970,28.070,9499168;
sh603168:9.010,9.130,9.220,8.870,8590715;
sh603222:52.580,52.100,52.600,51.700,908513;
sh603227:4.360,4.390,4.420,4.210,15809179;
sh603268:15.480,15.410,15.550,15.010,2217879;
sh603299:6.300,6.250,6.330,6.110,9296935;
sh603300:7.510,7.660,7.800,7.330,23536048;
sh603308:20.710,21.000,21.500,20.200,14229955;
sh603318:9.540,9.540,9.640,9.210,15676002;
sh603333:7.410,7.480,7.530,7.210,14638199;
sh603366:6.980,6.950,7.050,6.660,51098023;
sh603456:19.960,21.260,21.000,19.480,36041820;
sh603508:59.400,59.600,60.500,56.710,4562035;
sh603519:13.100,13.000,13.290,12.470,3331711;
sh603566:16.520,18.480,18.480,16.430,13746934;
sh603568:27.500,27.180,27.680,26.500,7836326;
sh603600:12.180,12.250,12.470,11.700,6695087;
sh603601:12.130,12.100,12.880,11.680,87973042;
sh603609:11.620,11.640,11.760,11.330,9440209;
sh603611:21.500,21.550,21.980,20.500,9383019;
sh603616:7.100,7.100,7.140,6.950,4550800;
sh603618:5.460,5.510,5.520,5.210,19701043;
sh603688:30.700,29.900,31.420,28.610,17687225;
sh603703:16.000,16.420,16.690,15.710,6256174;
sh603789:13.790,13.660,13.900,13.580,5040003;
sh603800:11.330,11.430,11.450,11.110,3075651;
sh603808:13.030,13.100,13.110,12.720,7359289;
sh603818:7.200,7.240,7.260,7.050,2141700;
sh603838:8.070,8.060,8.110,7.880,3385600;
sh603918:12.200,12.260,12.260,11.650,9339994;
sh603936:25.310,25.940,26.230,24.030,33270052;
sh603968:14.650,15.000,15.200,14.570,2618100;
sh603989:28.870,30.630,29.700,27.990,7317517;
sh603997:8.290,8.800,8.430,8.180,10497193;
sh603998:7.480,7.540,7.630,7.330,9959847;
sh603999:7.230,7.220,7.330,6.930,17454274;
sh600127:4.880,4.940,4.980,4.750,55876072;
sh603377:17.070,16.900,17.090,16.490,3405436;
sh601900:11.060,11.490,11.430,10.900,24514597;
sh603919:15.050,15.010,15.100,14.500,6282528;
sh603861:7.980,8.340,8.070,7.780,4503411;
sh603028:10.710,10.810,10.900,10.550,2759101;
sh603798:10.480,10.440,10.570,10.090,4669280;
sh603701:12.600,12.860,12.780,12.210,8320128;
sh603726:22.000,22.660,22.900,21.190,5842639;
sh603528:8.450,8.910,9.100,8.250,34973276;
sh603339:12.750,12.890,12.960,12.600,2372034;
sh603131:24.000,24.970,24.500,22.980,12300281;
sh603016:16.670,16.380,16.670,15.810,2913588;
sh603069:12.720,12.980,12.990,11.960,11534900;
sh600936:4.010,3.960,4.030,3.810,16755965;
sh601997:8.620,8.620,8.660,8.500,22054399;
sh601595:13.210,13.200,13.350,12.730,3927989;
sh603515:26.380,26.410,26.750,25.830,5337653;
sh603843:4.140,4.140,4.170,4.010,9611484;
sh601163:14.210,14.370,14.430,14.010,9073295;
sh603393:34.840,36.320,36.360,34.760,7378731;
sh603738:33.910,37.200,34.130,31.510,22671868;
sh601128:8.100,8.160,8.280,8.050,40730529;
sh603313:28.680,31.100,31.150,28.550,8761768;
sh600926:8.750,8.720,8.820,8.660,22563610;
sh603888:29.020,28.760,29.380,27.100,25205139;
sh603060:20.760,20.670,20.910,20.160,3897077;
sh603633:12.070,12.150,12.300,11.660,7405380;
sh603987:10.180,10.320,10.700,10.000,15511605;
sh603336:15.210,16.530,15.950,15.080,23501270;
sh603660:15.300,15.860,16.400,14.710,49720835;
sh603559:18.300,19.300,18.900,17.800,17419230;
sh603033:21.250,21.820,21.990,20.650,3575003;
sh603389:4.990,4.990,4.990,4.820,3671796;
sh603058:6.900,6.860,6.950,6.530,3250868;
sh603886:16.280,16.320,16.520,16.030,3562735;
sh603239:11.670,11.510,11.670,10.960,3594900;
sh601375:5.550,5.900,5.790,5.490,110681555;
sh603035:14.470,14.560,14.580,13.710,16509008;
sh603032:20.150,20.100,20.390,19.770,4346446;
sh603877:15.040,15.440,15.580,15.020,1314991;
sh603689:10.510,10.590,10.620,10.450,3966284;
sh603579:29.010,29.290,29.460,28.520,1956608;
sh603639:25.750,25.560,25.770,24.880,3061462;
sh601858:11.530,11.600,11.800,11.210,5913195;
sh603638:31.000,32.100,31.670,30.760,2191702;
sh603429:48.380,46.980,48.380,45.260,4700627;
sh603966:10.240,10.270,10.360,10.110,4859724;
sh603089:13.450,13.390,13.750,12.770,2482591;
sh603360:32.960,32.550,32.960,31.030,3433920;
sh603677:11.620,11.900,12.110,11.620,2147848;
sh603637:14.390,14.330,14.400,14.060,1692339;
sh601212:3.440,3.470,3.480,3.360,69808616;
sh603603:7.930,7.870,7.930,7.560,7046554;
sh603817:6.130,6.070,6.130,5.910,3621747;
sh603717:8.050,8.000,8.050,7.730,5065829;
sh603656:14.430,14.470,14.580,14.000,1437568;
sh603133:26.800,30.130,29.500,26.610,21891578;
sh603811:26.650,27.470,27.980,26.500,5257844;
sh603955:15.510,15.480,15.570,14.930,1200078;
sh603908:23.500,23.730,23.780,23.000,683800;
sh603991:16.560,16.730,16.720,15.660,1503800;
sh603578:23.160,22.600,23.160,21.520,3609904;
sh601366:5.360,5.370,5.410,5.220,8927785;
sh603787:15.260,16.740,16.240,15.240,13489825;
sh603320:16.360,16.570,16.750,15.770,1403800;
sh603906:10.380,10.210,10.380,10.100,7918844;
sh603586:17.950,18.040,18.100,17.430,3626351;
sh603538:24.350,24.620,24.880,24.010,4851284;
sh603385:9.900,9.970,10.030,9.750,5041869;
sh603178:10.300,10.300,10.390,10.050,7468066;
sh603238:25.500,26.880,27.900,25.260,8631767;
sh603229:25.000,26.560,26.280,24.820,3589642;
sh603728:13.190,14.280,13.970,13.100,12789412;
sh603896:29.830,29.800,30.130,29.300,1401629;
sh603488:8.320,8.530,8.370,8.190,2954600;
sh603197:37.000,40.680,41.900,36.700,13197589;
sh603580:11.610,11.600,11.690,11.180,1903313;
sh603200:35.040,35.040,35.040,33.010,6325139;
sh603042:15.960,17.160,17.190,15.870,12856197;
sh603536:15.430,15.100,15.430,14.420,17504860;
sh603326:17.240,17.610,17.450,17.040,2239400;
sh603316:8.190,8.280,8.250,7.900,2664723;
sh603335:4.430,4.460,4.470,4.250,9561077;
sh603380:17.350,18.390,17.780,16.680,7461714;
sh603286:17.230,17.380,17.350,16.500,4128132;
sh603938:33.980,34.360,35.390,32.220,5881221;
sh603331:15.600,15.880,16.100,15.350,965805;
sh603933:15.200,15.900,15.750,14.900,7731872;
sh603595:35.000,36.850,36.850,34.100,12251866;
sh603612:12.940,12.870,13.070,12.320,7908635;
sh603676:10.400,10.580,10.720,10.310,3487704;
sh603063:9.010,9.160,9.050,8.710,4603905;
sh603233:54.090,54.060,55.650,53.560,4392806;
sh603357:9.600,9.580,9.700,9.310,5510425;
sh603860:25.880,26.210,26.560,25.520,531664;
sh603880:17.570,18.050,18.050,17.060,19966702;
sh603776:21.000,20.950,21.000,20.200,7575194;
sh603976:17.670,19.400,19.780,17.400,10274523;
sh603079:61.330,59.310,61.330,56.020,6930397;
sh603725:6.560,6.520,6.570,6.260,2730119;
sh603813:17.750,17.950,17.880,17.200,1069336;
sh603136:23.600,24.220,23.950,23.400,1543333;
sh603378:26.850,27.630,28.000,26.000,2592501;
sh603367:17.160,17.800,17.880,17.080,10342751;
sh603103:15.690,15.780,15.820,15.030,7571814;
sh603110:16.530,17.200,17.350,16.340,5776356;
sh603499:15.150,15.290,15.350,14.900,1493960;
sh603829:9.780,9.720,9.810,9.510,1684700;
sh603722:37.180,39.700,38.210,35.260,4072950;
sh603659:95.000,103.000,103.500,100.000,5720904;
sh603076:21.430,21.660,22.110,21.000,627100;
sh603661:38.630,38.800,39.080,38.050,1206876;
sh601019:6.550,6.530,6.570,6.430,10631726;
sh603890:11.500,12.260,12.530,11.410,16074524;
sh603477:11.440,12.310,11.620,11.350,14565516;
sh603895:20.360,20.300,20.620,19.760,1696577;
sh603516:52.000,54.430,54.880,50.000,4339506;
sh603871:29.980,30.240,30.280,29.530,1563238;
sh603709:22.950,23.200,23.220,22.600,1094062;
sh603712:27.260,28.380,28.810,27.010,12578854;
sh603059:25.260,24.860,25.420,24.180,2549925;
sh600929:6.160,6.090,6.160,5.930,10228611;
sh603897:17.700,18.000,17.990,17.260,3131990;
sh603301:41.800,42.340,42.340,39.000,20651934;
sh603773:38.500,39.400,39.690,37.510,6978410;
sh603666:99.490,110.820,105.800,100.370,1758895;
sh601990:14.100,14.250,14.570,13.500,189043575;
sh603713:46.120,49.090,48.900,46.120,3609824;
sh601606:10.400,10.410,10.430,10.070,15026287;
sh603590:37.920,38.600,39.500,37.610,3720477;
sh603192:25.800,25.830,25.990,25.030,1614845;
sh601068:4.690,4.690,4.730,4.530,14494600;
sh603297:41.530,42.910,44.700,40.150,6939941;
sh603790:14.020,14.020,14.160,13.660,4457144;
sh603583:57.720,55.000,57.720,52.550,6256575;
sh601975:2.500,2.490,2.510,2.440,60861534;
sh603629:26.130,26.360,26.630,25.300,1918740;
sh603185:43.450,43.860,44.400,41.500,3698367;
sh601298:6.080,6.180,6.090,5.930,21425098;
sh603700:34.850,34.570,35.790,33.010,4830672;
sh601615:11.950,11.860,12.000,11.490,25492264;
sh601865:15.210,15.350,15.420,14.650,11971113;
sh603317:40.810,41.580,41.980,40.000,2035692;
sh603697:12.100,12.170,12.260,11.820,4819352;
sh603982:16.730,17.500,16.970,16.350,8957558;
sh603327:32.800,33.220,33.630,31.400,10660630;
sh603915:13.040,13.240,13.180,12.790,4113597;
sh601236:22.680,24.790,23.680,21.660,132432589;
sh603530:18.800,19.160,19.220,18.300,4567736;
sh603115:21.840,23.160,23.480,21.600,19938219;
sh603992:16.980,17.010,17.260,16.620,2867200;
sh603755:41.720,42.460,42.650,41.700,807930;
sh600000:11.070,11.090,11.150,11.010,48324564;
sh600004:15.940,15.830,16.150,15.630,19639180;
sh600006:4.240,4.540,4.320,4.200,52593668;
sh600007:14.840,14.540,14.840,14.320,3733849;
sh600008:3.330,3.350,3.370,3.270,42506384;
sh600009:68.170,68.600,68.870,67.870,20522946;
sh600011:4.860,4.860,4.880,4.810,31904675;
sh600012:5.400,5.370,5.400,5.250,4541797;
sh600015:7.090,7.070,7.110,7.030,27548830;
sh600016:5.810,5.810,5.830,5.780,98034804;
sh600017:2.620,2.620,2.630,2.570,19703117;
sh600018:4.650,4.690,4.680,4.570,60610548;
sh600019:5.240,5.230,5.290,5.200,78198423;
sh600020:3.950,3.950,3.970,3.890,24914399;
sh600021:7.340,7.250,7.390,7.190,9104647;
sh600023:3.540,3.530,3.550,3.510,23170583;
sh600026:5.730,5.720,5.730,5.620,30858675;
sh600027:3.330,3.320,3.350,3.290,34061496;
sh600028:4.670,4.660,4.690,4.640,145495444;
sh600029:5.920,6.030,6.000,5.870,70614721;
sh600030:24.510,25.210,24.990,24.030,328099772;
sh600031:16.900,16.830,17.070,16.440,95215846;
sh600033:2.830,2.830,2.840,2.810,8814523;
sh600035:3.080,3.210,3.120,3.060,28838967;
sh600036:34.810,34.630,35.080,34.500,87373432;
sh600037:10.080,10.210,10.210,10.020,32884898;
sh600038:43.470,42.980,43.840,41.610,11093551;
sh600050:5.780,5.800,5.880,5.600,289971792;
sh600054:8.280,8.330,8.370,8.200,5442483;
sh600055:13.010,13.200,13.580,12.650,21185597;
sh600056:15.360,15.800,16.150,15.300,42687878;
sh600057:4.070,4.110,4.140,3.990,23154110;
sh600059:8.080,8.030,8.290,7.900,14980873;
sh600060:12.080,12.040,12.300,11.590,35932063;
sh600062:13.600,14.040,14.090,13.560,22251166;
sh600064:9.190,9.230,9.240,9.000,25812210;
sh600066:15.160,16.250,16.100,15.110,50867007;
sh600068:5.980,5.940,6.010,5.850,50093856;
sh600072:12.700,12.580,12.750,12.060,31953227;
sh600073:7.660,7.620,7.720,7.450,19690441;
sh600075:5.010,5.060,5.090,4.880,12897051;
sh600085:27.360,27.570,27.950,27.210,14340206;
sh600089:6.300,6.290,6.330,6.180,36929172;
sh600093:14.820,15.170,15.350,14.520,49842974;
sh600097:9.210,9.380,9.420,9.130,2802751;
sh600098:6.160,6.080,6.160,5.980,5572012;
sh600100:10.110,10.160,10.280,10.050,136905773;
sh600104:23.500,23.680,23.560,23.020,25137632;
sh600105:5.610,5.610,5.610,5.610,48970196;
sh600106:2.750,2.730,2.760,2.690,12556919;
sh600109:10.890,11.530,11.700,10.750,233876529;
sh600114:14.800,14.300,15.070,13.730,81038322;
sh600116:7.990,8.020,8.080,7.840,17487482;
sh600118:37.510,40.000,38.070,37.080,77481900;
sh600125:5.200,5.190,5.260,5.060,20643477;
sh600126:5.290,5.650,5.530,5.230,98252288;
sh600129:12.460,12.800,12.840,12.300,9801944;
sh600131:21.500,21.510,22.880,20.000,41222830;
sh600132:46.780,47.280,48.230,46.780,3868919;
sh600133:4.930,4.960,5.020,4.820,13603292;
sh600138:10.540,10.660,10.700,10.400,25157490;
sh600141:10.870,11.410,11.030,10.580,49080929;
sh600143:9.400,10.530,10.350,10.230,234799483;
sh600150:19.990,19.900,20.120,19.320,19864508;
sh600153:7.950,7.930,8.070,7.830,21066864;
sh600158:9.330,9.340,9.420,9.030,19013321;
sh600170:3.290,3.280,3.310,3.240,45125719;
sh600171:22.470,22.790,23.130,20.890,85244255;
sh600176:9.750,9.680,9.820,9.540,69188578;
sh600177:6.740,6.760,6.790,6.690,24534213;
sh600183:32.010,33.690,34.270,30.380,130993795;
sh600195:11.560,12.970,12.400,11.540,71385470;
sh600196:26.780,29.310,28.430,26.630,108967314;
sh600216:14.450,14.960,15.080,14.350,51123988;
sh600217:5.860,5.900,5.940,5.720,26125895;
sh600219:2.190,2.170,2.190,2.130,142465585;
sh600233:13.860,14.380,14.340,13.720,33143817;
sh600252:3.200,3.320,3.300,3.170,65734470;
sh600256:2.900,2.890,2.920,2.820,67780202;
sh600258:16.780,17.180,17.050,16.700,16925913;
sh600260:14.670,15.870,15.540,14.630,112186928;
sh600261:4.190,4.180,4.230,4.060,27787553;
sh600269:3.730,3.730,3.730,3.660,12251272;
sh600271:24.010,23.950,24.240,23.150,42718741;
sh600276:87.370,88.310,89.990,87.200,23184351;
sh600284:6.370,6.360,6.410,6.230,14293860;
sh601658:5.480,5.500,5.490,5.460,81734852;
sh600969:6.060,6.090,6.120,5.950,4431204;
sh600297:3.630,3.890,3.710,3.600,86360639;
sh600298:29.000,30.790,29.490,28.900,36295013;
sh600299:10.920,10.870,10.980,10.710,9951599;
sh600305:17.860,18.480,18.650,17.600,20834841;
sh600309:49.000,48.770,49.390,48.000,28189659;
sh600312:6.200,6.190,6.270,5.990,19029292;
sh600315:27.330,26.890,27.420,26.370,11098924;
sh600316:13.650,13.830,13.870,13.300,19849195;
sh600320:3.340,3.330,3.360,3.290,14625472;
sh600325:6.750,6.870,6.930,6.720,25643775;
sh600332:36.100,36.410,36.970,35.920,21835031;
sh600340:24.000,24.060,24.380,23.740,14346642;
sh600343:9.000,9.140,9.100,8.730,17184202;
sh600345:21.910,22.950,22.950,21.550,15127253;
sh600350:4.250,4.270,4.280,4.220,11735618;
sh600352:13.580,13.610,13.740,13.260,87976306;
sh600361:3.680,3.680,3.690,3.530,11196082;
sh600362:14.600,14.550,14.690,14.190,42074808;
sh600369:5.180,5.590,5.490,5.150,190718137;
sh600372:14.400,14.530,14.500,13.990,17853422;
sh600376:6.800,6.820,6.890,6.680,15326471;
sh600377:10.270,10.260,10.330,10.200,7857852;
sh600380:11.440,11.700,11.900,11.180,59346789;
sh600383:13.320,13.610,13.920,13.320,33471602;
sh600388:11.010,10.960,11.140,10.750,13851595;
sh600390:8.110,8.230,8.210,7.950,29880956;
sh600391:17.800,18.300,18.120,16.800,33681300;
sh600406:19.770,19.310,19.770,18.720,35136731;
sh600410:11.750,11.890,12.070,11.200,129222702;
sh600418:4.730,5.350,4.880,4.690,51143475;
sh600420:9.710,10.130,10.140,10.050,22174617;
sh600422:10.980,11.470,11.430,10.860,47184306;
sh600428:3.280,3.270,3.290,3.210,13913858;
sh600435:8.590,8.650,8.590,8.000,38847262;
sh600436:124.100,125.000,125.940,122.030,5881099;
sh600439:3.200,3.180,3.220,3.080,29447409;
sh600446:21.850,22.120,22.420,20.690,67552590;
sh600452:18.780,19.050,19.170,18.200,7673056;
sh600460:20.010,19.960,20.490,18.790,164547176;
sh600477:4.200,4.610,4.370,4.140,94256698;
sh600482:18.290,18.150,18.290,17.610,6821764;
sh600483:8.220,8.310,8.340,8.130,10979785;
sh600486:67.140,67.550,68.500,66.100,6139308;
sh600487:17.290,18.040,18.070,16.810,113795775;
sh600489:8.780,8.800,8.850,8.610,109431518;
sh600496:3.390,3.560,3.510,3.350,51366602;
sh600497:3.870,3.870,3.880,3.750,52105727;
sh600498:30.000,31.090,31.470,28.750,106497557;
sh600500:5.820,5.810,5.920,5.700,31532435;
sh600507:9.070,9.060,9.080,8.800,17218432;
sh600511:28.000,28.170,28.700,27.700,9856206;
sh600516:10.900,10.950,11.070,10.640,100530095;
sh600519:1078.000,1074.810,1082.090,1067.880,3838562;
sh600522:8.880,9.560,9.320,8.680,243329115;
sh600529:35.620,36.240,37.000,35.370,4649030;
sh600535:15.860,16.320,16.410,15.810,33199343;
sh600536:92.980,94.120,95.000,86.970,49082039;
sh600545:5.720,5.710,5.780,5.570,15193055;
sh600547:37.350,37.200,38.080,37.010,120001090;
sh600548:9.900,9.910,9.980,9.850,6506987;
sh600557:14.150,14.480,14.650,14.100,9643249;
sh600563:61.000,62.770,62.500,59.500,7683507;
sh600565:2.960,2.970,2.990,2.910,24737970;
sh600566:24.850,24.980,25.540,24.660,9198458;
sh600570:99.990,101.540,102.760,100.500,27749588;
sh600571:10.990,11.200,11.240,10.560,28438243;
sh600572:6.250,6.300,6.420,6.180,73483697;
sh600577:3.200,3.320,3.370,3.140,115326571;
sh600578:2.830,2.860,2.860,2.830,6718094;
sh600580:14.480,15.250,14.790,14.170,67939809;
sh600582:3.090,3.110,3.150,3.030,50459802;
sh600583:6.590,6.510,6.590,6.300,40372158;
sh600584:32.770,35.080,34.990,31.700,137086293;
sh600585:51.850,51.950,52.640,51.050,34729771;
sh600588:46.100,46.310,48.240,43.030,48988811;
sh600590:5.940,5.990,6.050,5.760,22698846;
sh600597:11.410,11.330,11.500,11.130,19001075;
sh600598:13.010,13.300,13.460,12.570,83774053;
sh600600:44.480,44.240,44.790,43.880,9245599;
sh600606:5.870,5.900,5.950,5.810,49861968;
sh600611:3.720,3.690,3.720,3.590,12429454;
sh600612:47.990,47.400,48.400,47.080,3597440;
sh600616:4.540,4.520,4.630,4.430,4910348;
sh600618:9.150,9.740,9.630,9.090,31608488;
sh600619:7.750,7.860,7.900,7.650,5189260;
sh600622:4.150,4.550,4.440,4.100,85728681;
sh600633:10.110,10.250,10.270,10.020,28375742;
sh600635:4.470,4.470,4.500,4.300,49908467;
sh600637:11.080,10.940,11.150,10.670,38283321;
sh600642:5.450,5.390,5.460,5.270,13485388;
sh600643:8.900,8.950,9.040,8.670,27332350;
sh600648:15.560,15.460,15.600,15.120,5037666;
sh600650:9.210,9.190,9.300,9.050,3120210;
sh600655:7.500,7.410,7.610,7.340,14178591;
sh600657:3.410,3.420,3.460,3.370,9044181;
sh600658:4.960,4.960,5.060,4.890,11061407;
sh600660:24.800,24.970,25.100,24.500,13874155;
sh600663:11.750,11.790,11.860,11.530,7157604;
sh600667:16.000,15.930,16.190,14.130,239669483;
sh600674:9.090,9.000,9.090,8.900,14624778;
sh600685:13.810,13.840,13.890,13.180,12577684;
sh600686:6.840,7.260,7.040,6.770,14159960;
sh600688:3.750,3.670,3.790,3.650,22014767;
sh600690:18.000,17.800,18.080,17.540,52833384;
sh600699:27.660,31.230,28.920,27.500,117460234;
sh600702:25.740,25.820,26.200,25.460,9284895;
sh600703:29.000,31.500,30.730,27.790,218814731;
sh600704:5.130,5.050,5.130,4.900,80984436;
sh600705:4.460,4.520,4.530,4.390,78338799;
sh600713:4.750,4.870,4.870,4.660,24329586;
sh600717:5.670,5.680,5.670,5.600,10486945;
sh600718:14.340,15.200,15.100,14.050,58222255;
sh600720:12.300,12.230,12.350,11.900,26178612;
sh600723:5.510,5.510,5.550,5.400,7348203;
sh600728:11.100,11.430,11.510,10.700,122350487;
sh600729:26.610,26.910,26.980,26.500,6783004;
sh600733:6.610,7.130,6.680,6.360,69572115;
sh600741:28.900,30.050,29.480,28.240,24580608;
sh600743:2.200,2.190,2.220,2.140,10833645;
sh600745:148.980,166.330,159.900,146.500,38362531;
sh600749:8.970,9.010,9.030,8.700,2862677;
sh600750:12.950,13.190,13.400,12.950,11051155;
sh600754:27.360,28.430,28.150,27.360,4167061;
sh600760:29.200,29.010,29.460,28.210,18589784;
sh600761:9.610,9.520,9.670,9.380,8733566;
sh600763:106.030,107.840,109.090,105.880,3723112;
sh600765:10.010,10.180,10.200,10.010,17989439;
sh600775:10.300,10.730,11.100,10.120,69241472;
sh600776:21.200,21.230,21.880,20.090,63634496;
sh600779:46.300,46.400,47.450,45.660,4804929;
sh600787:4.740,4.790,4.770,4.660,19664196;
sh600789:12.280,13.680,13.580,12.050,228486344;
sh600790:3.160,3.260,3.280,3.150,19541657;
sh600794:3.550,3.570,3.580,3.440,26342446;
sh600795:2.120,2.110,2.120,2.090,97236743;
sh600797:10.030,10.160,10.180,10.030,67997605;
sh600798:3.150,3.160,3.180,3.090,10707577;
sh600801:23.750,23.930,24.210,23.060,36374002;
sh600803:10.140,10.080,10.140,10.010,15562738;
sh600804:6.530,6.610,6.660,6.130,124251100;
sh600805:4.660,4.730,4.720,4.560,10413737;
sh600809:86.970,87.080,88.150,86.120,3369223;
sh600812:9.010,9.120,9.330,8.900,37712051;
sh600814:5.070,5.040,5.070,4.910,2657244;
sh600816:3.250,3.290,3.340,3.170,96865027;
sh600820:5.530,5.510,5.530,5.410,21503387;
sh600823:4.080,4.050,4.080,4.010,20711789;
sh600826:10.440,10.410,10.510,10.110,5132626;
sh600827:7.820,7.780,7.850,7.650,7407323;
sh600835:15.320,15.200,15.340,14.940,7648368;
sh600837:15.020,15.270,15.310,14.760,155494128;
sh600839:3.770,3.770,3.770,3.770,140625943;
sh600845:47.690,51.710,49.690,46.660,24447008;
sh600848:21.910,21.770,21.980,21.300,10916470;
sh600850:29.390,29.680,29.950,27.850,15533531;
sh600859:12.210,12.580,12.280,12.000,13115587;
sh600872:37.620,37.710,38.290,37.500,11192085;
sh600873:4.300,4.350,4.370,4.270,33354703;
sh600875:10.000,10.120,10.160,10.000,50591930;
sh600884:13.990,14.850,14.300,13.850,53379547;
sh600886:7.880,7.800,7.920,7.700,31526707;
sh600887:29.500,29.690,29.780,29.300,62094834;
sh603551:17.210,17.240,17.380,16.770,4395981;
sh600893:24.600,24.490,24.950,23.300,46362740;
sh600895:13.970,13.900,14.190,13.530,23383994;
sh600897:19.990,19.910,20.070,19.500,1806831;
sh600900:17.340,17.180,17.460,17.180,19210566;
sh600958:10.680,10.870,10.880,10.410,77701134;
sh600967:10.480,10.530,10.680,10.230,14308421;
sh600970:6.040,5.980,6.060,5.870,32934088;
sh600975:8.040,8.070,8.250,7.790,36859268;
sh600987:6.120,6.070,6.180,5.960,7248488;
sh600993:16.600,16.630,16.900,16.350,7370663;
sh600995:7.280,7.260,7.310,7.110,8297163;
sh600998:15.800,15.900,16.140,15.590,11684375;
sh600999:18.490,18.780,18.890,18.200,30341317;
sh601003:5.020,5.000,5.040,4.910,10822020;
sh601006:7.260,7.240,7.310,7.190,46103901;
sh601007:8.240,8.280,8.240,8.030,2102133;
sh601009:7.880,7.920,7.990,7.830,47066843;
sh601010:3.170,3.350,3.170,3.120,38295562;
sh601012:33.100,33.510,33.980,32.000,63592952;
sh601018:3.370,3.350,3.380,3.300,28748170;
sh601021:37.200,37.180,37.490,36.370,10703041;
sh601038:6.300,6.330,6.420,6.000,19850151;
sh601088:16.300,16.240,16.390,16.160,33163073;
sh601099:3.550,3.990,3.990,3.520,871285720;
sh601107:3.610,3.590,3.630,3.530,8771840;
sh601111:7.710,7.860,7.820,7.630,81991464;
sh601116:12.580,12.560,12.650,12.280,5462751;
sh601117:7.040,6.990,7.060,6.850,55068983;
sh601137:13.100,13.520,13.300,12.650,21609402;
sh601139:6.700,6.650,6.700,6.440,19814509;
sh601158:5.400,5.400,5.430,5.300,4852187;
sh601166:17.650,17.710,17.830,17.550,75724267;
sh601169:5.210,5.190,5.230,5.180,66302292;
sh601186:9.020,8.970,9.060,8.850,77120428;
sh601198:12.580,12.910,12.980,12.370,43062647;
sh601211:18.020,18.330,18.360,17.740,57809250;
sh601216:2.870,2.870,2.870,2.750,63324757;
sh601231:25.930,25.790,26.580,24.220,82308917;
sh601238:11.300,11.760,11.600,11.200,22855280;
sh601288:3.440,3.430,3.440,3.420,210579001;
sh601360:27.990,27.840,28.450,26.300,47855593;
sh601318:79.800,80.190,80.190,79.510,86900094;
sh601328:5.280,5.280,5.310,5.260,78857890;
sh601333:2.650,2.640,2.650,2.600,41508625;
sh601336:46.450,46.460,46.700,45.790,18419852;
sh601377:7.200,7.390,7.430,7.100,147353655;
sh601390:5.210,5.160,5.240,5.110,88814155;
sh601398:5.400,5.410,5.420,5.390,230133275;
sh601519:8.980,9.250,9.290,8.580,166960150;
sh601555:9.800,10.070,10.140,9.530,93602549;
sh601579:8.110,8.120,8.240,8.020,1224724;
sh601588:2.800,2.790,2.810,2.730,25004461;
sh601600:3.100,3.110,3.120,3.060,83512585;
sh601601:33.380,33.380,33.530,33.150,32546567;
sh601607:19.600,19.820,20.170,19.480,38403906;
sh601618:2.500,2.480,2.510,2.440,79711907;
sh601628:31.020,31.050,31.300,30.720,18824281;
sh601633:8.960,9.560,9.210,8.900,48784772;
sh601636:5.380,5.420,5.500,5.270,38383654;
sh601668:5.200,5.230,5.260,5.160,261763102;
sh601669:3.900,3.900,3.930,3.850,41980703;
sh601688:19.780,19.990,20.050,19.280,151626675;
sh601717:6.090,6.060,6.170,5.930,31059602;
sh601718:4.390,4.490,4.650,4.310,168226250;
sh601766:6.350,6.260,6.350,6.200,84919169;
sh601788:12.700,13.010,13.040,12.490,48990858;
sh601800:7.800,7.750,7.840,7.630,60778064;
sh601801:5.100,5.090,5.170,5.010,11197607;
sh601808:16.350,16.790,17.150,16.330,11587276;
sh601857:5.200,5.190,5.220,5.150,150412876;
sh601872:5.330,5.420,5.420,5.250,106280554;
sh601877:27.760,28.000,28.100,27.600,15891571;
sh601880:1.790,1.790,1.790,1.760,39802276;
sh601888:81.960,81.840,81.980,80.770,12763540;
sh601890:5.480,5.500,5.560,5.230,24594042;
sh601899:4.570,4.570,4.610,4.530,346098269;
sh601901:7.790,8.030,8.050,7.690,114517371;
sh601919:4.210,4.250,4.280,4.160,30392129;
sh601928:7.050,7.020,7.150,6.860,18378450;
sh601933:8.580,8.690,8.880,8.510,96510101;
sh601939:6.650,6.640,6.680,6.610,88927576;
sh601965:8.850,9.290,9.270,8.770,15889333;
sh601985:4.680,4.640,4.680,4.580,37255893;
sh601988:3.570,3.570,3.580,3.560,95682939;
sh601989:4.520,4.540,4.560,4.410,130446450;
sh601991:2.220,2.190,2.220,2.170,16494825;
sh601992:3.340,3.320,3.350,3.240,64925681;
sh601998:5.570,5.550,5.590,5.520,22264735;
sh603000:22.010,22.020,22.500,21.000,49961616;
sh603005:131.000,132.000,137.000,122.500,25026641;
sh603008:13.310,13.210,13.470,12.940,7335253;
sh603011:5.550,5.950,5.950,5.550,37978716;
sh603019:51.820,52.880,53.300,49.800,54690106;
sh603026:41.680,41.420,41.980,39.130,28307270;
sh603066:8.640,8.720,8.720,8.300,12751136;
sh603100:9.160,9.860,9.360,9.020,8735770;
sh603118:15.570,16.510,16.560,14.930,74984024;
sh603128:5.690,5.660,5.710,5.390,32578437;
sh603169:5.260,5.200,5.260,4.980,17290555;
sh603198:17.290,17.160,17.460,16.750,7610655;
sh603199:21.900,21.480,21.910,20.920,1618532;
sh603288:102.870,102.170,104.500,101.110,4464452;
sh603306:14.300,13.900,14.300,13.470,2975213;
sh603328:13.860,14.260,14.240,13.200,41705142;
sh603338:75.350,74.880,77.300,73.180,2700695;
sh603355:24.490,24.160,24.500,23.330,3032303;
sh603368:34.110,34.480,34.480,33.600,4829111;
sh603369:30.960,31.900,32.290,30.500,12676574;
sh603398:9.560,9.380,9.570,9.030,7182024;
sh603589:45.950,45.700,46.460,44.800,6947496;
sh603598:15.710,16.400,16.150,15.030,15852570;
sh603599:15.560,15.520,15.730,15.080,6964059;
sh603606:11.910,11.840,11.980,11.330,15457713;
sh603636:15.160,15.460,15.600,14.640,31225792;
sh603678:32.030,34.380,33.460,30.710,35349404;
sh603686:12.830,13.470,13.450,12.750,27857016;
sh603696:7.930,7.920,7.970,7.580,4355214;
sh603698:11.900,11.830,11.950,11.310,4886877;
sh603699:12.700,12.620,12.740,12.310,3679729;
sh603718:16.970,17.290,17.480,16.500,14023264;
sh603766:3.540,3.550,3.580,3.400,22978609;
sh603799:41.700,44.720,42.550,41.000,104025981;
sh603806:50.150,51.240,51.760,49.880,3722984;
sh603866:42.100,44.280,44.100,42.050,5569442;
sh603883:69.140,68.270,70.080,67.900,2540044;
sh603885:12.110,12.020,12.110,11.740,32192134;
sh603889:5.330,5.310,5.350,5.210,3830605;
sh603898:15.040,14.840,15.120,14.610,1345157;
sh603899:46.190,45.470,46.190,44.690,7572210;
sh603939:80.500,81.450,83.480,80.230,3186319;
sh603993:4.330,4.600,4.510,4.290,552691288;
sh603225:11.000,11.120,11.120,10.910,4735340;
sh603195:170.000,179.880,178.280,168.700,10770420;
sh601816:7.110,7.190,7.200,7.010,271953726;
sh600673:9.060,9.010,9.250,8.780,46492137;
sh601916:4.280,4.250,4.280,4.200,103649018;
sh603027:22.620,22.890,22.870,22.210,5402383;
sh603520:54.920,55.800,58.780,53.810,3573345;
sh603868:36.130,36.090,36.680,35.710,1403858;
sh603737:94.200,92.950,94.440,91.050,1890042;
sh601611:6.450,6.400,6.460,6.290,16538529;
sh601127:9.600,9.890,9.600,9.280,6838277;
sh601966:23.600,23.700,24.000,22.980,12803457;
sh603322:19.400,19.880,20.080,18.620,6620440;
sh600919:6.560,6.550,6.590,6.510,33578384;
sh601811:12.550,12.110,12.550,11.770,3828013;
sh600977:13.600,13.600,13.730,13.220,18546612;
sh603986:392.000,426.160,427.290,390.000,11251543;
sh603658:119.550,123.000,125.380,117.500,1904729;
sh603189:32.900,35.370,35.370,32.450,37588330;
sh600908:5.170,5.220,5.220,5.130,15269466;
sh603421:18.020,18.300,18.500,17.150,12787078;
sh603777:11.170,11.200,11.220,10.630,5192540;
sh603816:42.010,42.250,42.590,41.110,3906835;
sh603160:360.000,373.280,388.000,346.020,7586771;
sh603258:32.600,32.590,32.960,31.200,8144032;
sh603290:76.690,76.690,76.690,76.690,300618;
sh601229:8.710,8.720,8.770,8.620,23635406;
sh603858:22.100,23.220,23.760,22.100,45012471;
sh603727:20.980,20.360,20.980,19.900,3822700;
sh603900:8.150,8.140,8.200,7.860,4403877;
sh600909:8.400,8.550,8.690,8.130,192572271;
sh603990:61.500,63.910,63.040,56.500,3331420;
sh603708:24.580,25.600,25.480,24.430,4323996;
sh603416:31.650,35.000,34.680,31.520,3836853;
sh600996:9.840,10.410,10.360,10.230,46854282;
sh603298:13.130,13.100,13.240,12.750,4247331;
sh603218:19.800,19.610,20.000,19.160,3069094;
sh603929:18.000,19.390,19.640,17.560,23144471;
sh603186:63.990,68.670,69.380,59.000,7496087;
sh603444:428.890,423.020,434.000,410.500,1320619;
sh603228:53.630,54.070,55.880,51.780,10231217;
sh603690:42.620,46.300,46.580,42.620,17316124;
sh603039:89.850,96.860,91.380,88.670,1799201;
sh603337:21.600,21.980,22.140,21.510,2779368;
sh601881:11.290,11.620,11.670,11.080,95386321;
sh603881:49.700,55.830,54.380,49.600,17025468;
sh603208:82.970,83.650,85.000,79.200,1101957;
sh600939:4.140,4.120,4.200,4.040,6290988;
sh603501:215.490,213.500,221.870,200.950,12133246;
sh603517:39.010,40.400,39.880,38.920,6767080;
sh603960:36.200,39.400,36.690,35.610,4322253;
sh603630:13.010,13.090,13.150,12.690,3872178;
sh603138:26.810,27.550,27.750,25.760,10781161;
sh603803:14.710,15.740,15.960,14.710,30027813;
sh603232:54.800,55.010,56.800,52.850,3338134;
sh603920:28.810,28.650,29.240,26.800,23669706;
sh603078:49.800,52.210,53.800,47.800,8229375;
sh601200:11.800,11.750,11.980,11.460,16874432;
sh603303:9.590,9.520,9.600,9.180,3927862;
sh603833:112.010,113.410,115.690,112.010,1965001;
sh601228:3.370,3.350,3.370,3.290,12953000;
sh603345:69.770,73.200,73.790,69.110,5891749;
sh601952:8.450,8.740,8.970,8.280,92190910;
sh603383:80.010,81.100,82.800,75.250,5557845;
sh603496:31.890,33.200,33.260,30.850,7005140;
sh603226:15.800,15.900,15.800,15.020,5185666;
sh603980:7.360,7.460,7.410,7.250,7765130;
sh601878:11.340,11.780,11.820,11.050,135048406;
sh603043:28.440,28.760,29.070,28.200,2597261;
sh603801:21.530,21.200,21.530,19.910,3933404;
sh603387:38.500,39.000,39.880,37.400,11958456;
sh603707:51.610,51.880,53.380,51.300,2985036;
sh603825:32.140,33.400,33.600,30.600,6838697;
sh603978:25.890,27.900,26.550,24.880,11717825;
sh603602:24.090,25.730,25.290,23.280,21372624;
sh601326:2.800,2.770,2.800,2.710,14383877;
sh603129:47.790,47.550,47.790,45.170,1825022;
sh601949:6.280,6.180,6.290,5.990,25460395;
sh603127:73.280,75.700,76.220,72.910,3417935;
sh603183:9.650,9.530,9.680,9.270,4671655;
sh603882:56.990,58.950,60.450,56.300,7185609;
sh603277:9.670,9.700,9.780,9.410,1697938;
sh603386:17.060,18.120,18.350,16.800,12467407;
sh603648:9.130,8.990,9.130,8.710,5999782;
sh603321:7.560,7.580,7.650,7.390,4647800;
sh603106:8.140,8.170,8.270,7.810,16921113;
sh603533:21.140,23.200,24.300,21.100,32527651;
sh603363:15.860,16.040,16.320,15.400,9234263;
sh603466:14.700,15.450,15.380,14.580,9239528;
sh601108:11.920,12.410,12.460,11.680,254979884;
sh603607:20.290,20.140,20.390,19.550,2988340;
sh603260:28.900,28.870,29.070,27.890,6056907;
sh603289:8.510,8.580,8.670,8.300,2943297;
sh603912:16.060,17.150,17.170,15.700,9412467;
sh603856:10.840,10.830,10.900,10.500,5599284;
sh600903:12.580,12.500,12.700,12.100,16727128;
sh603083:39.760,41.390,41.980,36.900,13834298;
sh603605:114.400,120.800,119.180,114.010,1601225;
sh603619:13.880,13.850,13.920,13.330,11731289;
sh603365:15.060,15.150,15.290,14.850,4041155;
sh603711:22.980,22.860,22.980,21.980,3187095;
sh603848:14.010,13.720,14.010,13.360,6076900;
sh600025:3.790,3.790,3.820,3.760,43095099;
sh603283:63.480,66.250,66.290,62.300,9714065;
sh603329:12.130,12.100,12.130,11.650,3207058;
sh603080:14.720,14.470,14.750,14.050,2260616;
sh601155:32.910,33.320,33.940,32.700,14820963;
sh603180:66.800,66.940,67.780,64.990,1211342;
sh603056:11.590,12.540,12.390,11.500,25703181;
sh601828:10.770,10.730,10.910,10.610,10524130;
sh601838:8.280,8.260,8.320,8.190,24563874;
sh603156:27.240,27.700,27.460,26.880,2851125;
sh600901:5.620,5.670,5.680,5.570,23044770;
sh603214:37.450,36.820,37.450,35.600,2413259;
sh603259:111.230,117.380,118.850,111.030,12063496;
sh603486:25.290,26.540,25.890,24.590,7641707;
sh601138:19.650,19.960,20.290,18.970,116712016;
sh601330:10.160,10.140,10.260,10.050,16006511;
sh601066:34.150,34.800,35.370,33.210,74615161;
sh601869:34.970,37.000,36.630,34.160,13756102;
sh601577:8.350,8.330,8.390,8.220,16578116;
sh601162:6.810,7.180,7.100,6.690,340682678;
sh603220:21.390,22.490,22.750,21.000,18966266;
sh601319:7.160,7.210,7.220,7.010,106093482;
sh603187:35.080,35.380,35.450,34.110,3356732;
sh601860:4.700,4.690,4.730,4.560,49694645;
sh603121:19.400,19.530,19.540,18.520,8158141;
sh603739:24.200,24.510,24.550,23.880,3239600;
sh601598:3.720,3.710,3.740,3.640,36120046;
sh600928:6.630,6.610,6.680,6.400,38561567;
sh603068:120.690,120.810,124.970,113.000,6496612;
sh600968:2.600,2.610,2.620,2.550,73912149;
sh601698:18.500,19.690,19.270,18.490,84202107;
sh603236:258.960,266.600,285.000,252.530,1772999;
sh603983:75.990,82.400,79.950,75.200,3292675;
sh603613:129.000,132.500,136.500,122.000,3824537;
sh603267:68.480,69.870,70.680,64.300,8316047;
sh603093:26.000,26.490,26.480,24.900,23512532;
sh603927:80.050,80.240,83.100,76.400,7968868;
sz000006:4.750,4.740,4.780,4.620,15287790;
sz000007:8.530,8.720,8.950,8.330,16575930;
sz000008:3.250,3.220,3.260,3.150,41209258;
sz000009:8.000,9.020,8.330,7.890,303693798;
sz000011:8.020,7.950,8.020,7.710,4210202;
sz000017:3.900,3.860,3.900,3.740,7173784;
sz000023:11.810,11.940,11.830,11.400,3610452;
sz000025:19.190,19.320,19.350,18.520,8778276;
sz000028:46.300,46.600,47.130,44.740,4499905;
sz000036:3.700,3.660,3.700,3.570,14792894;
sz000038:10.290,10.190,10.340,10.020,14646320;
sz000045:8.110,8.700,8.320,7.910,28763701;
sz000050:18.100,18.800,18.830,17.550,81163191;
sz000055:4.360,4.370,4.410,4.240,9422352;
sz000058:7.100,7.190,7.260,6.930,26193433;
sz000059:6.040,5.980,6.040,5.840,32460220;
sz000061:5.830,5.860,5.900,5.660,24299245;
sz000068:3.770,3.720,3.780,3.600,21374421;
sz000078:5.380,5.890,5.890,5.380,315476603;
sz000150:4.290,4.230,4.290,4.110,16839722;
sz000151:8.910,8.910,8.960,8.570,6058705;
sz000155:4.600,4.790,4.660,4.530,33450201;
sz000301:4.930,4.890,4.960,4.810,12898041;
sz000402:7.090,6.970,7.100,6.870,16194984;
sz000415:3.380,3.570,3.400,3.290,71093613;
sz000416:4.970,4.950,5.010,4.760,17021768;
sz000421:4.210,4.180,4.210,4.100,2511788;
sz000430:4.850,4.910,4.950,4.740,7366600;
sz000498:4.270,4.270,4.290,4.150,8320346;
sz000501:11.130,11.250,11.320,10.810,11908596;
sz000503:15.300,16.160,16.150,15.210,31155809;
sz000505:5.710,5.740,5.770,5.540,14193448;
sz000506:3.100,3.250,3.320,3.060,159724650;
sz000507:5.170,5.170,5.170,5.040,16857666;
sz000510:4.360,4.560,4.510,4.260,42347560;
sz000514:3.950,3.980,4.000,3.870,9070408;
sz000517:2.700,2.750,2.800,2.680,23642907;
sz000518:5.830,6.280,6.280,5.720,116689909;
sz000523:7.180,7.580,7.490,7.140,34467348;
sz000525:9.880,9.980,10.090,9.670,20103979;
sz000526:34.100,38.070,36.250,33.890,4067433;
sz000529:6.850,7.130,6.890,6.650,25394680;
sz000530:3.850,3.900,3.870,3.750,15459653;
sz000531:6.310,6.320,6.340,6.190,5639717;
sz000532:11.160,11.310,11.340,10.630,14204917;
sz000533:2.660,2.660,2.680,2.560,18555100;
sz000536:2.500,2.730,2.540,2.470,173941908;
sz000537:6.550,6.620,6.630,6.480,15791074;
sz000540:3.740,3.770,3.780,3.510,262162324;
sz000543:4.100,4.100,4.120,4.030,24631253;
sz000544:6.240,6.250,6.320,6.030,9415633;
