sh600010:1.190,1.200,1.200,1.180,181591179;
sh600010:1.190,1.200,1.200,1.180,181591179;
sh600048:14.830,14.910,15.080,14.750,64698982;
sh600053:26.040,26.330,26.200,25.560,7055495;
sh600061:13.000,13.310,13.120,12.940,35351388;
sh600063:3.620,3.650,3.660,3.610,16713765;
sh600071:9.730,10.040,9.890,10.030,2284500;
sh600076:3.900,3.920,3.910,3.860,9051263;
sh600077:2.750,2.750,2.770,2.720,5094947;
sh600078:4.350,4.580,4.400,4.330,33108750;
sh600079:15.400,15.390,15.750,15.130,30513247;
sh600081:10.430,10.710,10.650,10.400,5614160;
sh600082:3.430,3.470,3.450,3.410,3320171;
sh600090:4.500,4.510,4.540,4.460,20949313;
sh600101:6.070,6.000,6.070,5.960,3628660;
sh600111:9.550,9.830,9.720,9.510,42462625;
sh600113:6.290,6.340,6.320,6.240,3042907;
sh600115:4.810,4.840,4.810,4.730,43255700;
sh600120:9.040,9.120,9.060,8.850,18029541;
sh600146:11.050,11.250,11.310,11.050,8240415;
sh600151:4.180,4.240,4.280,4.160,14950962;
sh600156:4.390,4.420,4.700,4.380,14931433;
sh600160:6.590,6.640,6.640,6.560,18702325;
sh600161:35.800,36.050,36.370,35.150,11937726;
sh600162:2.000,2.030,2.020,1.990,7875825;
sh600169:1.920,1.930,1.920,1.900,10435205;
sh600175:1.410,1.450,1.440,1.400,56227366;
sh600197:13.920,14.020,13.970,13.810,3849141;
sh600199:5.300,5.360,5.340,5.210,9357734;
sh600200:9.600,11.360,10.580,10.910,173518412;
sh600203:6.060,6.210,6.130,6.060,9426620;
sh600206:13.000,13.820,13.260,12.920,72721686;
sh600207:4.680,4.480,4.770,4.470,15270264;
sh600208:3.320,3.370,3.350,3.300,86352273;
sh600213:7.590,7.750,7.830,7.560,9566701;
sh600218:10.150,10.290,10.450,10.210,28218498;
sh600221:1.510,1.530,1.520,1.500,52208510;
sh600223:9.010,9.160,9.080,8.800,37832464;
sh600226:2.820,2.850,2.850,2.800,30862893;
sh600227:2.690,2.710,2.740,2.690,9534759;
sh600235:4.540,4.630,4.590,4.520,7665700;
sh600236:4.640,4.640,4.660,4.610,4462344;
sh600242:7.490,7.660,7.590,7.410,15652000;
sh600246:5.130,5.200,5.130,5.030,8197562;
sh600262:16.130,16.200,16.200,15.950,347436;
sh600266:7.150,7.210,7.220,7.120,8601885;
sh600267:14.460,14.380,15.070,13.680,116182560;
sh600268:4.620,4.690,4.710,4.590,8125727;
sh600278:9.750,9.790,9.760,9.640,4198051;
sh600279:3.770,3.820,3.810,3.770,3707786;
sh600283:9.010,9.080,9.070,8.980,1187823;
sh600285:9.870,9.820,10.050,9.700,11717933;
sh600288:12.140,12.320,12.210,12.010,6531731;
sh600291:7.400,7.480,7.420,7.310,10562608;
sh600293:2.780,2.830,2.830,2.760,12229810;
sh600300:2.920,2.980,2.980,2.910,17308880;
sh600310:3.920,3.940,3.930,3.890,3644459;
sh600311:2.760,2.810,2.810,2.730,27048552;
sh600313:2.900,3.060,3.180,2.850,66639452;
sh600317:2.170,2.180,2.170,2.150,11082400;
sh600322:2.550,2.570,2.560,2.530,11519446;
sh600323:19.680,19.860,19.870,19.520,5707040;
sh600326:6.570,6.630,6.640,6.560,10539780;
sh600336:4.650,4.680,4.660,4.530,17012548;
sh600337:4.190,4.200,4.190,4.150,14197806;
sh600338:10.560,10.890,10.980,10.370,14875409;
sh600339:2.870,2.900,2.890,2.850,17808483;
sh600351:6.070,5.920,6.120,5.800,25004357;
sh600353:4.990,5.140,5.030,4.960,7185258;
sh600354:4.600,5.160,5.500,4.600,96549758;
sh600355:3.090,3.380,3.380,3.060,42957202;
sh600360:7.050,7.410,7.290,7.010,94660007;
sh600363:13.900,14.210,14.050,13.870,8081058;
sh600366:5.570,5.790,5.760,5.570,24338968;
sh600371:11.110,11.440,11.870,10.780,17669630;
sh600375:4.060,4.140,4.090,4.040,7498418;
sh600381:4.970,5.030,5.020,4.950,3226966;
sh600392:7.300,7.610,7.480,7.260,28312595;
sh600393:2.640,2.680,2.710,2.630,17931121;
sh600398:6.920,6.930,6.940,6.840,6227684;
sh600419:11.320,11.560,11.560,11.280,2849320;
sh600425:3.460,3.550,3.530,3.460,23614603;
sh600429:5.040,5.020,5.040,5.000,2416692;
sh600449:9.950,10.020,10.030,9.840,8185165;
sh600455:26.990,27.520,27.680,26.660,4961497;
sh600463:6.140,6.180,6.170,6.090,1609330;
sh600466:6.650,6.620,6.770,6.570,28443328;
sh600467:2.230,2.260,2.260,2.210,13541922;
sh600476:12.670,13.110,12.950,12.670,4318198;
sh600478:4.290,4.480,4.550,4.270,28057699;
sh600479:9.330,9.360,9.450,9.240,16070537;
sh600480:9.630,9.690,9.750,9.410,18012639;
sh600481:2.990,3.000,3.010,2.980,3399339;
sh600488:4.940,4.920,5.060,4.880,15573095;
sh600495:3.680,3.720,3.700,3.650,10658555;
sh600499:4.450,4.650,4.580,4.410,22953202;
sh600501:8.210,8.340,8.230,8.100,7140890;
sh600503:3.190,3.220,3.220,3.160,26029801;
sh600505:8.020,7.990,8.120,7.890,3571000;
sh600506:8.710,8.920,9.050,8.650,2667080;
sh600517:6.590,6.650,6.650,6.570,10571228;
sh600520:9.470,9.650,9.480,9.350,1834210;
sh600525:5.130,5.150,5.170,5.080,14207168;
sh600526:5.260,5.330,5.390,5.250,2497068;
sh600527:2.700,2.760,2.830,2.680,82734128;
sh600530:4.130,4.160,4.170,4.110,5596443;
sh600533:3.000,3.020,3.010,2.980,8860075;
sh600537:2.870,3.060,3.060,2.870,25936927;
sh600549:11.950,12.940,12.590,11.910,36294542;
sh600559:9.540,9.640,9.630,9.500,16669733;
sh600562:13.710,13.860,13.740,13.550,6299187;
sh600568:1.760,1.790,1.830,1.740,79346885;
sh600573:5.830,5.920,5.870,5.810,1695146;
sh600587:17.560,17.530,17.880,17.390,12871045;
sh600593:39.050,39.130,39.170,38.800,676735;
sh600596:8.990,9.100,9.170,8.950,14226749;
sh600601:3.030,3.080,3.050,3.030,24726316;
sh600602:8.630,9.060,8.800,8.600,28718636;
sh600603:4.970,4.930,4.970,4.890,4460882;
sh600604:7.200,7.310,7.270,7.150,20823207;
sh600613:8.140,8.180,8.320,8.070,9946817;
sh600623:5.920,5.940,5.940,5.860,7899115;
sh600624:9.850,9.880,9.940,9.670,32736856;
sh600626:6.190,6.230,6.260,6.150,14746021;
sh600628:7.760,7.800,7.850,7.760,795800;
sh600630:8.800,8.960,9.120,8.710,23368209;
sh600638:5.410,5.480,5.430,5.380,2574361;
sh600639:12.640,12.620,12.670,12.520,1271308;
sh600640:20.910,21.130,21.300,20.610,12829640;
sh600641:19.910,20.480,20.040,19.470,23152598;
sh600644:4.920,4.960,4.950,4.900,1731522;
sh600645:17.970,17.920,18.280,17.550,12660592;
sh600647:12.150,12.250,12.200,12.020,1361485;
sh600649:4.960,4.960,4.970,4.930,5782928;
sh600651:3.340,3.360,3.360,3.310,10758326;
sh600661:19.750,20.460,20.690,19.450,10912196;
sh600662:4.010,4.030,4.050,3.970,4878375;
sh600668:14.440,14.510,14.560,14.250,9583120;
sh603179:21.000,23.060,22.130,20.800,4787387;
sh600671:12.290,12.340,12.440,12.240,2439601;
sh600677:5.300,5.300,5.300,5.300,303300;
sh600678:6.250,6.700,6.880,6.250,32460260;
sh600682:9.480,9.670,9.810,9.480,10749508;
sh600683:3.710,3.780,3.740,3.690,1962915;
sh600684:3.160,3.180,3.170,3.140,3174772;
sh600689:8.490,8.630,8.670,8.410,1904763;
sh600693:5.000,5.030,5.070,4.980,1996795;
sh600695:7.390,7.530,7.480,7.300,23675424;
sh600697:15.700,15.750,15.760,15.610,786700;
sh600706:7.310,7.450,7.390,7.290,1870528;
sh600708:3.000,3.010,3.020,2.980,10617985;
sh600711:4.680,5.070,4.940,4.650,105967889;
sh600712:6.970,6.920,7.020,6.730,43311122;
sh600716:3.820,3.860,3.840,3.800,2831892;
sh600719:4.080,4.120,4.140,4.080,2155764;
sh600724:3.160,3.190,3.200,3.150,2696060;
sh600730:4.790,4.810,4.820,4.730,8498012;
sh600734:4.960,4.990,4.970,4.850,19263807;
sh600736:5.190,5.270,5.240,5.170,14937280;
sh600737:8.290,8.250,8.360,8.190,16578320;
sh600744:2.280,2.290,2.300,2.270,4322701;
sh600746:7.900,7.860,8.050,7.710,11999167;
sh600748:4.880,4.940,4.900,4.830,10922411;
sh603893:18.550,18.550,18.550,18.550,32565;
sh600755:6.760,6.810,6.790,6.720,12593323;
sh600756:20.230,21.090,20.740,20.220,16942879;
sh600764:26.210,26.310,26.300,25.900,2695908;
sh600770:4.830,4.960,4.930,4.800,15527227;
sh600771:14.700,14.970,14.910,14.630,6709240;
sh600773:5.170,5.410,5.370,5.170,8956168;
sh600777:1.910,1.930,1.920,1.900,51839811;
sh600783:13.140,13.400,13.290,13.080,8838997;
sh600784:4.370,4.410,4.410,4.370,5555099;
sh600785:14.300,13.860,14.300,13.630,417469;
sh600796:5.110,5.480,5.250,5.090,5061528;
sh600800:4.810,4.930,4.880,4.810,6278345;
sh600802:9.330,9.570,9.570,9.070,39799274;
sh600808:2.750,2.760,2.750,2.710,14632338;
sh600818:11.010,11.120,11.100,10.910,1027608;
sh600819:4.900,5.060,5.090,4.880,18358003;
sh600821:3.920,4.020,4.020,3.920,2351701;
sh600822:9.470,9.480,9.510,9.420,3086420;
sh600824:3.040,3.050,3.040,3.020,2666551;
sh600825:5.000,4.930,5.050,4.890,7815289;
sh600828:3.970,3.990,3.980,3.920,4113641;
sh600829:8.400,8.530,8.640,8.310,16922966;
sh600830:4.820,4.870,4.860,4.780,3827676;
sh600831:8.550,9.030,8.720,8.500,41436968;
sh600833:10.500,10.520,10.700,10.420,3650821;
sh600834:6.240,6.260,6.250,6.180,1585839;
sh600836:4.200,4.170,4.200,4.110,4983534;
sh600838:5.480,5.420,5.480,5.390,2417600;
sh600841:6.390,6.480,6.450,6.360,1189648;
sh600843:7.480,7.590,7.730,7.310,4985592;
sh600846:8.690,8.780,8.770,8.660,14432824;
sh600851:8.290,8.330,8.430,8.190,5818187;
sh600853:3.000,3.050,3.030,2.990,5456582;
sh600854:3.340,3.390,3.390,3.330,2317300;
sh600855:11.020,11.150,11.070,10.900,3981848;
sh600857:9.320,9.460,9.450,9.310,1038350;
sh600860:4.630,4.640,4.630,4.480,5911510;
sh600861:8.660,8.680,8.720,8.600,2934714;
sh600862:12.410,12.540,12.740,12.240,21613931;
sh600864:6.690,6.970,6.740,6.630,48616605;
sh600865:5.980,5.990,5.990,5.940,1999574;
sh600866:5.800,6.280,6.240,5.800,99898077;
sh600867:11.890,11.990,12.190,11.870,28281447;
sh600868:3.190,3.220,3.240,3.190,18248902;
sh600869:4.070,4.200,4.110,4.060,44681150;
sh600871:2.110,2.130,2.140,2.100,22778806;
sh600874:6.930,6.960,6.980,6.900,5852349;
sh600876:15.740,15.780,16.290,15.100,28248394;
sh600879:6.480,6.720,6.630,6.440,125559422;
sh600880:3.640,3.700,3.660,3.600,8408727;
sh600882:17.450,17.880,18.540,17.340,4602594;
sh600885:36.690,37.160,37.500,35.950,9624958;
sh600888:4.110,4.160,4.140,4.080,7281623;
sh600889:4.520,4.500,4.530,4.480,2287388;
sh600894:6.650,6.700,6.670,6.600,6075322;
sh600898:6.180,6.390,6.370,6.180,3542496;
sh600917:6.530,6.550,6.570,6.500,3565028;
sh600959:3.700,3.730,3.710,3.650,22424852;
sh600962:7.120,7.160,7.150,7.070,2224143;
sh600965:7.510,7.470,7.620,7.330,11202747;
sh600966:6.780,6.790,6.820,6.680,14947780;
sh600973:4.050,3.970,4.080,3.920,14963219;
sh600976:16.760,16.740,16.840,16.560,1723444;
sh600980:11.950,12.220,12.000,11.820,3344834;
sh600981:3.350,3.350,3.350,3.310,6130610;
sh600982:2.700,2.730,2.720,2.690,2500103;
sh600983:4.340,4.370,4.360,4.310,1006646;
sh600986:4.030,4.240,4.140,4.010,63045216;
sh600988:6.570,6.750,6.740,6.510,132654817;
sh600990:41.680,43.060,41.800,41.440,2216112;
sh600992:6.110,6.190,6.180,6.070,1445520;
sh601002:5.110,5.170,5.130,5.070,6667676;
sh601008:3.500,3.480,3.500,3.440,6822823;
sh601016:2.220,2.290,2.260,2.210,24049930;
sh601069:14.310,14.450,14.420,14.250,11014397;
sh601100:49.220,50.510,50.830,49.000,5093716;
sh601106:2.660,2.700,2.660,2.630,19076757;
sh601118:4.330,4.360,4.390,4.300,23182194;
sh601126:5.290,5.270,5.290,5.170,3412400;
sh601168:6.120,6.250,6.240,6.080,35012974;
sh601199:3.610,3.640,3.630,3.610,2892500;
sh601222:5.050,5.330,5.350,5.050,48871027;
sh601226:3.800,3.820,3.800,3.750,2479200;
sh601233:13.910,14.000,13.910,13.650,21292334;
sh601311:9.100,9.460,9.430,9.000,25637069;
sh601339:3.630,3.660,3.660,3.620,3535202;
sh601388:1.680,1.710,1.700,1.670,22967087;
sh601515:6.350,6.280,6.350,6.220,5312874;
sh601567:7.740,7.770,7.780,7.650,6239972;
sh601608:3.410,3.570,3.430,3.370,33615523;
sh601616:2.740,2.790,2.770,2.730,6407107;
sh601677:11.080,11.110,11.080,10.950,3353701;
sh601689:25.480,25.660,26.200,25.100,25147807;
sh601700:5.330,5.580,5.440,5.320,38160414;
sh601727:4.650,4.680,4.670,4.640,11554549;
sh601789:3.680,3.710,3.690,3.620,18266455;
sh601799:97.830,97.080,98.000,95.380,1377414;
sh601818:3.870,3.890,3.890,3.850,68676708;
sh601866:2.180,2.210,2.190,2.170,15861906;
sh601958:6.680,7.020,6.920,6.650,34757774;
sh601968:4.710,4.690,4.720,4.560,4598400;
sh601996:2.530,2.550,2.550,2.510,5734094;
sh603002:4.180,4.420,4.200,4.120,19541027;
sh603003:6.960,7.200,7.020,6.870,10312215;
sh603006:10.120,10.250,10.240,10.020,1662402;
sh603009:6.190,6.560,6.680,6.190,15283954;
sh603010:13.010,13.090,13.080,12.710,12010355;
sh603015:5.610,5.660,5.670,5.580,1401539;
sh603017:9.450,9.930,9.680,9.400,4727289;
sh603018:9.860,9.860,9.940,9.770,2717501;
sh603020:7.700,7.760,7.750,7.620,2631794;
sh603021:6.710,6.710,6.810,6.650,2501936;
sh603022:16.210,16.850,17.140,16.210,7158156;
sh603023:4.230,4.300,4.350,4.230,5256995;
sh603025:8.300,8.380,8.330,8.240,2176843;
sh603085:6.710,6.760,6.730,6.610,4158628;
sh603088:8.930,9.020,9.000,8.920,1210171;
sh603099:7.910,8.140,8.040,7.860,1873622;
sh603108:11.000,11.160,11.290,10.960,9340220;
sh603111:5.890,6.230,6.270,5.850,33985264;
sh603116:5.800,5.880,5.820,5.750,2642194;
sh603117:3.550,3.600,3.570,3.530,7204633;
sh603123:6.580,6.840,6.860,6.560,4121000;
sh603126:4.310,4.360,4.350,4.300,3708617;
sh603158:23.180,25.650,26.300,23.180,11611686;
sh603168:8.470,8.520,8.540,8.400,3630849;
sh603222:54.600,53.630,55.250,53.580,504754;
sh603227:4.290,4.330,4.360,4.280,8971423;
sh603268:15.200,15.450,15.580,15.100,1467560;
sh603299:6.210,6.230,6.240,6.170,5416157;
sh603300:6.710,6.800,6.820,6.690,10216131;
sh603308:16.060,17.060,16.950,16.060,12962376;
sh603318:9.090,9.170,9.150,9.010,10771134;
sh603333:7.320,7.430,7.410,7.300,11856800;
sh603366:6.130,6.460,6.290,6.060,42242579;
sh603456:16.320,17.420,17.960,16.320,77996043;
sh603508:53.080,54.230,53.880,53.070,1684551;
sh603519:13.380,13.380,13.600,13.230,1425207;
sh603566:17.640,17.660,17.790,17.430,3125322;
sh603568:28.280,28.540,28.540,27.920,3572641;
sh603600:11.920,12.120,12.090,11.740,8199498;
sh603601:11.450,11.560,11.820,11.000,65526461;
sh603609:10.980,11.090,11.250,10.860,7616943;
sh603611:15.330,17.110,15.990,15.210,6307434;
sh603616:6.980,7.050,7.030,6.930,2153557;
sh603618:4.890,4.930,4.920,4.850,4859679;
sh603688:23.930,24.550,24.380,23.480,11427350;
sh603703:15.130,15.170,15.270,15.070,1037080;
sh603789:13.950,13.980,14.200,13.820,2114360;
sh603800:11.260,11.400,11.300,11.200,1542500;
sh603808:13.080,13.050,13.080,12.890,5610613;
sh603818:7.000,7.080,7.020,6.950,1575400;
sh603838:7.380,7.460,7.450,7.350,1427172;
sh603918:10.880,11.090,11.110,10.870,3261899;
sh603936:21.850,22.350,21.850,21.350,17930671;
sh603968:14.190,14.100,14.190,13.960,2002226;
sh603989:26.200,26.770,26.660,25.990,2127345;
sh603997:7.570,7.650,7.710,7.540,2749732;
sh603998:7.610,7.710,7.750,7.560,8071550;
sh603999:6.900,7.000,6.900,6.740,12461980;
sh600127:4.150,4.260,4.340,4.060,39039216;
sh603377:16.950,16.980,17.170,16.770,2560124;
sh601900:11.480,14.030,12.680,11.480,51893845;
sh603919:14.500,14.710,14.680,14.420,4212370;
sh603861:7.620,7.720,7.660,7.570,1574943;
sh603028:10.540,10.680,10.660,10.410,1162904;
sh603798:10.110,10.290,10.370,10.030,3024245;
sh603701:10.960,11.130,11.100,10.890,4300476;
sh603726:17.950,20.210,19.660,17.920,6028864;
sh603528:6.910,7.180,7.060,6.870,7545524;
sh603339:12.420,12.420,12.430,12.190,1379600;
sh603131:21.050,22.890,22.020,20.700,15959146;
sh603016:16.190,16.620,16.310,16.100,2010614;
sh603069:12.260,12.250,12.460,12.000,6918039;
sh600936:3.620,3.660,3.650,3.590,6942071;
sh601997:8.550,8.610,8.590,8.480,14613001;
sh601595:12.850,12.820,12.850,12.570,2848078;
sh603515:26.470,26.600,26.750,26.230,2087387;
sh603843:4.050,4.070,4.070,4.020,4929270;
sh601163:14.190,14.280,14.260,14.110,5127036;
sh603393:29.130,28.920,29.190,28.600,6314762;
sh603738:29.000,29.330,29.410,28.770,15572276;
sh601128:7.840,8.250,8.080,7.800,74724080;
sh603313:23.550,23.520,23.840,23.170,3078718;
sh600926:8.660,8.690,8.690,8.600,18656185;
sh603888:27.210,28.080,27.800,26.890,20372704;
sh603060:21.850,21.970,22.330,21.720,1936259;
sh603633:10.470,10.770,10.690,10.450,3983941;
sh603987:9.350,9.830,9.650,9.340,14967221;
sh603336:13.890,14.450,14.840,13.650,12686190;
sh603660:13.900,14.160,14.280,13.820,29817357;
sh603559:15.800,16.170,16.190,15.700,3387025;
sh603033:17.210,17.500,17.660,17.210,753584;
sh603389:4.640,4.720,4.700,4.610,2123989;
sh603058:6.620,6.750,6.740,6.620,1580253;
sh603886:16.150,16.060,16.180,15.770,4134180;
sh603239:10.380,11.250,10.680,10.380,5450280;
sh601375:5.030,5.340,5.140,5.030,72983710;
sh603035:15.890,16.020,16.320,15.860,10441492;
sh603032:19.520,20.010,19.740,19.420,4303910;
sh603877:15.580,15.870,15.740,15.320,2522493;
sh603689:10.680,10.700,10.680,10.600,2368100;
sh603579:29.200,29.080,29.480,28.830,1259273;
sh603639:24.360,25.380,25.780,24.340,3849411;
sh601858:11.230,11.360,11.320,11.000,4705296;
sh603638:28.170,28.490,28.570,28.170,790795;
sh603429:46.000,46.310,48.110,45.680,3033562;
sh603966:9.360,9.520,9.440,9.310,2309414;
sh603089:12.220,12.380,12.500,12.200,1377815;
sh603360:31.300,32.530,33.690,31.030,3352197;
sh603677:10.800,11.120,10.960,10.790,564634;
sh603637:15.490,15.290,15.490,15.000,1826844;
sh601212:3.000,3.030,3.030,2.990,19851096;
sh603603:7.590,7.670,7.670,7.520,3683400;
sh603817:6.080,6.170,6.180,6.080,1366357;
sh603717:7.890,7.960,7.950,7.870,2480652;
sh603656:13.440,13.740,13.890,13.410,662558;
sh603133:21.320,22.070,21.690,21.170,5896674;
sh603811:27.800,27.790,28.630,27.610,4089609;
sh603955:14.810,14.950,14.940,14.810,841782;
sh603908:22.200,22.590,23.130,22.080,572200;
sh603991:15.730,15.910,15.970,15.620,516400;
sh603578:23.230,22.900,23.260,22.010,3201650;
sh601366:5.250,5.260,5.250,5.210,3820130;
sh603787:12.000,12.180,12.520,12.000,4486200;
sh603320:14.950,15.520,15.080,14.870,2069220;
sh603906:9.500,9.700,9.730,9.500,4061249;
sh603586:17.820,17.910,17.950,17.600,1767488;
sh603538:23.990,24.150,24.480,23.800,5421756;
sh603385:10.610,10.450,10.790,10.340,9923985;
sh603178:10.180,10.130,10.240,10.020,6842386;
sh603238:23.200,23.860,23.960,23.200,5582254;
sh603229:25.780,26.320,26.670,25.250,3141049;
sh603728:11.140,11.190,11.180,11.020,1774965;
sh603896:29.890,29.940,29.980,29.380,990275;
sh603488:7.930,8.000,7.950,7.830,1316100;
sh603197:31.910,33.350,33.340,31.910,6033972;
sh603580:11.200,11.330,11.290,11.120,961841;
sh603200:22.860,22.850,23.040,21.840,3977455;
sh603042:14.300,14.400,14.380,14.140,3768121;
sh603536:13.090,13.400,13.610,13.090,8445534;
sh603326:16.480,16.510,16.670,16.150,1673487;
sh603316:8.090,8.180,8.250,8.090,804800;
sh603335:4.190,4.320,4.320,4.190,4345097;
sh603380:15.550,15.800,15.690,15.480,1624959;
sh603286:15.880,15.830,15.880,15.490,2574229;
sh603938:26.600,26.480,26.600,25.920,2905560;
sh603331:15.030,15.290,15.170,14.500,873755;
sh603933:13.220,13.490,13.390,13.180,3548586;
sh603595:28.360,28.600,28.670,27.910,3041726;
sh603612:11.830,11.630,11.990,11.370,6652168;
sh603676:10.310,10.520,10.650,10.310,1742500;
sh603063:8.450,8.630,8.600,8.450,2211798;
sh603233:57.520,56.780,58.500,56.000,3182438;
sh603357:9.390,9.480,9.480,9.390,2687035;
sh603860:24.500,24.690,24.770,24.320,345000;
sh603880:16.000,16.720,17.400,15.620,16019187;
sh603776:18.990,19.300,19.340,18.950,4734677;
sh603976:16.270,16.270,16.370,16.100,1628711;
sh603079:38.690,40.700,40.400,38.000,5303829;
sh603725:6.210,6.340,6.330,6.210,1533528;
sh603813:17.500,17.500,17.500,17.280,611700;
sh603136:22.460,22.940,22.710,22.390,694989;
sh603378:25.540,26.140,26.880,25.150,2515546;
sh603367:18.600,18.230,18.600,18.060,14061296;
sh603103:15.700,15.640,15.780,15.430,3659655;
sh603110:14.480,14.800,14.660,14.400,1685740;
sh603499:14.130,14.330,14.390,14.130,468949;
sh603829:9.290,9.460,9.390,9.270,889500;
sh603722:33.690,34.280,34.430,33.100,2788471;
sh603659:98.900,100.210,101.620,100.800,3557640;
sh603076:19.900,20.430,20.070,19.820,565828;
sh603661:39.130,39.560,39.260,38.600,941700;
sh601019:6.550,6.570,6.560,6.470,4210000;
sh603890:10.080,10.280,10.160,10.030,4371642;
sh603477:10.400,10.360,10.510,10.300,5045262;
sh603895:19.220,19.510,19.530,19.220,758180;
sh603516:47.000,49.330,47.760,46.510,5012872;
sh603871:29.890,29.580,29.900,29.120,1780864;
sh603709:22.250,22.610,22.250,22.020,496019;
sh603712:23.890,25.430,24.560,23.800,9454225;
sh603059:24.620,24.370,24.620,23.920,1696250;
sh600929:6.150,6.170,6.180,6.110,4706500;
sh603897:16.620,16.960,16.900,16.620,1436656;
sh603301:39.490,40.850,41.450,38.510,18953155;
sh603773:33.600,33.900,33.750,33.240,2704800;
sh603666:86.000,86.750,87.500,84.890,1137417;
sh601990:13.400,13.930,13.790,13.350,211277601;
sh603713:38.350,38.750,38.660,38.000,1752621;
sh601606:9.800,9.920,9.900,9.730,7168071;
sh603590:36.220,36.510,36.600,36.020,1519961;
sh603192:24.340,24.460,24.500,24.080,999124;
sh601068:4.390,4.460,4.450,4.370,9876715;
sh603297:34.480,34.740,34.740,34.030,867420;
sh603790:14.120,14.230,14.310,14.080,1727990;
sh603583:53.650,57.700,56.490,53.650,2722991;
sh601975:2.440,2.460,2.490,2.430,40837705;
sh603629:23.690,24.210,24.120,23.500,1036723;
sh603185:40.800,42.800,42.150,39.500,7054440;
sh601298:5.980,6.000,5.980,5.930,8609838;
sh603700:29.320,31.630,31.300,29.000,6123412;
sh601615:11.060,11.370,11.430,11.050,11954337;
sh601865:14.500,15.050,14.960,14.270,27008318;
sh603317:39.070,38.890,39.700,38.240,1312933;
sh603697:11.600,11.730,11.750,11.480,2753700;
sh603982:15.990,16.470,16.570,14.390,5029715;
sh603327:29.620,30.000,29.920,29.350,7332468;
sh603915:12.720,12.970,13.050,12.720,2421817;
sh601236:17.580,18.000,17.680,17.310,72779599;
sh603530:17.630,18.170,18.500,17.610,4779650;
sh603115:18.010,18.290,18.530,17.810,3772478;
sh603992:16.700,16.920,17.280,16.570,3077376;
sh603755:42.530,42.790,43.090,42.520,373742;
sh600000:10.840,10.860,10.880,10.760,26248227;
sh600004:15.850,15.990,16.110,15.810,9012154;
sh600006:3.950,3.960,3.960,3.910,9745156;
sh600007:14.800,14.790,14.830,14.670,1428035;
sh600008:3.200,3.220,3.220,3.190,13107914;
sh600009:72.000,72.380,73.490,71.660,13085221;
sh600011:4.930,4.940,4.940,4.870,38158546;
sh600012:5.350,5.430,5.390,5.330,4207420;
sh600015:7.110,7.120,7.130,7.090,14107773;
sh600016:5.890,5.900,5.910,5.860,49648880;
sh600017:2.580,2.590,2.590,2.570,6872343;
sh600018:4.770,4.850,4.800,4.740,24817144;
sh600019:5.310,5.320,5.310,5.270,40122255;
sh600020:4.000,4.010,4.010,3.980,11561679;
sh600021:7.150,7.160,7.160,7.070,3612186;
sh600023:3.550,3.560,3.560,3.530,11228326;
sh600026:5.830,5.830,5.880,5.760,17574468;
sh600027:3.330,3.380,3.330,3.310,34618593;
sh600028:4.720,4.730,4.720,4.680,83122368;
sh600029:6.080,6.120,6.080,6.020,54259504;
sh600030:22.510,22.900,22.810,22.500,169606140;
sh600031:16.550,16.590,16.700,16.410,75370421;
sh600033:2.840,2.850,2.860,2.840,5298035;
sh600035:3.080,3.140,3.140,3.080,9349254;
sh600036:35.500,35.600,35.580,35.240,40409564;
sh600037:9.080,9.190,9.150,8.970,20721814;
sh600038:42.290,42.450,42.520,42.020,5192438;
sh600050:5.360,5.410,5.390,5.340,113804872;
sh600054:8.090,8.180,8.170,8.080,3403653;
sh600055:12.600,12.860,12.940,12.520,14541571;
sh600056:15.200,15.190,15.470,15.000,28862731;
sh600057:3.900,3.920,3.920,3.880,5646787;
sh600059:7.790,7.770,7.830,7.690,4031238;
sh600060:13.580,13.610,13.780,13.450,12179290;
sh600062:14.700,14.540,14.840,14.320,24076792;
sh600064:8.940,8.960,9.000,8.870,11315762;
sh600066:14.460,14.380,14.470,14.130,22446676;
sh600068:6.110,6.120,6.180,6.070,20621118;
sh600072:12.100,12.290,12.220,12.080,13171970;
sh600073:7.520,7.550,7.600,7.470,12439134;
sh600075:5.000,4.980,5.010,4.910,8326932;
sh600085:27.890,27.880,28.190,27.560,9150376;
sh600089:6.400,6.310,6.450,6.180,52554152;
sh600097:9.010,9.120,9.130,8.970,2213500;
sh600098:6.030,6.020,6.060,5.940,2255287;
sh600100:8.960,9.170,9.120,8.930,40427898;
sh600104:21.330,21.650,21.470,21.180,19473622;
sh600105:3.890,3.970,3.900,3.840,17846154;
sh600106:2.720,2.750,2.730,2.710,4704894;
sh600109:8.180,8.310,8.230,8.150,26714887;
sh600114:12.600,12.820,13.080,12.500,46830458;
sh600116:7.430,7.480,7.530,7.430,3960594;
sh600118:36.300,37.830,37.130,35.820,90925648;
sh600125:5.070,5.110,5.110,5.050,9960699;
sh600126:4.590,4.590,4.600,4.520,9739087;
sh600129:13.080,13.030,13.330,12.890,7375420;
sh600131:16.390,16.620,16.580,16.200,12192919;
sh600132:49.610,49.380,50.000,48.680,2283898;
sh600133:4.850,4.880,4.910,4.810,6312810;
sh600138:10.370,10.610,10.470,10.350,21853899;
sh600141:9.580,9.760,9.810,9.520,14179539;
sh600143:9.350,9.580,9.650,9.350,73928910;
sh600150:19.290,19.390,19.420,19.160,8151581;
sh600153:8.140,8.140,8.140,8.050,8568182;
sh600158:9.560,9.810,9.720,9.540,14404915;
sh600170:3.140,3.130,3.150,3.120,27815581;
sh600171:18.770,19.480,19.100,18.650,61049084;
sh600176:9.860,10.080,10.140,10.000,24594042;
sh600177:6.770,6.800,6.800,6.750,12744457;
sh600183:23.000,23.810,23.450,22.820,48761629;
sh600195:11.900,11.950,12.100,11.780,13650648;
sh600196:27.200,27.260,27.520,26.950,24457997;
sh600216:14.800,14.550,14.920,14.350,66589309;
sh600217:5.680,5.770,5.730,5.550,17722174;
sh600219:2.130,2.160,2.140,2.120,61115292;
sh600233:14.740,14.820,15.030,14.510,14150727;
sh600252:3.220,3.250,3.300,3.210,24595883;
sh600256:2.860,2.900,2.880,2.850,28505373;
sh600258:16.850,17.250,17.090,16.720,17022548;
sh600260:11.750,12.020,11.910,11.700,25760011;
sh600261:4.130,4.150,4.160,4.110,15915787;
sh600269:3.750,3.770,3.770,3.730,6329300;
sh600271:22.090,22.560,22.290,22.060,18741627;
sh600276:90.510,92.960,92.780,90.300,24854847;
sh600284:6.250,6.290,6.300,6.220,7209490;
sh601658:5.490,5.500,5.490,5.460,34844140;
sh600969:6.000,6.040,6.030,5.950,2215441;
sh600297:3.310,3.350,3.320,3.280,20224259;
sh600298:27.800,27.960,28.090,27.760,4180525;
sh600299:10.330,10.400,10.400,10.230,6306319;
sh600305:16.900,17.320,17.450,16.900,9697215;
sh600309:50.020,50.440,51.290,49.800,21579029;
sh600312:5.820,5.900,5.900,5.800,9253817;
sh600315:27.900,27.890,28.260,27.730,4961145;
sh600316:12.870,12.990,12.980,12.670,10359137;
sh600320:3.360,3.360,3.360,3.330,6581855;
sh600325:6.760,6.740,6.760,6.570,18075208;
sh600332:36.810,36.770,37.280,36.370,17860834;
sh600340:24.500,24.470,24.500,24.200,8289593;
sh600343:7.960,8.030,7.980,7.860,4051937;
sh600345:18.550,18.970,18.820,18.550,3321606;
sh600350:4.290,4.320,4.320,4.280,5361578;
sh600352:12.680,12.800,12.820,12.660,44715759;
sh600361:4.190,4.070,4.190,3.850,45337385;
sh600362:14.190,14.340,14.340,14.100,32160162;
sh600369:4.740,4.850,4.780,4.710,48483034;
sh600372:13.390,13.640,13.640,13.320,6303073;
sh600376:6.900,6.900,6.910,6.820,7493217;
sh600377:10.840,10.830,10.870,10.780,3143695;
sh600380:11.130,11.230,11.260,11.000,37213992;
sh600383:12.710,12.680,12.770,12.530,24721544;
sh600388:10.230,10.270,10.310,10.150,9212041;
sh600390:7.780,7.840,7.840,7.760,12208822;
sh600391:13.100,13.280,13.210,12.950,4709107;
sh600406:18.760,19.000,18.930,18.560,20431689;
sh600410:9.730,10.070,9.840,9.690,53444141;
sh600418:4.550,4.590,4.580,4.530,11861699;
sh600420:10.060,10.050,10.230,10.000,14395750;
sh600422:10.800,10.730,10.850,10.600,18627861;
sh600428:3.230,3.270,3.250,3.220,6310565;
sh600435:7.970,8.090,8.010,7.870,19109302;
sh600436:131.640,130.090,131.870,129.410,3804608;
sh600439:3.080,3.110,3.090,3.060,8491217;
sh600446:18.500,19.050,18.760,18.430,31813196;
sh600452:16.240,16.200,16.240,16.020,1993614;
sh600460:15.250,16.020,15.630,15.180,91942473;
sh600477:3.910,4.060,4.160,3.820,123239758;
sh600482:17.680,17.810,17.900,17.650,3580610;
sh600483:8.260,8.270,8.290,8.180,5458597;
sh600486:72.000,73.920,76.490,72.000,6281818;
sh600487:15.380,15.570,15.470,15.250,35616906;
sh600489:7.850,7.910,7.900,7.770,28557166;
sh600496:3.280,3.250,3.280,3.190,33665172;
sh600497:3.790,3.860,3.820,3.760,42056303;
sh600498:24.440,24.600,24.580,24.260,10870657;
sh600500:5.840,5.880,5.950,5.810,21800605;
sh600507:9.210,9.230,9.290,9.090,13411712;
sh600511:29.480,29.290,30.080,29.010,6739230;
sh600516:10.150,10.380,10.380,10.100,66531259;
sh600519:1089.000,1097.270,1098.000,1085.880,2805743;
sh600522:7.590,7.750,7.660,7.570,42851313;
sh600529:35.230,35.760,35.790,34.600,6086646;
sh600535:15.950,15.980,16.150,15.850,15740840;
sh600536:66.980,69.480,67.430,66.500,23070784;
sh600545:5.840,5.840,5.890,5.790,9162846;
sh600547:32.280,32.640,32.590,32.130,31613445;
sh600548:10.210,10.240,10.240,10.130,3188219;
sh600557:14.310,14.390,14.450,14.090,12015894;
sh600563:56.700,60.400,57.870,56.310,4376730;
sh600565:2.980,2.990,2.990,2.960,12829418;
sh600566:25.900,26.060,26.300,25.520,7090227;
sh600570:93.650,97.850,95.500,93.400,26296900;
sh600571:9.620,9.870,9.690,9.520,13165604;
sh600572:6.330,6.360,6.460,6.300,57454335;
sh600577:2.590,2.630,2.630,2.580,17710488;
sh600578:2.740,2.830,2.740,2.710,9479109;
sh600580:13.610,13.680,13.910,13.450,37796816;
sh600582:2.870,2.910,2.880,2.860,17357737;
sh600583:6.780,7.010,6.820,6.740,18383020;
sh600584:26.130,27.170,26.650,26.010,70633121;
sh600585:50.800,51.810,51.830,50.600,29012397;
sh600588:38.500,42.600,39.660,38.030,67789392;
sh600590:5.390,5.500,5.420,5.350,14159011;
sh600597:11.420,11.450,11.580,11.390,10555594;
sh600598:10.250,10.750,11.080,10.170,64738884;
sh600600:45.500,45.730,46.050,45.310,4593723;
sh600606:5.970,5.990,5.980,5.930,26478289;
sh600611:3.570,3.580,3.570,3.530,4769040;
sh600612:45.680,45.960,46.000,45.100,2002519;
sh600616:4.460,4.480,4.460,4.430,1867810;
sh600618:9.060,9.180,9.190,8.880,18079619;
sh600619:7.260,7.310,7.270,7.180,2204340;
sh600622:3.260,3.290,3.270,3.210,18651478;
sh600633:9.990,10.100,10.020,10.000,21246070;
sh600635:4.250,4.320,4.310,4.250,25404534;
sh600637:11.190,11.260,11.260,11.000,32086261;
sh600642:5.340,5.360,5.340,5.300,10351799;
sh600643:8.390,8.490,8.410,8.340,17129329;
sh600648:15.140,15.260,15.140,14.980,3396314;
sh600650:8.810,8.870,8.880,8.790,1793800;
sh600655:7.370,7.390,7.430,7.320,8345039;
sh600657:3.440,3.460,3.450,3.400,5904620;
sh600658:4.340,4.410,4.410,4.340,2720716;
sh600660:24.510,24.510,24.710,24.200,13190372;
sh600663:11.690,11.670,11.690,11.600,2477326;
sh600667:9.880,10.600,10.240,10.110,126874677;
sh600674:8.900,8.940,8.930,8.870,5344328;
sh600685:13.160,13.210,13.160,13.010,4973840;
sh600686:6.450,6.490,6.490,6.400,4163916;
sh600688:3.560,3.600,3.590,3.550,7175204;
sh600690:18.430,18.610,18.950,18.310,31086322;
sh600699:27.250,27.970,28.340,27.050,65158571;
sh600702:26.050,25.970,26.050,25.550,5941957;
sh600703:22.700,23.250,23.150,22.520,104050277;
sh600704:5.450,5.290,5.460,5.160,71253786;
sh600705:4.290,4.340,4.310,4.270,31026068;
sh600713:4.860,4.880,4.940,4.830,16909699;
sh600717:5.640,5.650,5.640,5.580,8790347;
sh600718:12.710,13.440,13.400,12.710,43531214;
sh600720:11.770,11.840,11.850,11.680,18003776;
sh600723:5.580,5.570,5.630,5.510,6232201;
sh600728:9.000,9.200,9.120,8.960,35142347;
sh600729:26.510,26.550,26.640,26.370,3896242;
sh600733:6.330,6.450,6.560,6.290,23133048;
sh600741:26.870,26.920,26.980,26.550,14487949;
sh600743:2.160,2.180,2.180,2.160,5286283;
sh600745:118.870,121.400,121.370,118.010,16271715;
sh600749:8.680,8.790,8.760,8.500,2025029;
sh600750:13.560,13.350,13.640,13.230,8884926;
sh600754:25.380,26.400,26.070,25.190,7572848;
sh600760:27.370,27.320,27.380,27.000,12225511;
sh600761:9.500,9.670,9.580,9.430,5312157;
sh600763:100.560,100.900,102.200,100.100,2612175;
sh600765:8.950,9.050,9.030,8.920,6070512;
sh600775:8.460,8.750,8.620,8.400,15850243;
sh600776:18.120,18.310,18.380,17.970,17723923;
sh600779:47.960,47.220,47.960,47.130,4299672;
sh600787:4.710,4.750,4.740,4.680,10791812;
sh600789:12.150,13.880,14.090,12.150,260926788;
sh600790:3.180,3.160,3.190,3.130,10547816;
sh600794:3.350,3.400,3.390,3.350,15980400;
sh600795:2.110,2.130,2.110,2.090,67687554;
sh600797:9.100,9.340,9.220,9.020,38186153;
sh600798:3.070,3.120,3.100,3.070,4425852;
sh600801:21.710,22.290,22.030,21.450,30685519;
sh600803:9.940,9.970,10.020,9.880,5340088;
sh600804:6.320,6.950,6.750,6.200,183262051;
sh600805:4.550,4.620,4.600,4.540,4398734;
sh600809:87.400,87.590,87.800,86.320,4807416;
sh600812:8.940,8.980,9.150,8.830,33481997;
sh600814:4.870,4.860,4.870,4.770,2541101;
sh600816:2.990,3.050,3.020,2.950,79476841;
sh600820:5.410,5.420,5.440,5.380,12505960;
sh600823:3.980,4.060,4.020,3.980,10556678;
sh600826:10.150,10.230,10.240,10.140,2098654;
sh600827:7.760,7.770,7.780,7.680,6093167;
sh600835:15.000,15.100,15.020,14.890,5302629;
sh600837:13.810,14.000,13.900,13.740,76153246;
sh600839:2.500,2.610,2.670,2.480,68703276;
sh600845:46.350,50.640,47.960,46.350,19833598;
sh600848:21.160,21.210,21.290,21.070,3765487;
sh600850:26.010,27.050,26.250,25.810,9160677;
sh600859:12.600,12.820,12.780,12.550,3671216;
sh600872:39.320,38.760,39.530,38.560,7719356;
sh600873:4.200,4.240,4.230,4.180,15332082;
sh600875:8.280,8.410,8.480,8.270,13217199;
sh600884:14.900,15.810,15.990,14.820,44488065;
sh600886:8.100,8.160,8.220,8.060,12758994;
sh600887:30.230,30.250,30.470,30.150,36794862;
sh603551:17.010,17.090,17.180,16.880,3254109;
sh600893:20.410,20.560,20.560,20.310,6695877;
sh600895:13.390,13.430,13.450,13.220,10767019;
sh600897:19.700,19.810,19.810,19.580,904170;
sh600900:17.580,17.580,17.590,17.390,15584703;
sh600958:9.430,9.520,9.450,9.330,34829003;
sh600967:10.030,10.060,10.080,10.010,7811757;
sh600970:6.000,6.010,6.020,5.930,14551699;
sh600975:7.340,7.590,7.840,7.300,27670158;
sh600987:5.920,5.970,5.970,5.870,4309299;
sh600993:16.600,16.590,16.670,16.440,4073583;
sh600995:7.180,7.200,7.190,7.120,4255692;
sh600998:16.000,16.210,16.470,16.000,11308086;
sh600999:17.510,17.800,17.660,17.490,22184126;
sh601003:5.000,5.080,5.090,4.970,10689332;
sh601006:7.320,7.350,7.340,7.300,26085247;
sh601007:7.980,7.990,8.020,7.900,1354907;
sh601009:7.850,7.860,7.870,7.790,37685453;
sh601010:3.020,3.040,3.030,3.000,6338502;
sh601012:34.600,33.520,35.400,32.820,92582006;
sh601018:3.360,3.370,3.360,3.320,13727860;
sh601021:38.120,37.630,38.120,37.460,5678442;
sh601038:5.920,6.090,6.200,5.880,16470685;
sh601088:16.610,16.650,16.680,16.530,18456188;
sh601099:3.280,3.350,3.310,3.260,101574113;
sh601107:3.580,3.610,3.580,3.550,5605166;
sh601111:7.980,8.060,8.010,7.890,39116132;
sh601116:12.500,12.980,12.900,12.500,10552849;
sh601117:7.140,7.350,7.160,7.080,38394733;
sh601137:10.380,11.310,10.890,10.370,16635418;
sh601139:7.000,7.090,7.080,6.960,6378427;
sh601158:5.390,5.410,5.410,5.370,2549385;
sh601166:17.740,17.720,17.740,17.560,43134650;
sh601169:5.240,5.260,5.260,5.230,35359823;
sh601186:8.960,9.040,9.020,8.940,34872912;
sh601198:11.520,11.820,11.650,11.500,21279635;
sh601211:16.750,16.920,16.820,16.650,30747345;
sh601216:2.710,2.790,2.760,2.700,37830088;
sh601231:19.000,19.300,19.130,18.730,34116685;
sh601238:10.220,10.320,10.300,10.150,10215104;
sh601288:3.420,3.430,3.430,3.400,123001253;
sh601360:23.010,23.600,23.350,22.890,20227519;
sh601318:81.100,81.200,81.100,80.550,44069402;
sh601328:5.260,5.280,5.280,5.250,42648771;
sh601333:2.640,2.640,2.640,2.620,15143565;
sh601336:45.800,46.000,45.810,45.320,13106929;
sh601377:6.420,6.560,6.490,6.410,51501753;
sh601390:5.230,5.260,5.260,5.200,32622259;
sh601398:5.460,5.460,5.460,5.420,203575182;
sh601519:7.000,7.250,7.080,6.940,60630056;
sh601555:8.500,8.700,8.620,8.480,38517995;
sh601579:8.150,8.120,8.150,8.040,1105875;
sh601588:2.740,2.750,2.750,2.710,22592517;
sh601600:3.060,3.110,3.090,3.050,60641825;
sh601601:33.490,33.400,33.500,33.020,32631961;
sh601607:19.640,19.670,19.850,19.470,26100531;
sh601618:2.480,2.560,2.500,2.470,73914088;
sh601628:30.530,31.140,30.660,30.230,21708552;
sh601633:7.840,7.850,7.860,7.750,10487201;
sh601636:5.170,5.200,5.240,5.100,52002188;
sh601668:5.390,5.400,5.420,5.360,101509418;
sh601669:3.840,3.890,3.870,3.840,22809249;
sh601688:18.160,18.520,18.460,18.100,78437113;
sh601717:6.100,6.200,6.130,6.040,14641620;
sh601718:3.840,3.880,3.930,3.790,68887690;
sh601766:6.210,6.270,6.230,6.180,58739174;
sh601788:11.540,11.680,11.590,11.410,26720310;
sh601800:7.800,7.880,7.840,7.770,30064944;
sh601801:5.170,5.200,5.210,5.150,7239697;
sh601808:17.340,17.500,17.460,17.150,9775623;
sh601857:5.290,5.310,5.300,5.280,54301238;
sh601872:5.560,5.620,5.590,5.470,75002024;
sh601877:26.600,28.500,27.450,26.460,24480380;
sh601880:1.770,1.780,1.770,1.750,23240223;
sh601888:80.000,80.400,80.720,79.500,9092144;
sh601890:5.200,5.270,5.240,5.170,11294243;
sh601899:4.230,4.300,4.310,4.220,168280856;
sh601901:7.630,7.810,7.750,7.630,55758465;
sh601919:4.330,4.350,4.400,4.300,17627692;
sh601928:7.150,7.290,7.230,7.130,12336964;
sh601933:9.140,9.090,9.220,8.940,107371318;
sh601939:6.680,6.690,6.680,6.640,62929680;
sh601965:7.890,7.960,7.890,7.710,8080857;
sh601985:4.590,4.620,4.600,4.580,17488890;
sh601988:3.530,3.540,3.540,3.520,76842759;
sh601989:4.440,4.490,4.470,4.420,57433041;
sh601991:2.140,2.160,2.150,2.130,8504200;
sh601992:3.240,3.260,3.260,3.210,31951681;
sh601998:5.570,5.580,5.570,5.530,14414993;
sh603000:20.730,21.300,21.100,20.610,23812537;
sh603005:86.670,86.880,89.660,81.000,25665522;
sh603008:14.160,13.980,14.160,13.510,6357946;
sh603011:4.460,4.590,4.530,4.460,5022059;
sh603019:45.930,48.200,47.130,45.800,67913411;
sh603026:34.320,35.020,34.970,33.960,8842377;
sh603066:7.970,8.180,8.130,7.780,11701345;
sh603100:8.240,8.350,8.340,8.180,1772143;
sh603118:12.610,12.990,12.850,12.520,30495031;
sh603128:5.520,5.590,5.560,5.500,12653989;
sh603169:4.860,4.960,4.990,4.860,11037855;
sh603198:17.050,17.290,17.300,16.910,4466089;
sh603199:21.880,22.790,21.900,21.580,2488095;
sh603288:106.300,107.080,108.290,106.300,2970254;
sh603306:13.200,13.370,13.480,13.200,699919;
sh603328:11.120,11.460,11.190,11.030,21503736;
sh603338:67.090,67.580,67.500,66.700,1522624;
sh603355:23.520,23.650,23.660,23.260,1337472;
sh603368:35.740,35.590,36.070,35.280,3521726;
sh603369:29.500,29.910,30.150,29.500,8713218;
sh603398:9.190,9.280,9.300,9.100,4184200;
sh603589:45.850,46.170,46.080,45.440,5612144;
sh603598:15.500,16.130,16.260,15.500,26543493;
sh603599:14.820,15.370,15.630,14.820,7041060;
sh603606:11.190,11.370,11.330,11.140,10507314;
sh603636:12.690,13.220,13.240,12.580,36772630;
sh603678:23.280,24.700,23.770,23.200,27603616;
sh603686:12.480,12.430,12.570,12.130,19835278;
sh603696:7.650,7.890,7.820,7.610,2374774;
sh603698:11.370,11.510,11.470,11.330,2546177;
sh603699:12.230,12.170,12.410,12.150,4722213;
sh603718:15.540,15.630,15.890,15.430,5168238;
sh603766:3.450,3.480,3.490,3.420,9826682;
sh603799:49.180,54.780,54.280,48.550,67912842;
sh603806:49.300,53.270,53.270,49.300,5289709;
sh603866:39.560,39.730,40.670,39.450,2727641;
sh603883:74.300,72.170,74.390,71.560,3666193;
sh603885:12.250,12.200,12.260,12.030,11646360;
sh603889:5.290,5.310,5.310,5.240,1790420;
sh603898:15.010,15.000,15.140,14.880,982702;
sh603899:48.500,49.830,49.270,48.390,3678947;
sh603939:88.710,86.210,88.710,84.450,3002014;
sh603993:4.220,4.710,4.670,4.180,461701154;
sh603225:11.100,11.150,11.170,11.060,1973938;
sh603195:125.350,125.350,125.350,125.350,974606;
sh601816:7.510,7.630,7.600,7.400,290343628;
sh600673:9.150,9.020,9.170,8.920,43245081;
sh601916:4.250,4.270,4.250,4.230,47845483;
sh603027:21.370,21.630,21.640,21.280,6159934;
sh603520:49.950,49.780,50.480,48.940,1186506;
sh603868:35.830,35.890,36.300,35.550,638472;
sh603737:93.580,91.890,94.670,91.500,1681796;
sh601611:6.290,6.320,6.340,6.240,9382900;
sh601127:9.430,9.520,9.490,9.380,1745506;
sh601966:22.740,23.050,23.100,22.480,7391336;
sh603322:19.280,18.450,19.280,17.980,6940595;
sh600919:6.560,6.590,6.570,6.530,22508285;
sh601811:12.200,12.180,12.200,12.000,1907099;
sh600977:13.200,13.130,13.200,12.940,11652204;
sh603986:277.230,291.660,285.660,277.000,5994817;
sh603658:118.320,118.090,121.500,116.500,2228944;
sh603189:23.500,24.170,24.010,23.350,8745662;
sh600908:5.010,5.060,5.040,5.000,12773960;
sh603421:15.710,16.140,15.860,15.520,4241332;
sh603777:10.080,10.290,10.170,10.050,2893200;
sh603816:43.260,43.800,43.260,42.230,3820891;
sh603160:306.680,311.500,314.130,305.160,4098772;
sh603258:31.390,31.850,31.880,31.350,7663495;
sh603290:32.520,32.520,32.520,32.520,57538;
sh601229:8.650,8.720,8.680,8.610,18362280;
sh603858:20.950,20.780,21.150,20.620,11768367;
sh603727:19.100,19.990,19.460,19.010,3743593;
sh603900:7.980,8.010,7.980,7.880,1070120;
sh600909:6.520,7.190,6.860,6.480,109417774;
sh603990:41.200,44.760,42.290,41.060,4041160;
sh603708:25.590,25.860,26.610,25.300,3610548;
sh603416:29.000,29.880,29.610,28.680,1994086;
sh600996:8.160,8.320,8.200,8.030,15517005;
sh603298:12.630,12.860,12.770,12.620,2957900;
sh603218:18.980,19.710,19.800,18.980,3999481;
sh603929:13.650,14.650,13.790,13.590,5155562;
sh603186:43.720,45.450,44.460,42.950,4643368;
sh603444:409.800,419.000,423.100,406.010,860291;
sh603228:45.800,46.240,45.800,44.840,7055651;
sh603690:36.570,37.360,37.240,36.200,7808398;
sh603039:85.600,87.060,87.000,84.700,1908790;
sh603337:24.800,23.790,24.810,23.250,5597584;
sh601881:10.270,10.470,10.350,10.190,46210237;
sh603881:47.000,49.060,48.170,46.950,11837977;
sh603208:72.100,72.700,74.200,71.540,841256;
sh600939:4.070,4.110,4.120,4.070,2927739;
sh603501:185.560,188.290,189.250,183.620,4555905;
sh603517:39.080,39.260,39.560,38.710,3698379;
sh603960:35.330,36.140,35.970,35.280,3004928;
sh603630:12.450,12.580,12.570,12.450,2538583;
sh603138:25.100,25.310,25.690,25.000,8438034;
sh603803:12.600,12.750,12.690,12.490,6798169;
sh603232:46.570,49.420,48.870,46.430,3219249;
sh603920:26.300,27.620,26.730,25.770,21805642;
sh603078:38.910,40.700,40.000,38.580,6876990;
sh601200:11.400,11.500,11.550,11.310,10720078;
sh603303:9.050,9.170,9.170,9.050,2346375;
sh603833:109.000,113.850,109.870,107.500,1802745;
sh601228:3.350,3.340,3.350,3.310,6337600;
sh603345:57.530,58.100,58.770,57.510,1487902;
sh601952:6.800,7.340,7.360,6.800,62466689;
sh603383:63.220,65.320,64.470,63.220,1734476;
sh603496:27.400,28.220,27.770,26.860,5088598;
sh603226:15.530,15.510,15.610,15.300,2931581;
sh603980:7.090,7.130,7.120,7.050,2853136;
sh601878:10.070,10.490,10.260,10.030,82126098;
sh603043:26.920,26.890,27.210,26.720,2534949;
sh603801:20.810,20.980,20.970,20.640,3598872;
sh603387:26.150,26.240,26.880,25.880,4746314;
sh603707:50.270,51.190,51.960,50.160,1990509;
sh603825:27.800,28.330,28.580,27.660,7655835;
sh603978:22.490,22.890,22.640,22.200,3182500;
sh603602:22.890,23.300,23.850,22.520,20644276;
sh601326:2.730,2.760,2.760,2.720,5887658;
sh603129:43.080,45.160,43.790,42.670,2783727;
sh601949:6.050,6.080,6.060,5.990,8391054;
sh603127:70.610,71.200,72.200,70.200,2469060;
sh603183:9.230,9.340,9.300,9.210,2379758;
sh603882:56.860,57.670,58.600,56.400,5131962;
sh603277:9.180,9.350,9.360,9.180,1494790;
sh603386:14.330,14.600,14.490,14.310,2800572;
sh603648:8.710,8.780,8.840,8.620,2475000;
sh603321:7.220,7.280,7.260,7.140,1965168;
sh603106:7.270,7.480,7.420,7.260,5829367;
sh603533:16.490,16.580,16.490,16.200,4299483;
sh603363:13.660,14.020,14.090,13.450,8916261;
sh603466:13.470,13.730,13.650,13.410,3760196;
sh601108:10.050,10.270,10.160,10.030,84838682;
sh603607:18.950,19.240,19.140,18.870,1649080;
sh603260:27.750,28.600,28.200,27.200,7471385;
sh603289:8.200,8.280,8.510,8.200,3705683;
sh603912:14.450,15.100,14.540,14.120,7338893;
sh603856:10.080,10.580,10.230,10.070,4992623;
sh600903:12.490,12.610,12.650,12.400,11206838;
sh603083:32.140,35.750,34.000,31.820,16421444;
sh603605:106.720,108.180,109.500,106.590,998092;
sh603619:13.580,13.810,13.730,13.520,8000005;
sh603365:15.400,15.450,15.500,15.260,3465262;
sh603711:23.290,23.150,23.530,22.250,1912038;
sh603848:13.170,14.710,13.270,13.100,7128230;
sh600025:3.890,3.900,3.900,3.870,27706142;
sh603283:40.450,40.250,41.300,39.750,6053822;
sh603329:11.360,11.570,11.550,11.310,2005341;
sh603080:14.370,14.520,14.460,14.100,1121200;
sh601155:34.290,34.270,34.600,34.060,8085660;
sh603180:59.990,60.000,59.990,58.750,1077215;
sh603056:10.650,10.640,10.680,10.450,5857960;
sh601828:10.800,10.940,10.930,10.720,9666680;
sh601838:8.260,8.320,8.300,8.230,12650340;
sh603156:26.130,26.200,26.420,26.080,2073008;
sh600901:5.380,5.390,5.380,5.320,16884859;
sh603214:35.710,37.550,36.150,35.490,2124283;
sh603259:105.810,107.710,110.200,104.880,16041526;
sh603486:24.690,25.080,24.690,24.240,5423799;
sh601138:19.080,19.150,19.110,18.820,54497207;
sh601330:10.070,10.100,10.190,10.000,8705960;
sh601066:32.630,33.200,32.970,32.180,64172948;
sh601869:30.450,30.880,30.780,30.230,3000688;
sh601577:8.200,8.270,8.230,8.180,10432953;
sh601162:5.910,6.070,6.000,5.900,119102127;
sh603220:18.540,19.120,19.230,18.540,6747482;
sh601319:7.010,7.070,7.030,6.950,56028214;
sh603187:34.790,35.040,35.800,34.770,3137720;
sh601860:4.540,4.600,4.560,4.500,33610683;
sh603121:18.150,18.440,18.600,18.150,4426507;
sh603739:25.300,25.300,25.550,25.070,1946900;
sh601598:3.720,3.730,3.740,3.680,19165860;
sh600928:6.420,6.500,6.440,6.370,21190508;
sh603068:91.040,92.500,92.090,90.600,3183855;
sh600968:2.580,2.600,2.600,2.570,38012660;
sh601698:16.700,18.370,18.060,16.700,126792249;
sh603236:211.110,214.600,217.020,208.980,755542;
sh603983:67.300,67.550,68.850,67.050,1961485;
sh603613:84.700,86.930,86.440,84.080,1447132;
sh603267:58.020,62.220,61.690,58.020,10773477;
sh603093:21.810,22.300,22.100,21.700,7532318;
sh603927:68.760,70.210,70.300,68.550,2949109;
sz000006:4.670,4.670,4.670,4.600,8521942;
sz000007:8.080,8.130,8.100,7.930,9180266;
sz000008:3.120,3.140,3.140,3.100,20104021;
sz000009:7.030,7.250,7.410,7.000,133918144;
sz000011:7.990,8.000,8.030,7.860,2847124;
sz000017:4.020,3.950,4.200,3.870,18211405;
sz000023:11.400,11.670,11.620,11.390,2775107;
sz000025:18.780,19.060,19.110,18.780,3292315;
sz000028:49.800,49.040,49.940,48.750,3475863;
sz000036:3.730,3.740,3.730,3.660,11169578;
sz000038:10.100,10.520,10.470,10.090,9661765;
sz000045:7.180,7.230,7.220,7.080,7855109;
sz000050:15.330,15.640,15.440,15.050,29164782;
sz000055:4.190,4.240,4.240,4.150,6328847;
sz000058:6.540,7.190,7.190,6.540,44543080;
sz000059:5.420,5.460,5.460,5.410,9268269;
sz000061:5.440,5.670,5.830,5.440,27400298;
sz000068:3.520,3.650,3.690,3.510,18832822;
sz000078:5.410,5.880,6.170,5.410,306557647;
sz000150:4.160,4.250,4.250,4.160,15449802;
sz000151:8.460,8.550,8.470,8.380,4370981;
sz000155:4.650,4.990,5.130,4.650,38058829;
sz000301:4.880,4.890,4.880,4.820,6439754;
sz000402:6.930,6.950,6.930,6.840,8280030;
sz000415:3.220,3.230,3.220,3.170,20662784;
sz000416:4.600,4.700,4.700,4.590,7838938;
sz000421:4.150,4.180,4.170,4.130,1457507;
sz000430:4.400,4.520,4.460,4.400,3521207;
sz000498:4.170,4.190,4.180,4.140,4444967;
sz000501:10.960,11.050,11.040,10.860,9817980;
sz000503:15.000,15.300,15.380,15.000,11578377;
sz000505:5.390,5.500,5.570,5.290,11124537;
sz000506:2.570,2.590,2.580,2.530,18058796;
sz000507:5.140,5.180,5.170,5.110,7361690;
sz000510:3.950,4.020,3.970,3.900,9986101;
sz000514:3.910,3.910,3.920,3.840,4450593;
sz000517:2.640,2.650,2.650,2.620,8985800;
sz000518:5.830,6.700,6.880,5.830,144299897;
sz000523:7.230,7.210,7.250,7.090,13697725;
sz000525:8.370,8.990,8.930,8.310,21408226;
sz000526:27.230,27.440,27.290,26.920,971452;
sz000529:6.510,6.520,6.530,6.420,6930229;
sz000530:3.750,3.860,3.910,3.600,19425819;
sz000531:6.120,6.180,6.170,6.090,3042918;
sz000532:10.270,10.460,10.380,10.210,6306651;
sz000533:2.500,2.580,2.550,2.490,10230182;
sz000536:2.260,2.240,2.270,2.210,42830553;
sz000537:6.650,6.630,6.650,6.550,9951467;
sz000540:2.750,2.790,2.770,2.720,31872749;
sz000543:4.050,4.160,4.070,4.040,19661744;
sz000544:5.970,6.080,6.130,5.970,3909580;
sz000548:3.720,3.760,3.730,3.680,3844504;
sz000551:7.600,7.680,7.780,7.580,8520358;
sz000557:2.910,2.930,2.930,2.890,4644251;
sz000565:4.580,4.650,4.620,4.550,2458350;
sz000566:8.100,7.810,8.210,7.600,68965375;
sz000573:2.760,2.770,2.780,2.740,4297200;
sz000576:6.470,6.500,6.490,6.390,4681700;
sz000586:10.300,10.300,10.300,10.050,5604502;
sz000589:4.130,4.160,4.160,4.110,9897234;
sz000590:10.310,10.370,10.420,10.190,3999400;
sz000591:3.410,3.690,3.570,3.410,90854287;
sz000592:2.510,2.530,2.550,2.500,19593353;
sz000593:5.220,5.250,5.250,5.180,2988802;
sz000598:4.450,4.480,4.480,4.440,10281490;
sz000599:3.910,3.990,3.970,3.910,4695600;
sz000607:4.620,4.720,4.680,4.590,7097900;
sz000608:4.260,4.440,4.380,4.240,4349797;
sz000610:7.350,7.600,7.510,7.310,9699047;
sz000612:3.750,3.780,3.800,3.730,7172752;
sz000613:5.490,5.510,5.520,5.390,6717074;
sz000615:3.520,3.650,3.570,3.480,10549316;
sz000616:2.200,2.210,2.210,2.180,7213456;
sz000620:3.320,3.360,3.330,3.290,7543257;
sz000622:4.570,4.670,4.710,4.530,13797010;
sz000623:16.520,16.490,16.630,16.350,17622146;
sz000626:7.790,7.870,8.020,7.710,5826416;
sz000628:8.680,8.800,8.840,8.680,2872400;
sz000629:2.340,2.360,2.340,2.290,46614805;
sz000631:2.650,2.650,2.660,2.630,5521812;
sz000637:4.410,4.680,4.800,4.400,18049365;
sz000639:4.150,4.240,4.230,4.120,9119321;
sz000650:7.450,7.430,7.540,7.280,68816196;
sz000652:8.140,8.800,8.650,8.140,391816452;
sz000655:6.310,6.480,6.540,6.310,10211752;
sz000656:6.930,6.930,7.030,6.910,24992878;
sz000657:6.120,6.240,6.180,6.080,8082663;
sz000659:2.310,2.330,2.340,2.290,6272004;
sz000662:3.920,4.030,3.980,3.890,25536846;
sz000663:3.770,3.890,3.850,3.750,3650010;
sz000665:6.000,6.240,6.620,5.940,86004845;
sz000666:10.160,10.140,10.160,10.010,8055242;
sz000667:2.570,2.630,2.610,2.560,26264881;
sz000668:11.750,12.030,12.100,11.750,1174404;
sz000669:2.810,2.870,2.860,2.790,8758287;
sz000672:17.340,17.640,17.670,17.220,17197499;
sz000673:3.890,3.880,3.890,3.810,28973400;
sz000677:3.330,3.330,3.330,3.290,8975025;
sz000680:3.220,3.250,3.290,3.190,12885200;
sz000682:4.640,4.750,4.670,4.620,13875068;
sz000685:7.840,7.900,7.870,7.770,5866206;
sz000686:8.180,8.330,8.220,8.120,29269391;
sz000687:4.890,5.010,5.060,4.820,11107374;
sz000690:5.390,5.390,5.390,5.300,7971799;
sz000691:3.600,3.660,3.670,3.570,1962400;
sz000695:7.170,7.320,7.350,7.140,1114315;
sz000697:8.420,8.600,8.520,8.310,8525109;
sz000700:12.750,13.580,14.380,12.750,169359600;
sz000701:4.360,4.470,4.530,4.310,5703555;
sz000702:5.070,5.160,5.150,5.010,7500780;
sz000703:13.100,13.230,13.190,12.980,9967519;
sz000705:7.410,7.460,7.500,7.360,8761290;
sz000710:39.790,40.920,40.740,39.690,3904552;
sz000711:4.240,4.260,4.240,4.200,9752623;
sz000713:8.520,9.230,9.650,8.510,62949215;
sz000716:3.400,3.530,3.460,3.390,30074063;
sz000718:3.140,3.170,3.170,3.130,11290242;
sz000719:7.680,7.760,7.800,7.600,7407611;
sz000721:3.560,3.630,3.620,3.500,9608617;
sz000722:5.970,6.040,5.990,5.950,2414705;
sz000727:1.730,1.770,1.760,1.730,36242027;
sz000735:9.010,9.120,9.150,9.010,34416357;
sz002324:14.300,14.440,14.450,14.160,8373832;
sz000753:2.650,2.690,2.690,2.650,4003825;
sz000755:3.630,3.650,3.680,3.600,4798160;
sz000756:8.980,9.060,9.170,8.860,14478994;
sz000758:5.130,5.410,5.250,5.050,108904050;
sz000759:6.880,6.860,6.980,6.810,3939326;
sz000762:7.300,7.840,7.810,7.250,21801429;
sz000766:6.920,6.920,7.070,6.840,15740953;
sz000778:3.560,3.580,3.590,3.540,25889280;
sz000779:9.090,9.170,9.170,9.070,850700;
sz000783:6.260,6.380,6.330,6.260,48731138;
sz000789:10.550,10.700,10.700,10.550,17286200;
sz000790:5.210,5.190,5.260,5.110,19248999;
sz000791:3.240,3.280,3.270,3.230,6812499;
sz000793:3.080,3.130,3.130,3.070,29504157;
sz000795:5.150,5.280,5.280,5.110,24752455;
sz000797:3.270,3.270,3.270,3.220,8704498;
sz000798:5.430,5.480,5.540,5.380,1918407;
sz000799:33.170,33.320,33.480,32.800,9698561;
sz000800:9.290,9.420,9.370,9.110,19439632;
sz000802:10.550,10.730,10.730,10.080,20731202;
sz000807:4.500,4.540,4.540,4.450,41400789;
sz000810:13.000,13.500,13.330,12.890,37639134;
sz000812:3.150,3.190,3.170,3.130,15181550;
sz000813:5.960,5.990,6.130,5.950,21079146;
sz000815:7.230,7.760,7.580,7.090,35183458;
sz000825:3.520,3.550,3.530,3.470,25260496;
sz000828:7.450,7.460,7.450,7.380,1896060;
sz000829:5.540,5.610,5.650,5.520,8789109;
sz000830:9.400,9.450,9.500,9.340,20353647;
sz000831:10.530,10.850,10.900,10.450,24864279;
sz000836:3.230,3.300,3.270,3.220,18728732;
sz000839:3.180,3.280,3.230,3.170,45928530;
sz000851:5.330,5.500,5.390,5.310,20205863;
sz000856:9.080,9.190,9.180,9.070,4339214;
sz000859:5.040,5.070,5.300,5.000,42418658;
sz000863:4.040,4.070,4.080,4.010,3360552;
sz000877:10.250,10.250,10.250,10.070,18228834;
sz000878:11.240,11.430,11.440,11.100,23568553;
sz000880:7.190,7.200,7.210,7.090,687179;
sz000881:6.790,6.860,6.890,6.730,7261029;
sz000886:4.120,4.130,4.130,4.060,14223284;
sz000889:8.440,8.570,8.520,8.280,4642900;
sz000890:4.660,4.750,4.860,4.600,28407323;
sz000900:4.160,4.150,4.160,4.100,10429232;
sz000901:11.180,11.490,11.340,11.070,13433383;
sz000903:2.620,2.630,2.690,2.610,10774824;
sz000905:6.420,6.470,6.470,6.400,3464819;
sz000908:3.540,3.550,3.620,3.490,13882220;
sz000909:7.800,7.920,7.910,7.610,6754900;
sz000912:4.260,4.300,4.310,4.240,5410380;
sz000913:10.170,10.420,10.280,10.080,6509700;
sz000915:24.840,24.830,24.960,24.450,4147210;
sz000917:6.320,6.460,6.460,6.290,23716226;
sz000929:6.280,6.340,6.330,6.260,1287104;
sz000930:7.700,7.780,7.840,7.610,37811615;
sz000931:8.800,9.030,9.060,8.760,15263177;
sz000935:13.320,13.480,13.570,13.240,7380428;
sz000948:10.010,10.230,10.100,10.000,4603444;
sz000949:3.900,3.960,4.010,3.820,49146693;
sz000950:6.060,6.090,6.160,6.020,21021599;
sz000952:10.370,10.330,10.440,10.250,5916817;
sz000959:3.280,3.260,3.290,3.210,11191219;
sz000975:11.850,11.960,11.940,11.770,16670642;
sz000976:4.830,4.840,4.870,4.790,13998220;
sz000990:12.600,12.520,12.610,12.360,6003615;
sz000996:8.770,8.860,8.820,8.670,6865158;
sz001696:5.310,5.360,5.400,5.290,9107617;
sz001896:3.180,3.220,3.200,3.160,7776000;
sz002004:5.060,5.090,5.120,5.020,21215708;
sz002009:8.150,8.950,8.710,8.130,20958973;
sz002012:5.520,5.710,5.650,5.510,30217105;
sz002016:7.360,7.400,7.390,7.330,3993293;
sz002017:12.810,13.230,13.040,12.750,18105199;
sz002022:15.090,15.050,15.320,14.810,24928361;
sz002023:11.200,11.590,11.530,11.170,31492564;
sz002028:13.440,13.760,13.660,13.420,13144382;
sz002034:13.660,13.960,13.830,13.580,2296459;
sz002037:6.200,6.260,6.220,6.170,2996180;
sz002045:12.000,12.400,12.340,11.890,43498705;
sz002052:2.880,2.970,3.000,2.840,19110217;
sz002053:6.610,6.690,6.680,6.570,2305919;
sz002054:6.660,6.760,6.740,6.620,8348308;
sz002057:7.330,7.530,7.530,7.280,19468929;
sz002058:20.800,21.510,21.290,20.520,1454627;
sz002061:5.030,5.090,5.070,5.030,5626450;
sz002064:6.550,6.590,6.630,6.480,18803401;
sz002066:6.860,6.990,6.880,6.810,2241887;
sz002073:4.170,4.230,4.200,4.150,11611481;
sz002076:2.240,2.390,2.410,2.240,47392026;
sz002077:6.030,6.580,6.170,5.950,45749637;
sz002079:12.100,12.680,12.350,12.010,86871191;
sz002082:10.200,10.160,10.300,10.000,5995498;
sz002083:6.360,6.350,6.400,6.220,15990700;
sz002084:5.690,5.700,5.790,5.610,4013757;
sz002093:7.610,7.780,7.650,7.510,10885471;
sz002098:6.470,6.640,6.730,6.440,13870909;
sz002103:4.520,4.590,4.580,4.490,15501427;
sz002104:6.830,6.940,6.910,6.780,14621682;
sz002107:11.130,11.090,11.350,10.930,5845344;
sz002108:3.470,3.820,3.820,3.440,64847745;
sz002109:3.100,3.110,3.100,3.050,5455180;
sz002112:6.000,6.080,6.040,5.980,2503405;
sz002114:6.700,6.880,6.820,6.700,3878403;
sz002118:6.170,6.230,6.350,6.150,34642073;
sz002119:14.500,15.260,14.740,14.450,48829946;
sz002123:18.550,19.040,18.850,18.310,24100161;
sz002124:9.570,9.610,9.770,9.520,28594593;
sz002127:10.090,10.250,10.370,10.110,26857361;
sz002130:4.590,4.740,4.700,4.580,20281583;
sz002133:2.910,2.950,2.940,2.900,3617801;
sz002134:9.130,9.400,9.260,9.000,12698848;
sz002136:6.890,7.080,6.960,6.850,2470286;
sz002137:8.180,8.430,8.310,8.150,24462431;
sz002145:3.960,4.050,4.000,3.940,16915606;
sz002146:8.360,8.340,8.390,8.280,24431650;
sz002148:4.850,4.920,4.870,4.700,7891658;
sz002149:6.730,6.930,6.890,6.730,7159083;
sz002150:5.850,5.910,5.900,5.840,4137488;
sz002155:7.460,7.570,7.550,7.450,18365838;
sz002159:10.240,11.120,10.240,10.070,5327634;
sz002161:10.660,11.700,11.180,10.560,78106606;
sz002162:3.410,3.410,3.460,3.360,8294590;
sz002166:9.780,9.840,9.930,9.060,32123864;
sz002167:5.670,5.840,5.810,5.640,8504846;
sz002168:7.180,7.790,7.260,7.120,15176228;
sz002170:3.550,3.730,3.790,3.550,42908855;
sz002172:3.560,3.590,3.620,3.530,11460503;
sz002173:5.530,5.560,5.660,5.490,3261684;
sz002174:30.300,30.910,31.280,29.830,24546305;
sz002176:2.970,3.120,3.170,2.930,100516226;
sz002177:4.920,5.010,4.940,4.890,23623836;
sz002178:3.580,3.730,3.620,3.560,10110509;
sz002182:9.900,10.250,10.030,10.140,35562794;
sz002183:3.800,3.840,3.810,3.750,16813288;
sz002184:10.180,10.390,10.270,10.140,3968324;
sz002186:9.020,9.170,9.090,8.950,4253021;
sz002192:18.830,20.740,20.660,18.510,17241469;
sz002196:5.120,5.280,5.220,5.100,7540228;
sz002197:8.170,8.450,8.270,8.120,19146184;
sz002199:8.460,8.650,8.530,8.390,9946849;
sz002201:18.750,18.850,19.490,18.350,26369932;
sz002208:5.900,5.960,5.990,5.850,5257123;
sz002211:5.520,5.610,5.540,5.470,5779600;
sz002212:24.500,25.120,24.650,24.030,13655596;
sz002213:12.020,11.880,12.080,11.720,1797427;
sz002218:3.170,3.360,3.360,3.170,76581876;
sz002219:2.710,2.740,2.840,2.680,53274660;
sz002221:9.380,9.500,9.550,9.300,50239650;
sz002224:7.230,7.490,7.300,7.140,49811596;
sz002225:3.800,3.820,3.810,3.760,3085881;
sz002226:4.810,4.850,4.810,4.750,10400707;
sz002227:10.930,11.130,11.280,10.770,2843475;
sz002228:3.640,3.670,3.660,3.620,6447500;
sz002229:7.650,8.320,8.090,7.570,40989532;
sz002231:6.600,6.740,6.670,6.550,5015660;
sz002232:8.620,8.750,8.640,8.510,5464137;
sz002234:26.250,26.530,27.170,26.250,12843806;
sz002235:10.230,10.680,10.530,10.200,91329798;
sz002239:3.200,3.330,3.200,2.850,602828923;
sz002240:8.440,8.980,9.150,8.390,19454638;
sz002243:13.410,13.700,13.950,13.410,7528671;
sz002245:4.820,4.990,4.990,4.680,21331525;
sz002246:8.650,8.730,8.840,8.580,15441021;
sz002247:2.480,2.520,2.530,2.460,11124750;
sz002248:7.060,7.140,7.210,7.060,2112121;
sz002250:16.710,16.740,16.820,16.550,5703531;
sz002256:2.160,2.220,2.210,2.150,18431500;
sz002261:11.580,12.790,12.040,11.520,149977022;
sz002262:11.470,11.530,11.660,11.470,9317656;
sz002264:4.390,4.400,4.390,4.310,5916100;
sz002265:7.800,8.020,7.870,7.760,3157143;
sz002266:4.050,4.050,4.060,4.000,11822372;
sz002267:6.320,6.330,6.320,6.280,3780757;
sz002270:4.200,4.260,4.240,4.190,7417112;
sz002975:80.230,80.230,80.230,80.230,176953;
sz002278:5.920,5.950,5.980,5.900,2653678;
sz002280:3.100,3.190,3.190,3.060,122781122;
sz002282:7.270,7.300,7.320,7.210,1189273;
sz002286:6.460,6.530,6.570,6.380,5363465;
sz002288:4.570,4.800,4.650,4.500,31815060;
sz002291:27.090,28.300,28.030,26.320,44613673;
sz002292:8.910,9.230,9.240,8.910,13258426;
sz002295:6.690,6.740,6.700,6.610,1598460;
sz002296:7.570,7.760,7.710,7.520,14764947;
sz002297:5.450,5.510,5.470,5.400,4336724;
sz002298:8.790,9.270,8.910,8.730,35587859;
sz002303:4.790,4.870,4.870,4.770,16367950;
sz002308:5.530,5.720,5.640,5.450,54288512;
sz002309:5.760,5.930,5.920,5.760,8828011;
sz002310:4.670,4.690,4.670,4.610,18990835;
sz002312:5.200,5.110,5.270,4.990,59495699;
sz002313:17.210,17.820,17.450,17.200,4760308;
sz002314:2.760,2.770,2.760,2.740,5151376;
sz002316:7.620,7.860,7.730,7.490,22766157;
sz002317:14.000,13.860,14.240,13.700,22925039;
sz002318:8.390,8.470,8.460,8.330,16124038;
sz002319:7.710,7.740,7.900,7.610,2181102;
sz002320:13.740,13.920,13.920,13.640,13688878;
sz002326:13.570,14.670,14.500,13.570,198732048;
sz002329:4.500,4.660,4.550,4.450,8404491;
sz002330:6.680,6.700,6.750,6.630,6164500;
sz002332:10.590,10.780,10.930,10.510,22776289;
sz002334:3.950,4.060,3.960,3.910,7869702;
sz002335:19.900,21.010,20.660,19.700,17934857;
sz002338:12.810,13.370,12.860,12.650,5969929;
sz002339:6.040,6.110,6.180,6.010,3103831;
sz002341:7.100,7.150,7.280,6.980,72234481;
sz002342:2.880,2.900,2.900,2.860,5949672;
sz002345:3.700,3.720,3.710,3.670,9499620;
sz002346:10.690,10.920,10.940,10.690,3035366;
sz002347:4.110,4.140,4.150,4.060,4119441;
sz002348:3.430,3.540,3.580,3.430,48461956;
sz002349:5.800,5.810,6.000,5.690,22314385;
sz002350:5.460,5.920,5.880,5.450,15545345;
sz002354:2.630,2.760,2.770,2.630,24845070;
sz002358:5.710,5.880,5.820,5.710,10246060;
sz002360:5.020,5.110,5.060,5.010,3167244;
sz002361:4.130,4.210,4.140,4.090,8984730;
sz002362:18.910,19.350,19.070,18.430,16354362;
sz002363:5.910,6.290,6.000,5.840,10826698;
sz002364:10.800,10.850,10.930,10.680,8128839;
sz002366:5.920,6.040,6.030,5.890,11411400;
sz002369:8.980,9.200,9.070,8.900,26895741;
sz002370:7.900,7.780,8.100,7.670,33417417;
sz002378:4.610,4.830,4.740,4.600,15693040;
sz002379:4.150,4.190,4.190,4.080,27288923;
sz002380:12.730,13.300,13.150,12.730,2960767;
sz002381:7.980,8.060,8.030,7.950,4844800;
sz002385:6.200,7.070,7.070,6.190,508601626;
sz002387:13.480,13.690,13.790,13.420,15162754;
sz002389:12.040,12.550,12.130,11.830,26631476;
sz002390:5.650,5.690,5.800,5.650,31285798;
sz002391:8.600,9.100,9.270,8.600,27915898;
sz002392:3.550,3.550,3.550,3.490,7583819;
sz002395:25.810,25.930,26.150,25.500,807536;
sz002397:4.360,4.440,4.430,4.340,5530981;
sz002399:25.580,25.550,25.910,25.200,5906424;
sz002400:2.910,2.940,2.930,2.880,33472104;
sz002401:10.540,10.690,10.610,10.450,3174532;
sz002402:14.160,15.550,14.490,14.050,114744572;
sz002403:8.380,8.420,8.380,8.220,1694446;
sz002406:5.280,5.320,5.300,5.250,3658917;
sz002407:11.570,12.030,12.220,11.500,31112346;
sz002408:6.400,6.530,6.510,6.400,8741782;
sz002409:35.000,35.730,35.230,33.800,13619857;
sz002410:42.040,43.520,42.600,41.620,9513778;
sz002411:13.590,13.710,13.930,13.410,59830028;
sz002412:8.520,8.550,8.620,8.420,4992920;
sz002413:5.470,5.700,5.580,5.430,27108652;
sz002416:6.590,6.720,6.650,6.510,18163341;
sz002417:6.900,7.050,7.070,6.830,18049339;
sz002418:2.340,2.400,2.390,2.340,19095736;
sz002426:1.800,1.840,1.830,1.790,69517260;
sz002429:4.230,4.420,4.450,4.220,147274336;
sz002430:13.640,13.740,13.650,13.320,14080904;
sz002431:2.560,2.600,2.580,2.540,10845559;
sz002433:4.730,4.820,4.840,4.730,11000653;
sz002437:2.850,2.880,2.920,2.830,30229291;
sz002438:7.430,7.490,7.480,7.400,3478694;
sz002446:7.510,7.710,7.650,7.510,39849618;
sz002448:5.040,5.030,5.040,4.970,5512255;
sz002451:8.320,8.380,8.330,8.180,6843078;
sz002452:4.580,4.580,4.590,4.520,4761034;
sz002453:4.960,5.100,5.090,4.900,13407204;
sz002454:5.420,5.550,5.430,5.340,19012497;
sz002457:7.280,7.340,7.330,7.230,5079300;
sz002459:17.630,16.800,18.250,16.600,30820700;
sz002464:5.750,5.840,5.820,5.710,11787542;
sz002466:27.890,30.720,30.720,27.680,71724446;
sz002467:8.200,8.500,8.550,7.930,297941777;
sz002469:3.890,4.000,4.070,3.830,5921142;
sz002471:2.040,2.060,2.090,2.030,9532060;
sz002472:5.150,5.170,5.160,5.100,3167802;
sz002474:8.150,8.330,8.250,8.100,10916850;
sz002476:5.540,5.600,5.580,5.480,10193616;
sz002478:5.530,5.610,5.570,5.500,5578572;
sz002480:3.430,3.460,3.480,3.360,3498400;
sz002481:8.020,8.680,8.540,7.950,86800790;
sz002483:5.000,5.220,5.290,5.000,56680636;
sz002486:3.370,3.390,3.470,3.260,59288462;
sz002489:4.130,4.170,4.170,4.100,14904204;
sz002490:3.200,3.270,3.270,3.190,2343400;
sz002491:5.440,5.550,5.520,5.400,23124099;
sz002492:5.150,5.190,5.260,5.150,8865100;
sz002493:10.660,10.770,10.910,10.610,8677218;
sz002495:2.590,2.620,2.620,2.580,3549496;
sz002496:2.400,2.530,2.590,2.360,33843955;
sz002497:10.240,11.390,11.520,10.150,90396619;
sz002498:3.250,3.000,3.300,2.980,112834286;
sz002502:2.670,2.720,2.700,2.660,9392200;
sz002503:2.240,2.320,2.320,2.180,55985407;
sz002504:2.620,2.670,2.720,2.600,9301496;
sz002505:1.680,1.710,1.740,1.660,63360075;
sz002506:5.590,5.820,5.850,5.550,119532456;
sz002967:38.860,39.500,39.580,38.280,5710613;
sz002512:5.850,6.130,5.920,5.760,44907928;
sz002513:5.930,5.960,6.040,5.830,7394470;
sz002514:4.990,5.100,5.000,4.930,8724131;
sz002515:4.810,4.950,5.070,4.800,31014506;
sz002517:2.740,2.850,2.860,2.730,77847900;
sz002519:3.830,3.910,3.890,3.790,12923753;
sz002520:7.100,7.090,7.160,7.040,2395228;
sz002523:2.570,2.610,2.580,2.530,9864920;
sz002524:9.070,9.140,9.110,8.910,19220820;
sz002526:2.050,2.090,2.080,2.030,34841178;
sz002527:5.230,5.210,5.250,5.160,9906318;
sz002528:4.900,5.000,5.030,4.880,18113943;
sz002530:14.400,15.770,15.240,14.350,32236112;
sz002532:5.740,5.850,5.790,5.660,3377308;
sz002538:4.420,4.500,4.510,4.410,7222702;
sz002540:4.740,4.800,4.820,4.510,24818822;
sz002541:11.800,11.930,11.840,11.450,10838540;
sz002544:14.570,16.270,15.640,14.570,34090459;
sz002545:5.910,5.960,5.930,5.860,5467407;
sz002548:7.850,8.090,8.320,7.800,13682407;
sz002550:4.470,4.490,4.540,4.460,6733856;
sz002551:7.120,7.170,7.420,6.900,72910971;
sz002552:21.010,21.180,21.370,20.700,14174100;
sz002553:4.910,5.160,5.050,4.890,5171329;
sz002554:2.770,2.820,2.800,2.760,11451437;
sz002562:4.550,4.550,4.600,4.480,13281100;
sz002564:4.130,4.190,4.160,4.120,6090301;
sz002575:6.280,6.280,6.350,6.230,3808800;
sz002576:8.750,8.940,8.890,8.730,1789217;
sz002577:10.900,11.070,11.030,10.740,6860388;
sz002581:9.240,9.340,9.560,9.020,29899690;
sz002584:6.300,6.380,6.500,6.250,29869995;
sz002585:4.160,4.260,4.240,4.140,12488580;
sz002587:7.170,7.330,7.240,7.140,14746460;
sz002591:9.010,9.210,9.340,9.010,10139980;
sz002592:11.580,11.670,11.750,11.300,3885400;
sz002596:6.550,6.590,6.630,6.440,33014025;
sz002605:39.480,39.290,39.650,37.800,14673430;
sz002610:1.410,1.530,1.530,1.410,273981710;
sz002615:4.860,4.960,4.920,4.860,1664925;
sz002616:8.450,8.380,8.500,8.300,3704296;
sz002617:5.000,5.080,5.070,4.970,33557219;
sz002618:11.350,11.580,11.490,11.260,7316297;
sz002619:2.810,2.880,2.870,2.790,31637721;
sz002622:3.310,3.350,3.330,3.270,14604970;
sz002623:39.500,39.510,39.510,39.030,3130191;
sz002624:51.860,51.970,53.380,51.580,26091543;
sz002625:7.730,7.820,7.860,7.700,11677449;
sz002627:8.120,8.340,8.200,8.050,5310684;
sz002630:2.150,2.190,2.160,2.110,26363950;
sz002631:7.550,7.760,7.670,7.480,8405271;
sz002634:5.130,5.180,5.200,5.120,7613800;
sz002636:8.140,8.130,8.190,8.000,13431009;
sz002637:11.150,11.350,11.380,10.940,11849178;
sz002638:3.500,3.410,3.640,3.310,93596792;
sz002639:8.460,8.700,8.860,8.460,66521182;
sz002641:5.800,5.940,5.980,5.800,21546465;
sz002644:8.110,8.160,8.290,8.040,6856750;
sz002650:3.300,3.330,3.320,3.290,8448012;
sz002651:4.240,4.290,4.260,4.200,3407155;
sz002652:3.440,3.490,3.500,3.430,2932307;
sz002653:23.530,23.910,23.910,23.330,4982805;
sz002654:4.630,4.710,4.680,4.580,13219766;
sz002656:2.350,2.380,2.380,2.310,28632368;
sz002658:6.430,6.490,6.490,6.420,1192007;
sz002659:6.360,6.660,6.480,6.320,14893978;
sz002660:8.150,8.360,8.250,8.100,7651870;
sz002662:2.300,2.340,2.380,2.280,11990243;
sz002663:2.320,2.340,2.340,2.310,12394731;
sz002664:14.730,15.230,15.000,14.620,8797601;
sz002665:2.970,3.000,3.040,2.960,35520681;
sz002669:13.180,13.260,13.240,12.970,5644335;
sz002670:10.300,10.480,10.390,10.220,16980647;
sz002674:9.460,9.500,9.480,9.400,970242;
sz002676:2.890,2.880,2.910,2.860,6919258;
sz002678:7.490,7.520,7.510,7.410,734303;
sz002679:16.300,16.960,16.600,16.050,2675193;
sz002685:5.500,5.780,5.580,5.410,10601010;
sz002688:7.230,7.250,7.410,7.140,16010042;
sz002689:3.000,3.070,3.040,3.000,5884647;
sz002693:5.480,5.540,5.740,5.430,14498122;
sz002695:14.300,14.360,14.550,14.190,9300187;
sz002698:9.930,9.980,9.980,9.860,7089431;
sz002700:6.300,6.340,6.370,6.300,2379720;
sz002702:4.040,4.050,4.080,4.000,7992798;
sz002703:4.340,4.380,4.400,4.290,4985546;
sz002708:6.980,7.220,7.010,6.800,17033336;
sz002709:29.280,31.000,31.450,29.280,16854525;
sz002712:6.410,6.500,6.430,6.370,6150640;
sz002713:5.880,5.900,5.930,5.800,1756796;
sz002715:21.130,20.900,21.290,20.770,1338949;
sz002717:5.680,5.670,5.710,5.600,31361382;
sz002719:9.000,9.090,9.290,8.910,1857661;
sz002721:4.710,4.740,4.760,4.660,7624400;
sz002722:13.180,13.250,13.180,13.010,1789320;
sz002723:8.410,8.600,8.620,8.410,1913432;
sz002724:6.650,6.760,6.740,6.600,4847851;
sz002725:9.750,9.920,9.870,9.610,11115857;
sz002728:16.620,16.710,16.790,16.480,1008541;
sz002729:44.900,44.500,44.900,44.210,344100;
sz002730:7.500,7.750,7.630,7.470,2692352;
sz002732:19.440,19.650,19.650,19.440,1276800;
sz002734:13.500,13.760,13.970,13.500,5649123;
sz002735:16.830,16.860,16.920,16.720,912611;
sz002736:11.470,11.630,11.550,11.440,18479724;
sz002737:15.900,15.830,16.190,15.730,12156044;
sz002738:15.670,16.610,16.280,15.520,6288573;
sz002742:5.780,6.080,6.060,5.780,9323270;
sz002748:6.750,6.750,6.930,6.660,2017100;
sz002750:11.830,12.000,12.030,11.800,7751988;
sz002751:23.720,24.040,24.180,23.610,6612925;
sz002753:6.800,6.850,6.930,6.650,1237656;
sz002755:15.520,15.670,15.790,15.390,2810122;
sz002756:22.020,22.720,23.050,21.810,8398025;
sz002758:10.230,10.350,10.410,10.200,2373171;
sz002759:7.920,8.420,8.080,7.890,10416643;
sz002760:17.210,17.380,17.370,17.110,645936;
sz002761:9.170,9.200,9.190,9.070,7392278;
sz002763:7.950,8.000,8.020,7.950,1175547;
sz002765:4.250,4.370,4.390,4.250,3592721;
sz002767:12.230,12.300,12.330,12.060,514352;
sz002769:7.500,7.600,7.580,7.450,2946013;
sz002770:2.100,2.150,2.160,2.100,14004974;
sz002771:13.020,13.330,13.490,12.900,13985264;
sz002772:6.760,6.860,6.980,6.730,4958821;
sz002778:19.250,19.650,19.490,19.050,1164076;
sz002780:18.830,18.220,18.830,18.030,3917180;
sz002781:15.780,16.590,16.050,15.780,3284901;
sz002782:9.690,9.890,9.830,9.670,2494408;
sz002783:10.720,11.270,11.490,10.700,29935206;
sz002785:13.400,13.300,13.450,13.110,1739345;
sz002786:8.080,7.880,8.380,7.720,17847210;
sz002787:7.250,7.240,7.250,7.130,2178895;
sz002790:5.960,5.970,6.060,5.960,1982120;
sz002789:13.670,13.890,14.190,13.670,1911480;
sz002792:24.730,25.060,24.840,24.430,8419306;
sz002791:46.860,47.280,47.450,45.230,3055936;
sz002793:14.500,14.970,15.290,14.360,19157435;
sz002795:13.410,13.790,13.590,13.230,3148600;
sz002796:34.450,34.900,34.670,34.150,5030335;
sz002797:7.050,7.220,7.130,7.030,110791214;
sz002800:23.600,23.900,24.000,23.300,2349864;
sz002799:18.480,18.270,18.480,17.910,2692349;
sz002801:35.160,35.600,35.570,35.160,1090700;
sz002802:19.060,19.280,19.480,18.870,1439304;
sz002805:13.030,13.450,13.660,12.980,8954389;
sz002803:37.990,38.150,38.350,37.310,3068020;
sz002806:12.330,12.660,12.500,12.330,1880602;
sz002808:8.690,8.810,8.800,8.590,5773026;
sz002809:15.770,15.790,15.830,15.580,1418326;
sz002810:18.600,19.020,19.030,18.600,3484464;
sz002602:14.160,15.090,14.890,14.160,70331709;
sz002807:4.200,4.250,4.210,4.170,14645287;
sz002811:13.240,13.470,13.380,13.240,994047;
sz002813:22.060,22.270,22.290,22.010,1051662;
sz002816:21.060,21.630,21.470,21.030,834500;
sz002817:22.640,23.390,23.210,22.600,2760938;
sz002819:23.980,24.240,23.990,23.570,3388270;
sz002820:10.350,10.420,10.420,10.260,1360260;
sz002823:11.290,11.950,11.580,11.030,11745789;
sz002825:11.700,11.860,11.830,11.690,748534;
sz002822:10.200,10.380,10.450,10.050,29352429;
sz002828:9.620,9.960,9.690,9.550,8032075;
sz002826:10.850,10.820,10.920,10.590,3035800;
sz002827:9.010,9.100,9.080,8.980,1287306;
sz002829:23.500,26.180,24.670,23.380,10701220;
sz002830:11.480,11.680,11.600,11.450,1495764;
sz002831:28.340,27.840,28.340,27.490,3380542;
sz002835:11.120,11.290,11.220,11.080,4062400;
sz002833:40.070,40.520,40.990,39.700,1737900;
sz002836:10.260,10.490,10.590,10.250,796883;
sz002837:27.280,28.430,27.650,26.660,11888417;
sz002838:22.200,22.130,22.500,20.120,64704192;
sz002824:9.680,9.760,9.800,9.470,1371133;
sz002842:10.710,10.950,10.910,10.510,7470224;
sz002843:7.210,7.560,7.960,7.180,4598794;
sz002839:5.250,5.330,5.270,5.200,21590320;
sz002845:17.700,17.810,17.710,17.390,3488000;
sz002846:21.290,22.550,21.690,21.010,3789513;
sz002848:11.430,11.620,11.610,11.400,4463625;
sz002849:12.280,12.460,12.430,12.200,994950;
sz002868:16.360,16.480,16.550,16.300,623100;
sz002774:6.490,6.560,6.540,6.460,1609900;
sz002840:14.580,14.480,14.600,14.430,1208750;
sz002858:12.900,13.100,12.990,12.670,1743276;
sz002850:61.020,63.000,63.850,60.870,3977574;
sz002857:10.940,11.290,11.140,10.920,720720;
sz002855:12.560,12.710,12.590,12.360,6239796;
sz002856:16.650,16.600,16.710,16.400,1527076;
sz002853:16.260,16.220,16.370,16.100,1220850;
sz002863:4.900,4.930,4.910,4.850,2636930;
sz002865:13.040,13.170,13.120,12.920,1562100;
sz002866:15.760,17.100,16.710,15.550,12998964;
sz002861:28.270,28.840,28.780,27.860,1540610;
sz002860:22.320,22.840,23.240,22.320,3702150;
sz002862:20.400,20.480,20.630,20.210,681900;
sz002859:39.400,41.590,39.450,38.920,5163700;
sz001979:17.170,17.240,17.260,17.050,9235674;
sz002871:17.800,17.950,17.970,17.680,964657;
sz002870:20.060,20.520,20.480,19.880,2101170;
sz002872:5.050,5.070,5.110,5.010,3007900;
sz002873:17.000,17.130,17.250,16.810,2006934;
sz002876:52.070,52.350,52.790,51.550,2018471;
sz002875:13.520,13.730,13.880,13.520,1411950;
sz002877:7.460,7.630,7.570,7.420,3548184;
sz002878:36.680,37.420,38.360,36.560,4506957;
sz002880:62.300,62.630,63.840,62.300,1452601;
sz002883:18.380,18.810,18.380,18.150,1174100;
sz002881:23.010,23.540,23.500,23.010,3459290;
sz002886:21.890,22.340,22.230,21.850,2918868;
sz002885:15.090,15.650,15.450,14.940,5289211;
sz002879:15.250,15.700,15.540,15.160,2418208;
sz002882:9.360,9.490,9.470,9.360,1195927;
sz002889:23.150,23.320,23.280,23.010,1396200;
sz002887:14.280,14.530,14.540,14.280,861010;
sz002890:26.750,27.700,27.610,26.500,670139;
sz002892:24.750,25.000,25.300,24.510,3019930;
sz002891:22.840,23.120,23.170,22.720,2019318;
sz002895:10.950,11.160,11.180,10.950,3439000;
sz002896:21.540,22.020,21.970,21.510,770610;
sz002897:27.350,27.900,27.450,26.230,13458154;
sz002898:13.770,13.800,13.890,13.640,887695;
sz002893:10.430,10.560,10.590,10.430,2004630;
sz002906:12.500,12.620,12.570,12.250,4780700;
sz002903:12.610,12.700,12.690,12.380,3015350;
sz002905:13.540,13.570,13.580,13.350,5170400;
sz002907:18.960,18.580,19.160,18.510,5555000;
sz002909:10.850,10.950,10.940,10.730,2834020;
sz002910:10.030,10.170,10.270,10.030,1877280;
sz002864:29.000,29.180,29.300,28.800,2117500;
sz002912:161.640,169.870,166.700,160.160,2104332;
sz002911:14.380,14.360,14.500,14.210,1048100;
sz002915:22.060,22.560,22.590,22.060,1802700;
sz002917:14.200,14.400,14.390,14.060,2613907;
sz002919:13.780,13.870,13.920,13.630,1727200;
sz002920:34.170,34.630,34.510,33.740,3917560;
sz002921:16.500,17.000,16.790,16.500,730689;
sz002922:13.200,13.450,13.500,13.150,2190205;
sz002923:17.470,17.480,17.650,17.330,2124720;
sz002927:16.830,17.020,17.320,16.830,2632402;
sz002929:26.890,27.390,28.600,26.580,9329342;
sz002930:12.860,12.960,12.860,12.700,4336363;
sz002931:24.570,24.840,24.770,24.400,1322786;
sz002932:39.870,39.690,40.300,39.180,1486100;
sz002935:29.890,30.940,30.770,29.790,5223847;
sz002936:4.100,4.140,4.120,4.090,15594201;
sz002937:15.220,15.280,15.470,15.070,5238460;
sz002940:36.890,36.500,37.280,36.300,1459443;
sz002939:12.130,12.390,12.290,12.090,45143979;
sz002941:14.660,14.970,15.000,14.550,11093934;
sz002943:21.100,22.090,22.570,20.900,2942463;
sz002942:25.050,26.000,26.060,25.040,1914200;
sz002952:31.050,32.610,33.650,30.500,4835131;
sz002948:5.280,5.340,5.310,5.230,17340012;
sz002945:13.100,13.370,13.180,13.010,24593560;
sz002949:18.000,18.170,18.110,17.890,1707514;
sz002958:5.410,5.440,5.430,5.350,19811318;
sz002955:77.500,83.600,82.880,77.000,14030186;
sz002956:46.020,46.500,46.490,46.020,617356;
sz002957:30.870,32.690,31.750,30.720,8445525;
sz002960:24.000,24.120,24.130,23.760,1802515;
